accX,accY,accZ,gyroX,gyroY,gyroZ
0.31,-4.64,1.4,-0.0,0.05,0.01
0.31,-4.64,1.44,-0.0,0.05,0.01
0.19,-4.69,1.42,0.0,0.05,0.01
0.23,-4.69,1.32,0.01,0.05,0.01
0.11,-4.56,1.32,0.01,0.05,0.01
0.15,-4.64,1.26,0.01,0.05,0.01
0.17,-4.69,1.4,0.01,0.06,0.02
0.08,-4.64,1.36,0.01,0.06,0.02
0.13,-4.64,1.34,0.01,0.06,0.03
0.08,-4.6,1.36,0.01,0.07,0.03
0.02,-4.64,1.38,0.01,0.07,0.03
0.02,-4.58,1.36,0.02,0.07,0.04
0.02,-4.6,1.38,0.02,0.07,0.04
0.04,-4.6,1.49,0.02,0.07,0.04
0.1,-4.67,1.4,0.02,0.07,0.04
0.08,-4.62,1.42,0.02,0.07,0.04
0.11,-4.62,1.4,0.01,0.06,0.04
0.1,-4.71,1.47,0.01,0.06,0.04
0.08,-4.67,1.49,0.0,0.06,0.04
0.1,-4.71,1.53,0.0,0.06,0.04
0.04,-4.71,1.47,-0.0,0.06,0.03
0.1,-4.71,1.42,0.0,0.06,0.03
0.08,-4.67,1.44,0.0,0.07,0.03
0.1,-4.67,1.36,0.01,0.07,0.03
0.04,-4.67,1.32,0.01,0.07,0.03
0.11,-4.67,1.34,0.01,0.08,0.04
0.13,-4.65,1.3,0.01,0.08,0.04
0.08,-4.67,1.4,0.01,0.08,0.04
0.13,-4.62,1.32,0.0,0.08,0.04
0.1,-4.62,1.38,0.0,0.08,0.04
0.1,-4.64,1.32,-0.0,0.08,0.04
0.08,-4.62,1.38,-0.01,0.07,0.05
0.11,-4.65,1.44,-0.01,0.07,0.05
0.13,-4.64,1.4,-0.01,0.07,0.05
0.15,-4.69,1.38,-0.01,0.06,0.05
0.1,-4.65,1.36,-0.01,0.06,0.06
0.04,-4.71,1.34,-0.01,0.06,0.06
0.06,-4.73,1.34,-0.01,0.06,0.06
0.0,-4.69,1.32,-0.01,0.05,0.06
0.06,-4.69,1.24,-0.01,0.05,0.06
0.04,-4.64,1.32,-0.01,0.05,0.06
0.0,-4.71,1.3,-0.01,0.05,0.06
0.0,-4.65,1.36,-0.02,0.05,0.06
0.0,-4.69,1.24,-0.02,0.05,0.06
0.0,-4.73,1.34,-0.02,0.05,0.06
0.02,-4.75,1.34,-0.02,0.05,0.06
0.0,-4.75,1.36,-0.01,0.05,0.06
-0.04,-4.85,1.32,-0.01,0.05,0.06
-0.04,-4.69,1.38,-0.01,0.05,0.06
0.0,-4.69,1.44,-0.0,0.05,0.06
-0.04,-4.65,1.36,0.0,0.05,0.06
-0.04,-4.69,1.4,0.01,0.05,0.06
-0.11,-4.67,1.42,0.01,0.06,0.06
-0.13,-4.67,1.46,0.01,0.06,0.06
-0.02,-4.65,1.44,0.01,0.06,0.06
-0.04,-4.69,1.42,0.01,0.06,0.06
-0.02,-4.67,1.47,0.01,0.06,0.06
-0.06,-4.62,1.46,0.0,0.06,0.06
-0.04,-4.73,1.49,-0.0,0.06,0.06
-0.13,-4.69,1.42,-0.01,0.06,0.06
-0.17,-4.67,1.44,-0.01,0.06,0.06
-0.17,-4.71,1.42,-0.02,0.05,0.06
-0.13,-4.67,1.42,-0.01,0.05,0.06
-0.1,-4.73,1.44,-0.01,0.05,0.06
-0.17,-4.69,1.47,-0.01,0.05,0.06
-0.17,-4.71,1.42,0.0,0.04,0.05
-0.25,-4.67,1.42,0.01,0.04,0.05
-0.27,-4.69,1.46,0.02,0.04,0.06
-0.23,-4.71,1.36,0.02,0.04,0.06
-0.25,-4.64,1.49,0.03,0.04,0.06
-0.23,-4.69,1.4,0.03,0.04,0.06
-0.23,-4.71,1.47,0.02,0.05,0.06
-0.21,-4.65,1.36,0.01,0.06,0.06
-0.23,-4.64,1.42,0.0,0.06,0.06
-0.21,-4.6,1.44,-0.0,0.07,0.06
-0.21,-4.62,1.4,-0.02,0.07,0.05
-0.19,-4.58,1.46,-0.03,0.07,0.05
-0.19,-4.54,1.44,-0.04,0.07,0.04
-0.11,-4.56,1.46,-0.06,0.07,0.04
-0.06,-4.56,1.38,-0.07,0.08,0.04
-0.11,-4.56,1.46,-0.08,0.08,0.04
-0.11,-4.64,1.47,-0.09,0.08,0.04
-0.06,-4.64,1.3,-0.08,0.08,0.03
-0.06,-4.6,1.4,-0.08,0.07,0.03
-0.06,-4.71,1.32,-0.07,0.06,0.03
-0.1,-4.65,1.3,-0.06,0.06,0.03
-0.04,-4.69,1.38,-0.05,0.05,0.03
-0.04,-4.73,1.32,-0.04,0.05,0.03
-0.06,-4.79,1.36,-0.04,0.05,0.03
-0.04,-4.71,1.28,-0.03,0.05,0.03
-0.1,-4.71,1.32,-0.03,0.05,0.03
-0.25,-4.56,1.38,-0.02,0.05,0.03
-0.11,-4.73,1.32,-0.02,0.06,0.03
-0.08,-4.73,1.34,-0.02,0.06,0.03
-0.13,-4.67,1.36,-0.02,0.06,0.03
-0.06,-4.65,1.38,-0.03,0.06,0.03
0.0,-4.67,1.38,-0.03,0.06,0.03
0.0,-4.71,1.4,-0.03,0.07,0.03
-0.06,-4.65,1.42,-0.03,0.07,0.03
-0.02,-4.69,1.32,-0.03,0.07,0.02
-0.02,-4.71,1.38,-0.02,0.06,0.02
-0.06,-4.65,1.32,-0.01,0.06,0.01
0.0,-4.71,1.34,-0.01,0.06,0.01
-0.06,-4.67,1.3,0.0,0.05,0.01
-0.06,-4.73,1.38,0.01,0.05,0.0
-0.08,-4.71,1.4,0.01,0.05,0.0
-0.15,-4.65,1.34,0.01,0.05,-0.0
-0.15,-4.67,1.32,0.02,0.05,-0.0
-0.15,-4.71,1.32,0.02,0.05,-0.01
-0.11,-4.69,1.32,0.02,0.05,-0.01
-0.23,-4.71,1.28,0.03,0.06,-0.01
-0.25,-4.71,1.4,0.03,0.06,-0.01
-0.17,-4.6,1.34,0.03,0.06,-0.01
-0.21,-4.73,1.32,0.03,0.06,-0.01
-0.23,-4.71,1.3,0.04,0.06,-0.01
-0.27,-4.71,1.32,0.04,0.07,-0.01
-0.29,-4.69,1.4,0.03,0.07,-0.01
-0.23,-4.71,1.34,0.04,0.07,-0.01
-0.23,-4.71,1.4,0.04,0.06,-0.02
-0.33,-4.67,1.28,0.04,0.05,-0.02
-0.27,-4.62,1.38,0.04,0.05,-0.02
-0.29,-4.6,1.34,0.04,0.05,-0.02
-0.23,-4.64,1.36,0.03,0.04,-0.02
-0.19,-4.62,1.32,0.03,0.04,-0.03
-0.21,-4.62,1.32,0.02,0.04,-0.03
-0.15,-4.62,1.3,0.02,0.04,-0.03
-0.23,-4.67,1.32,0.01,0.04,-0.03
-0.23,-4.64,1.32,0.01,0.04,-0.03
-0.13,-4.64,1.3,0.0,0.03,-0.03
-0.19,-4.65,1.32,-0.0,0.03,-0.03
-0.13,-4.67,1.3,-0.0,0.03,-0.03
-0.11,-4.69,1.36,-0.01,0.03,-0.03
-0.13,-4.69,1.36,-0.01,0.03,-0.03
-0.17,-4.65,1.42,-0.01,0.04,-0.03
-0.25,-4.6,1.51,-0.01,0.04,-0.03
-0.11,-4.71,1.49,-0.0,0.04,-0.03
-0.08,-4.69,1.4,-0.0,0.03,-0.03
-0.13,-4.69,1.28,-0.0,0.03,-0.03
-0.02,-4.62,1.38,-0.0,0.04,-0.03
-0.06,-4.62,1.44,-0.01,0.04,-0.03
0.0,-4.71,1.36,-0.01,0.04,-0.03
0.0,-4.67,1.4,-0.02,0.05,-0.04
-0.04,-4.71,1.44,-0.02,0.05,-0.03
-0.02,-4.69,1.4,-0.03,0.05,-0.03
-0.02,-4.67,1.36,-0.03,0.05,-0.03
-0.04,-4.64,1.36,-0.03,0.05,-0.04
-0.02,-4.71,1.34,-0.03,0.05,-0.04
-0.02,-4.62,1.38,-0.03,0.05,-0.04
-0.04,-4.65,1.36,-0.04,0.06,-0.04
-0.06,-4.64,1.34,-0.04,0.06,-0.04
-0.04,-4.65,1.44,-0.05,0.06,-0.04
0.0,-4.58,1.32,-0.05,0.07,-0.04
-0.02,-4.6,1.44,-0.06,0.07,-0.04
0.0,-4.65,1.36,-0.07,0.08,-0.05
-0.08,-4.62,1.42,-0.07,0.07,-0.05
-0.1,-4.62,1.34,-0.08,0.07,-0.05
-0.08,-4.65,1.47,-0.08,0.06,-0.05
-0.08,-4.73,1.34,-0.08,0.05,-0.05
-0.08,-4.67,1.36,-0.09,0.04,-0.05
-0.11,-4.71,1.36,-0.09,0.03,-0.05
-0.11,-4.71,1.38,-0.08,0.03,-0.05
-0.13,-4.73,1.36,-0.07,0.02,-0.05
-0.13,-4.73,1.32,-0.06,0.02,-0.05
-0.19,-4.73,1.42,-0.05,0.02,-0.05
-0.23,-4.79,1.3,-0.04,0.02,-0.05
-0.21,-4.75,1.36,-0.03,0.02,-0.04
-0.21,-4.69,1.38,-0.02,0.02,-0.04
-0.19,-4.65,1.4,-0.01,0.02,-0.04
-0.13,-4.64,1.36,-0.01,0.02,-0.04
-0.15,-4.6,1.32,-0.01,0.02,-0.04
-0.17,-4.62,1.36,-0.01,0.01,-0.03
-0.06,-4.62,1.38,-0.01,0.01,-0.03
-0.08,-4.67,1.28,-0.01,0.01,-0.03
0.0,-4.69,1.3,-0.01,0.01,-0.02
-0.02,-4.71,1.32,-0.01,0.01,-0.02
0.0,-4.71,1.24,-0.01,0.01,-0.02
0.0,-4.71,1.24,-0.0,0.01,-0.02
-0.02,-4.77,1.21,0.0,0.01,-0.02
-0.06,-4.69,1.19,0.01,0.01,-0.02
-0.02,-4.73,1.23,0.01,0.01,-0.03
0.0,-4.73,1.3,0.01,0.01,-0.03
-0.08,-4.69,1.23,0.01,0.01,-0.03
-0.11,-4.75,1.28,0.01,0.01,-0.03
-0.13,-4.67,1.34,0.01,0.01,-0.03
-0.1,-4.62,1.3,0.01,0.01,-0.03
-0.17,-4.64,1.32,0.01,0.02,-0.04
-0.1,-4.62,1.26,0.0,0.02,-0.04
-0.13,-4.62,1.32,-0.0,0.02,-0.03
-0.17,-4.64,1.42,-0.01,0.02,-0.03
-0.13,-4.6,1.38,-0.02,0.02,-0.03
-0.13,-4.65,1.32,-0.03,0.02,-0.03
-0.1,-4.65,1.36,-0.03,0.03,-0.03
0.0,-4.58,1.38,-0.04,0.03,-0.03
-0.04,-4.65,1.4,-0.05,0.03,-0.03
0.0,-4.65,1.38,-0.06,0.04,-0.03
0.06,-4.71,1.38,-0.07,0.04,-0.02
0.02,-4.69,1.4,-0.07,0.04,-0.02
0.02,-4.67,1.32,-0.08,0.04,-0.02
0.06,-4.69,1.44,-0.09,0.04,-0.02
0.04,-4.75,1.4,-0.09,0.04,-0.02
0.23,-4.77,1.55,-0.09,0.04,-0.02
0.02,-4.73,1.42,-0.1,0.04,-0.02
0.02,-4.71,1.28,-0.11,0.04,-0.01
0.04,-4.71,1.32,-0.11,0.04,-0.01
0.0,-4.73,1.38,-0.12,0.04,-0.01
0.02,-4.73,1.28,-0.13,0.04,-0.01
0.0,-4.73,1.42,-0.13,0.04,-0.01
0.02,-4.73,1.36,-0.13,0.04,-0.01
0.02,-4.71,1.3,-0.13,0.04,-0.01
0.0,-4.71,1.38,-0.13,0.04,-0.01
0.02,-4.71,1.23,-0.13,0.04,-0.02
0.02,-4.75,1.17,-0.13,0.04,-0.02
0.02,-4.73,1.24,-0.13,0.04,-0.02
0.02,-4.73,1.15,-0.13,0.05,-0.02
0.02,-4.75,1.24,-0.12,0.05,-0.03
-0.02,-4.75,1.15,-0.12,0.05,-0.03
0.02,-4.75,1.17,-0.11,0.05,-0.03
0.0,-4.75,1.21,-0.11,0.05,-0.03
0.0,-4.75,1.17,-0.11,0.05,-0.03
0.04,-4.79,1.11,-0.1,0.05,-0.03
0.0,-4.75,1.19,-0.09,0.04,-0.02
-0.02,-4.85,1.05,-0.09,0.04,-0.02
0.0,-4.79,1.19,-0.08,0.03,-0.02
-0.04,-4.77,1.09,-0.07,0.03,-0.02
-0.02,-4.75,1.13,-0.07,0.02,-0.01
-0.11,-4.71,1.07,-0.07,0.02,-0.01
-0.06,-4.73,1.17,-0.07,0.01,-0.01
-0.17,-4.71,1.09,-0.07,0.01,-0.01
-0.15,-4.67,1.19,-0.07,0.0,-0.01
-0.19,-4.71,1.11,-0.07,-0.0,-0.01
-0.15,-4.69,1.19,-0.08,-0.01,-0.02
-0.29,-4.71,1.15,-0.09,-0.01,-0.02
-0.34,-4.65,1.15,-0.1,-0.02,-0.02
-0.38,-4.62,1.23,-0.11,-0.03,-0.02
-0.27,-4.52,1.24,-0.12,-0.04,-0.02
-0.04,-4.42,1.21,-0.11,-0.05,-0.01
0.04,-4.35,1.13,-0.09,-0.04,0.01
0.08,-4.39,1.02,-0.08,-0.04,0.02
0.04,-4.35,0.92,-0.08,-0.03,0.03
0.19,-4.37,0.8,-0.09,-0.03,0.03
0.29,-4.52,0.77,-0.12,-0.02,0.03
0.31,-4.58,0.75,-0.15,-0.01,0.02
0.36,-4.69,0.77,-0.18,-0.01,0.01
0.31,-4.88,0.86,-0.21,-0.0,-0.01
0.27,-4.85,0.96,-0.23,-0.01,-0.03
0.19,-5.02,1.03,-0.24,-0.01,-0.04
0.27,-5.04,1.03,-0.23,-0.01,-0.05
0.25,-5.06,1.11,-0.21,-0.01,-0.06
0.27,-5.09,1.11,-0.18,-0.01,-0.06
0.21,-5.04,1.11,-0.15,-0.0,-0.07
0.25,-5.02,1.07,-0.12,0.0,-0.07
0.23,-4.98,1.0,-0.09,0.0,-0.06
0.25,-4.83,0.98,-0.06,0.0,-0.06
0.23,-4.79,0.86,-0.05,-0.0,-0.05
0.15,-4.65,0.8,-0.04,-0.0,-0.04
0.13,-4.65,0.69,-0.05,-0.01,-0.04
0.06,-4.54,0.69,-0.06,-0.01,-0.03
0.08,-4.6,0.59,-0.09,-0.01,-0.02
0.04,-4.58,0.63,-0.12,-0.01,-0.02
0.04,-4.64,0.8,-0.15,-0.01,-0.02
0.02,-4.64,0.88,-0.17,-0.0,-0.02
0.06,-4.77,0.92,-0.19,0.01,-0.02
0.06,-4.79,1.0,-0.19,0.02,-0.02
0.02,-4.83,1.07,-0.19,0.03,-0.03
0.06,-4.81,1.13,-0.19,0.04,-0.03
0.04,-4.94,1.03,-0.17,0.05,-0.04
0.0,-4.88,1.13,-0.16,0.06,-0.04
0.02,-4.88,1.03,-0.15,0.06,-0.04
0.02,-4.92,1.03,-0.14,0.06,-0.04
0.0,-4.96,0.9,-0.13,0.06,-0.04
0.0,-4.94,0.86,-0.12,0.06,-0.04
-0.02,-4.94,0.82,-0.12,0.06,-0.03
0.0,-4.94,0.86,-0.11,0.05,-0.03
0.02,-4.92,0.82,-0.1,0.05,-0.02
0.06,-4.96,0.88,-0.09,0.05,-0.01
0.08,-5.0,0.8,-0.08,0.05,-0.01
0.13,-4.88,0.71,-0.07,0.05,-0.01
0.11,-4.88,0.82,-0.06,0.05,-0.0
0.15,-4.92,0.8,-0.05,0.05,-0.0
0.11,-4.96,0.88,-0.04,0.06,-0.01
0.17,-4.92,0.86,-0.04,0.06,-0.01
0.19,-4.85,0.92,-0.03,0.06,-0.01
0.13,-4.79,0.86,-0.02,0.07,-0.02
0.15,-4.79,0.86,-0.02,0.07,-0.02
0.15,-4.83,0.94,-0.01,0.07,-0.02
0.11,-4.81,0.88,-0.01,0.07,-0.02
0.21,-4.79,0.92,-0.01,0.07,-0.02
0.13,-5.32,0.9,-0.0,0.07,-0.02
0.02,-4.81,0.84,0.0,0.07,-0.02
-0.15,-4.85,0.94,0.01,0.07,-0.02
0.19,-4.65,1.44,0.01,0.06,-0.02
-0.15,-5.02,0.88,0.02,0.06,-0.01
0.04,-4.87,0.67,0.03,0.05,-0.01
0.06,-4.9,0.59,0.03,0.05,-0.01
-0.02,-4.79,0.86,0.03,0.04,-0.01
-0.02,-4.75,0.9,0.03,0.04,-0.01
0.06,-4.77,0.92,0.02,0.04,-0.01
0.0,-4.75,0.88,0.01,0.03,-0.01
0.0,-4.73,0.84,0.01,0.03,-0.01
0.04,-4.75,0.88,-0.0,0.03,-0.01
0.0,-4.75,0.84,-0.01,0.03,-0.01
0.0,-4.83,0.84,-0.02,0.03,-0.01
-0.08,-4.77,0.73,-0.02,0.03,-0.01
0.02,-4.56,0.9,-0.03,0.03,-0.01
0.25,-4.69,0.75,-0.03,0.04,-0.01
0.06,-4.87,0.65,-0.03,0.04,-0.01
0.17,-4.83,0.86,-0.03,0.04,-0.01
0.06,-4.83,0.86,-0.03,0.04,-0.01
0.17,-4.85,0.65,-0.03,0.03,-0.01
0.06,-4.79,0.8,-0.03,0.03,-0.01
0.08,-4.69,0.4,-0.03,0.03,-0.01
0.04,-4.96,0.8,-0.03,0.03,-0.01
0.1,-4.77,0.84,-0.03,0.03,-0.01
0.06,-4.75,0.84,-0.03,0.03,-0.01
0.11,-4.77,0.82,-0.03,0.03,-0.01
0.11,-4.83,0.84,-0.03,0.04,-0.01
-0.02,-4.81,0.98,-0.03,0.04,-0.01
0.04,-4.62,0.73,-0.03,0.04,-0.01
0.19,-4.9,0.9,-0.03,0.05,-0.01
0.15,-4.71,0.86,-0.03,0.05,-0.02
0.27,-4.87,0.52,-0.02,0.05,-0.02
0.08,-4.96,1.21,-0.02,0.06,-0.02
-0.08,-4.79,0.9,-0.02,0.06,-0.02
0.34,-4.75,0.75,-0.01,0.06,-0.02
0.54,-4.81,0.67,-0.01,0.06,-0.02
0.13,-4.69,0.88,-0.01,0.06,-0.02
0.19,-4.79,0.77,-0.01,0.07,-0.02
0.11,-4.85,0.86,-0.01,0.06,-0.02
0.15,-4.85,0.84,-0.02,0.06,-0.02
0.11,-4.81,0.84,-0.02,0.06,-0.02
0.1,-4.79,0.82,-0.02,0.06,-0.02
0.06,-4.92,0.88,-0.02,0.06,-0.02
-0.06,-4.75,0.84,-0.02,0.06,-0.02
0.04,-4.67,0.9,-0.02,0.06,-0.02
0.04,-4.87,0.69,-0.02,0.06,-0.02
0.08,-4.79,0.96,-0.02,0.06,-0.02
0.08,-4.85,0.86,-0.02,0.06,-0.01
-0.04,-4.87,0.84,-0.01,0.06,-0.01
0.23,-4.75,0.67,-0.01,0.06,-0.01
0.08,-4.71,0.71,-0.01,0.06,-0.01
0.13,-4.85,0.61,-0.01,0.06,-0.01
0.1,-4.83,1.11,-0.01,0.07,-0.01
0.13,-4.88,0.79,-0.01,0.07,-0.01
0.13,-4.79,0.82,-0.01,0.07,-0.01
0.13,-4.87,0.84,-0.01,0.07,-0.02
0.19,-4.87,0.8,-0.0,0.07,-0.02
0.1,-4.73,0.75,-0.0,0.07,-0.02
0.19,-4.85,0.8,-0.0,0.06,-0.02
0.19,-4.87,0.82,-0.01,0.06,-0.02
0.1,-4.77,0.86,-0.01,0.06,-0.02
0.08,-4.81,0.92,-0.01,0.06,-0.02
0.17,-4.81,0.79,-0.01,0.06,-0.01
0.06,-4.85,0.86,-0.01,0.06,-0.01
0.02,-4.85,0.86,-0.0,0.06,-0.01
0.13,-4.85,0.8,-0.0,0.05,-0.01
0.13,-4.96,0.73,-0.0,0.05,-0.01
0.25,-4.79,0.94,0.0,0.05,-0.0
0.36,-4.81,1.02,0.01,0.05,-0.0
0.15,-4.9,0.86,0.01,0.05,-0.0
0.11,-4.85,0.84,0.01,0.05,-0.0
0.13,-4.85,0.8,0.02,0.04,-0.0
0.15,-4.9,0.84,0.02,0.04,-0.0
0.48,-5.0,0.86,0.03,0.04,0.0
0.54,-4.83,0.96,0.04,0.04,0.0
-0.04,-4.54,0.84,0.04,0.04,0.0
0.1,-5.02,0.92,0.05,0.04,-0.0
0.23,-4.94,0.94,0.05,0.04,0.0
0.17,-4.77,0.94,0.06,0.03,0.0
0.08,-5.23,0.84,0.06,0.03,0.0
0.25,-4.64,0.75,0.06,0.03,0.0
0.04,-5.11,0.92,0.06,0.03,0.0
0.02,-4.81,0.86,0.06,0.03,0.0
0.02,-5.02,1.0,0.06,0.03,0.0
0.08,-4.81,0.86,0.06,0.03,0.0
0.08,-4.83,0.84,0.05,0.02,0.01
0.11,-4.83,0.86,0.05,0.02,0.01
0.1,-4.87,0.9,0.05,0.02,0.01
0.1,-4.87,0.98,0.05,0.02,0.01
0.08,-5.04,0.86,0.06,0.02,0.01
0.02,-4.88,1.02,0.06,0.01,0.01
0.02,-4.88,0.96,0.07,0.01,0.01
0.17,-5.0,0.75,0.07,0.01,0.01
0.04,-4.88,0.88,0.08,0.01,0.01
0.17,-4.85,0.86,0.08,0.02,0.01
0.1,-4.87,0.88,0.09,0.02,0.01
0.06,-4.81,0.79,0.09,0.03,0.01
0.21,-4.81,0.44,0.09,0.03,0.01
0.08,-4.77,0.86,0.08,0.03,0.01
0.02,-4.75,0.82,0.08,0.04,0.01
0.04,-4.75,0.82,0.08,0.04,0.01
0.04,-4.71,0.82,0.07,0.05,0.01
0.15,-4.73,0.84,0.06,0.05,0.01
0.13,-4.65,0.86,0.06,0.06,0.01
0.19,-4.69,0.84,0.06,0.06,0.01
0.25,-4.71,0.86,0.05,0.07,0.01
0.19,-4.81,1.05,0.05,0.07,0.02
0.27,-4.65,0.9,0.05,0.07,0.02
0.25,-4.67,0.88,0.04,0.07,0.02
0.29,-4.67,0.92,0.04,0.07,0.02
0.25,-4.73,0.94,0.04,0.07,0.01
0.21,-4.69,1.02,0.03,0.07,0.01
0.21,-4.65,0.98,0.03,0.07,0.01
0.21,-4.77,0.98,0.02,0.07,0.01
0.23,-4.77,1.02,0.02,0.06,0.01
0.21,-4.77,1.02,0.02,0.06,0.01
0.15,-4.81,1.03,0.02,0.06,0.02
0.13,-4.87,1.05,0.03,0.06,0.02
0.1,-4.87,1.03,0.04,0.05,0.02
0.04,-4.87,1.02,0.04,0.05,0.02
0.02,-4.88,1.02,0.05,0.05,0.03
0.0,-4.79,0.92,0.06,0.05,0.03
0.06,-4.85,0.92,0.06,0.05,0.03
0.04,-4.79,0.96,0.06,0.05,0.03
0.06,-4.77,0.92,0.06,0.05,0.03
0.06,-4.81,0.9,0.06,0.05,0.03
0.06,-4.75,0.96,0.06,0.05,0.03
0.02,-4.71,0.94,0.05,0.05,0.03
-0.06,-4.64,1.11,0.05,0.06,0.03
0.06,-4.71,1.0,0.04,0.06,0.02
0.06,-4.71,1.07,0.04,0.06,0.02
0.08,-4.73,1.07,0.04,0.07,0.02
0.0,-4.65,1.03,0.03,0.07,0.02
0.0,-4.69,1.03,0.03,0.07,0.02
0.02,-4.65,1.11,0.02,0.07,0.02
0.04,-4.69,1.11,0.02,0.07,0.02
0.04,-4.71,1.13,0.02,0.07,0.03
-0.04,-4.75,1.03,0.01,0.07,0.03
0.02,-4.71,1.05,0.01,0.07,0.03
-0.06,-4.69,1.03,0.01,0.07,0.03
-0.04,-4.77,1.13,0.0,0.07,0.03
-0.06,-4.79,1.13,-0.0,0.07,0.03
-0.02,-4.81,1.07,-0.0,0.07,0.03
-0.02,-4.79,1.11,-0.01,0.06,0.03
-0.08,-4.77,1.17,-0.01,0.06,0.04
-0.08,-4.79,1.11,-0.01,0.06,0.04
-0.04,-4.77,1.09,-0.01,0.05,0.04
-0.06,-4.81,1.02,-0.01,0.05,0.03
0.0,-4.85,1.05,-0.01,0.04,0.03
-0.02,-4.77,1.03,-0.0,0.04,0.03
0.0,-4.69,1.03,-0.0,0.04,0.03
0.0,-4.75,1.02,-0.01,0.04,0.03
0.0,-4.77,0.94,-0.01,0.04,0.03
0.02,-4.69,1.09,-0.01,0.04,0.03
0.0,-4.71,1.09,-0.01,0.04,0.03
0.04,-4.73,1.05,-0.01,0.04,0.03
0.0,-4.69,1.0,-0.02,0.03,0.03
0.02,-4.71,0.98,-0.02,0.03,0.03
0.04,-4.77,0.96,-0.02,0.03,0.03
0.02,-4.77,0.96,-0.02,0.02,0.03
-0.02,-4.73,1.02,-0.02,0.02,0.03
-0.02,-4.77,1.02,-0.01,0.02,0.03
-0.02,-4.79,1.0,-0.01,0.02,0.04
-0.04,-4.85,0.96,0.0,0.02,0.04
-0.04,-4.81,0.94,0.01,0.02,0.04
-0.02,-4.77,0.94,0.02,0.02,0.04
-0.1,-4.75,0.98,0.03,0.02,0.04
0.0,-4.77,0.94,0.03,0.02,0.04
-0.04,-4.79,0.92,0.03,0.02,0.04
0.02,-4.77,0.96,0.03,0.02,0.04
0.0,-4.79,0.92,0.03,0.02,0.04
-0.02,-4.83,1.0,0.02,0.02,0.04
0.11,-4.71,1.15,0.02,0.03,0.04
0.02,-4.73,1.03,0.01,0.03,0.04
0.0,-4.77,1.02,0.01,0.03,0.04
0.04,-4.77,1.07,0.01,0.04,0.04
0.04,-4.81,1.07,0.01,0.04,0.04
0.06,-4.79,1.0,0.01,0.04,0.04
0.06,-4.73,0.98,0.01,0.03,0.04
0.02,-4.73,1.03,0.01,0.03,0.03
0.02,-4.71,1.02,0.01,0.04,0.03
0.06,-4.73,1.02,0.01,0.04,0.04
0.08,-4.75,1.02,0.01,0.04,0.04
0.0,-4.77,1.03,0.01,0.04,0.04
-0.02,-4.75,1.05,0.02,0.04,0.04
0.0,-4.81,1.11,0.02,0.04,0.04
0.0,-4.75,1.05,0.02,0.04,0.04
0.0,-4.73,1.05,0.02,0.03,0.04
-0.08,-4.77,1.03,0.02,0.03,0.04
0.0,-4.77,1.07,0.02,0.04,0.04
-0.08,-4.73,1.09,0.02,0.04,0.04
-0.02,-4.77,1.07,0.03,0.04,0.05
-0.04,-4.75,1.11,0.03,0.04,0.05
0.02,-4.73,1.11,0.03,0.04,0.05
0.15,-4.6,1.19,0.03,0.03,0.05
0.02,-4.75,1.15,0.02,0.03,0.05
0.04,-4.75,1.13,0.02,0.03,0.06
0.06,-4.75,1.03,0.02,0.03,0.06
0.08,-4.81,1.02,0.02,0.03,0.06
0.04,-4.75,1.03,0.02,0.03,0.06
0.04,-4.77,1.05,0.01,0.03,0.05
0.08,-4.81,1.07,0.01,0.04,0.05
0.11,-4.83,1.02,0.01,0.04,0.05
0.04,-4.79,1.0,0.01,0.04,0.05
0.06,-4.81,1.07,0.01,0.05,0.05
0.02,-4.77,0.98,0.01,0.05,0.05
0.02,-4.81,0.98,0.01,0.05,0.05
0.0,-4.81,1.02,0.01,0.06,0.05
-0.04,-4.79,1.05,0.02,0.06,0.05
-0.06,-4.75,1.02,0.03,0.06,0.05
-0.04,-4.77,1.11,0.03,0.06,0.05
-0.11,-4.75,1.11,0.04,0.07,0.05
0.0,-4.79,1.11,0.05,0.07,0.06
-0.04,-4.75,1.11,0.05,0.07,0.06
-0.1,-4.79,1.13,0.06,0.08,0.06
-0.11,-4.85,1.0,0.06,0.08,0.06
-0.11,-4.71,1.17,0.06,0.09,0.07
-0.13,-4.79,1.11,0.06,0.09,0.07
-0.02,-4.79,1.09,0.06,0.1,0.06
-0.08,-4.79,1.17,0.06,0.1,0.06
-0.04,-4.81,1.17,0.06,0.1,0.06
-0.06,-4.81,1.15,0.07,0.09,0.06
-0.08,-4.87,1.15,0.07,0.09,0.06
-0.15,-4.85,1.11,0.08,0.08,0.05
-0.19,-4.83,1.17,0.08,0.08,0.05
-0.27,-4.81,1.15,0.08,0.08,0.05
-0.27,-4.85,1.21,0.08,0.08,0.05
-0.31,-4.79,1.17,0.08,0.08,0.05
-0.33,-4.79,1.19,0.08,0.08,0.05
-0.42,-4.75,1.21,0.07,0.08,0.05
-0.42,-4.71,1.19,0.06,0.08,0.05
-0.44,-4.71,1.15,0.05,0.07,0.05
-0.44,-4.73,1.17,0.05,0.07,0.05
-0.44,-4.71,1.21,0.03,0.07,0.06
-0.48,-4.64,1.13,0.02,0.07,0.06
-0.42,-4.64,1.19,0.01,0.07,0.06
-0.42,-4.6,1.13,0.0,0.07,0.06
-0.36,-4.67,1.03,-0.0,0.06,0.06
-0.33,-4.62,1.13,-0.01,0.06,0.06
-0.34,-4.62,1.11,-0.02,0.05,0.06
-0.29,-4.6,1.05,-0.02,0.04,0.06
-0.29,-4.5,1.13,-0.03,0.04,0.06
-0.27,-4.54,1.15,-0.04,0.03,0.06
-0.17,-4.64,1.11,-0.05,0.03,0.06
-0.23,-4.64,1.13,-0.05,0.03,0.06
-0.17,-4.64,1.05,-0.06,0.03,0.06
-0.17,-4.65,1.15,-0.06,0.04,0.06
-0.21,-4.69,1.23,-0.07,0.04,0.07
-0.21,-4.73,1.21,-0.07,0.04,0.07
-0.17,-4.75,1.24,-0.06,0.04,0.07
-0.19,-4.71,1.17,-0.06,0.04,0.07
-0.13,-4.77,1.28,-0.05,0.04,0.07
-0.1,-4.77,1.23,-0.04,0.04,0.06
-0.19,-4.79,1.19,-0.03,0.04,0.06
-0.15,-4.77,1.17,-0.03,0.04,0.06
-0.15,-4.81,1.13,-0.02,0.04,0.06
-0.19,-4.83,1.07,-0.02,0.04,0.05
-0.25,-4.77,1.13,-0.02,0.03,0.05
-0.27,-4.81,1.07,-0.02,0.03,0.05
-0.46,-4.81,1.32,-0.02,0.03,0.05
-0.29,-4.75,1.13,-0.02,0.03,0.06
-0.31,-4.75,1.09,-0.02,0.03,0.06
-0.4,-4.71,1.15,-0.02,0.03,0.07
-0.46,-4.71,1.13,-0.02,0.03,0.07
-0.36,-4.71,1.17,-0.02,0.03,0.08
-0.38,-4.75,1.13,-0.02,0.02,0.08
-0.38,-4.73,1.17,-0.02,0.02,0.09
-0.38,-4.73,1.0,-0.02,0.01,0.09
-0.36,-4.73,1.11,-0.02,0.01,0.1
-0.34,-4.71,1.07,-0.03,0.01,0.1
-0.36,-4.71,1.15,-0.03,0.01,0.1
-0.36,-4.75,1.11,-0.02,0.01,0.1
-0.33,-4.73,1.15,-0.02,0.01,0.1
-0.31,-4.75,1.19,-0.02,0.01,0.1
-0.31,-4.75,1.19,-0.02,0.01,0.09
-0.34,-4.77,1.17,-0.02,0.02,0.09
-0.31,-4.75,1.15,-0.02,0.02,0.09
-0.29,-4.71,1.09,-0.02,0.02,0.09
-0.34,-4.65,1.05,-0.02,0.02,0.09
-0.25,-4.69,1.05,-0.03,0.02,0.09
-0.27,-4.62,1.11,-0.03,0.02,0.09
-0.27,-4.83,1.26,-0.04,0.02,0.1
-0.31,-4.67,1.02,-0.05,0.02,0.1
-0.33,-4.71,1.0,-0.05,0.02,0.1
-0.34,-4.73,1.03,-0.06,0.03,0.1
-0.31,-4.75,1.0,-0.07,0.03,0.11
-0.33,-4.77,1.02,-0.07,0.03,0.11
-0.31,-4.75,1.07,-0.07,0.03,0.12
-0.29,-4.77,1.09,-0.07,0.03,0.12
-0.33,-4.77,1.11,-0.07,0.04,0.13
-0.36,-4.75,1.07,-0.06,0.04,0.13
-0.31,-4.79,1.09,-0.06,0.04,0.13
-0.25,-4.77,1.11,-0.06,0.05,0.13
-0.38,-4.75,1.17,-0.06,0.05,0.13
-0.33,-4.73,1.07,-0.06,0.05,0.14
-0.29,-4.67,1.09,-0.06,0.05,0.14
-0.31,-4.73,1.05,-0.07,0.06,0.14
-0.33,-4.73,1.09,-0.08,0.05,0.14
-0.27,-4.71,1.03,-0.09,0.05,0.15
-0.33,-4.71,1.02,-0.1,0.05,0.15
-0.34,-4.69,1.05,-0.1,0.05,0.15
-0.33,-4.73,0.94,-0.11,0.04,0.16
-0.29,-4.79,1.03,-0.12,0.04,0.16
-0.36,-4.81,1.11,-0.12,0.04,0.17
-0.4,-4.81,1.0,-0.12,0.04,0.18
-0.4,-4.85,1.03,-0.12,0.04,0.18
-0.48,-4.85,0.96,-0.12,0.03,0.19
-0.44,-4.85,0.94,-0.11,0.03,0.19
-0.42,-4.9,1.07,-0.11,0.04,0.19
-0.42,-4.88,0.96,-0.1,0.04,0.19
-0.44,-4.83,1.03,-0.09,0.04,0.19
-0.4,-4.87,0.98,-0.09,0.04,0.19
-0.4,-4.87,1.0,-0.08,0.05,0.19
-0.36,-4.81,0.98,-0.08,0.05,0.18
-0.38,-4.77,0.96,-0.07,0.05,0.18
-0.4,-4.79,0.9,-0.07,0.05,0.17
-0.42,-4.75,1.0,-0.07,0.06,0.17
-0.4,-4.77,1.03,-0.07,0.06,0.17
-0.46,-4.71,1.05,-0.07,0.06,0.16
-0.46,-4.73,1.09,-0.06,0.07,0.16
-0.57,-4.75,1.09,-0.06,0.06,0.17
-0.59,-4.73,1.09,-0.05,0.06,0.17
-0.67,-4.69,1.09,-0.04,0.06,0.18
-0.63,-4.73,1.05,-0.04,0.06,0.18
-0.56,-4.67,1.23,-0.03,0.06,0.19
-0.69,-4.79,0.98,-0.02,0.06,0.2
-0.73,-4.75,1.0,-0.02,0.05,0.21
-0.73,-4.73,0.98,-0.02,0.05,0.22
-0.79,-4.69,1.03,-0.02,0.05,0.23
-0.75,-4.73,0.98,-0.02,0.05,0.24
-0.69,-4.75,1.0,-0.02,0.04,0.24
-0.73,-4.75,0.98,-0.02,0.04,0.25
-0.69,-4.75,1.03,-0.03,0.04,0.26
-0.69,-4.73,1.02,-0.03,0.04,0.26
-0.63,-4.77,0.98,-0.03,0.04,0.26
-0.69,-4.73,1.05,-0.04,0.04,0.26
-0.59,-4.71,1.09,-0.04,0.04,0.26
-0.67,-4.65,0.94,-0.04,0.05,0.26
-0.61,-4.71,1.02,-0.04,0.06,0.26
-0.59,-4.73,0.98,-0.03,0.06,0.26
-0.67,-4.81,0.98,-0.03,0.07,0.27
-0.75,-4.77,0.88,-0.03,0.08,0.27
-0.79,-4.75,0.86,-0.03,0.08,0.27
-0.82,-4.79,0.86,-0.03,0.08,0.27
-0.84,-4.81,0.82,-0.03,0.08,0.27
-0.88,-4.79,0.79,-0.03,0.08,0.28
-0.9,-4.98,0.9,-0.03,0.08,0.28
-0.86,-4.83,0.84,-0.02,0.08,0.28
-0.92,-4.87,0.75,-0.02,0.09,0.29
-0.94,-4.87,0.77,-0.01,0.09,0.29
-0.94,-4.87,0.75,-0.0,0.08,0.3
-0.96,-4.88,0.75,0.01,0.08,0.3
-1.07,-4.9,0.75,0.03,0.09,0.3
-1.07,-4.94,0.77,0.05,0.09,0.31
-1.17,-4.94,0.8,0.07,0.09,0.31
-1.17,-4.87,0.84,0.09,0.09,0.31
-1.17,-4.87,0.9,0.12,0.08,0.31
-1.23,-4.83,0.9,0.14,0.08,0.31
-1.26,-4.79,1.0,0.16,0.07,0.32
-1.21,-4.77,0.94,0.19,0.07,0.32
-1.28,-4.75,0.98,0.2,0.06,0.32
-1.28,-4.71,1.02,0.22,0.06,0.31
-1.26,-4.67,0.96,0.23,0.05,0.31
-1.24,-4.69,1.02,0.24,0.05,0.31
-1.24,-4.69,0.96,0.24,0.06,0.31
-1.36,-4.67,0.86,0.24,0.06,0.31
-1.42,-4.64,0.94,0.23,0.07,0.31
-1.47,-4.64,0.94,0.22,0.07,0.3
-1.49,-4.37,0.98,0.22,0.08,0.3
-1.65,-4.54,0.94,0.22,0.08,0.3
-1.63,-4.62,0.94,0.22,0.09,0.29
-1.69,-4.56,0.9,0.22,0.09,0.29
-1.59,-4.54,0.8,0.23,0.09,0.29
-1.57,-4.52,0.88,0.23,0.09,0.29
-1.53,-4.58,0.9,0.23,0.09,0.28
-1.53,-4.54,0.88,0.24,0.1,0.29
-1.44,-4.5,0.94,0.24,0.1,0.29
-1.4,-4.52,1.0,0.25,0.11,0.29
-1.3,-4.46,1.05,0.25,0.12,0.29
-1.32,-4.5,1.11,0.25,0.12,0.29
-1.28,-4.48,1.15,0.26,0.13,0.28
-1.36,-4.42,1.07,0.26,0.13,0.28
-1.4,-4.48,1.19,0.27,0.14,0.28
-1.4,-4.5,1.26,0.27,0.14,0.27
-1.53,-4.44,1.21,0.28,0.15,0.26
-1.57,-4.42,1.3,0.29,0.16,0.26
-1.72,-4.42,1.42,0.3,0.17,0.26
-1.74,-4.41,1.44,0.3,0.18,0.26
-1.76,-4.31,1.44,0.3,0.2,0.25
-1.74,-4.25,1.47,0.3,0.21,0.26
-1.74,-4.14,1.15,0.29,0.22,0.27
-1.7,-4.21,1.36,0.28,0.22,0.28
-1.72,-4.25,1.32,0.27,0.22,0.28
-1.72,-4.19,1.26,0.25,0.21,0.29
-1.74,-4.19,1.26,0.23,0.2,0.31
-1.74,-4.18,1.24,0.22,0.2,0.32
-1.86,-4.16,1.3,0.21,0.19,0.32
-1.84,-4.18,1.23,0.2,0.19,0.34
-1.82,-4.19,1.32,0.2,0.18,0.35
-2.01,-4.23,1.36,0.21,0.18,0.35
-1.99,-4.16,1.38,0.22,0.18,0.35
-2.01,-4.12,1.44,0.22,0.18,0.35
-1.99,-4.12,1.47,0.23,0.18,0.35
-2.07,-4.06,1.4,0.24,0.18,0.36
-2.03,-4.02,1.42,0.25,0.18,0.36
-2.07,-3.96,1.49,0.25,0.18,0.37
-2.13,-3.95,1.49,0.26,0.18,0.37
-2.11,-3.93,1.53,0.26,0.17,0.37
-2.13,-3.89,1.42,0.26,0.17,0.37
-2.09,-3.93,1.46,0.26,0.15,0.36
-2.13,-4.02,1.42,0.25,0.14,0.36
-2.22,-3.93,1.38,0.25,0.13,0.36
-2.24,-3.98,1.38,0.25,0.12,0.36
-2.18,-4.04,1.42,0.25,0.12,0.35
-2.22,-4.04,1.51,0.24,0.12,0.35
-2.18,-4.08,1.57,0.24,0.12,0.34
-2.2,-4.04,1.59,0.23,0.12,0.34
-2.2,-4.04,1.63,0.23,0.13,0.34
-2.22,-3.91,1.63,0.23,0.14,0.33
-2.22,-3.89,1.67,0.22,0.14,0.33
-2.24,-3.79,1.72,0.22,0.14,0.32
-2.22,-3.72,1.65,0.21,0.14,0.32
-2.28,-3.73,1.67,0.21,0.15,0.31
-2.26,-3.75,1.69,0.2,0.15,0.31
-2.34,-3.66,1.7,0.19,0.16,0.31
-2.38,-3.62,1.65,0.18,0.17,0.31
-2.36,-3.58,1.69,0.17,0.17,0.31
-2.43,-3.54,1.61,0.17,0.18,0.3
-2.45,-3.62,1.57,0.16,0.18,0.3
-2.49,-3.56,1.55,0.15,0.18,0.3
-2.62,-3.54,1.59,0.14,0.18,0.31
-2.64,-3.58,1.61,0.13,0.18,0.32
-2.64,-3.62,1.61,0.13,0.18,0.32
-2.85,-3.7,1.24,0.12,0.18,0.33
-2.66,-3.7,1.42,0.12,0.18,0.33
-2.74,-3.72,1.3,0.12,0.18,0.33
-2.83,-3.75,1.26,0.11,0.18,0.33
-2.95,-3.68,1.24,0.11,0.18,0.33
-2.93,-3.66,1.3,0.1,0.18,0.33
-3.01,-3.6,1.28,0.1,0.18,0.32
-3.08,-3.56,1.42,0.09,0.17,0.32
-3.03,-3.49,1.51,0.08,0.17,0.32
-3.03,-3.58,1.47,0.07,0.17,0.32
-3.01,-3.51,1.46,0.06,0.17,0.32
-3.03,-3.54,1.51,0.05,0.17,0.32
-3.03,-3.52,1.49,0.04,0.16,0.32
-3.01,-3.6,1.55,0.03,0.16,0.32
-2.99,-3.6,1.57,0.02,0.15,0.33
-2.97,-3.68,1.57,0.02,0.15,0.33
-2.89,-3.72,1.59,0.02,0.14,0.33
-2.95,-3.73,1.51,0.02,0.14,0.33
-2.93,-3.85,1.55,0.02,0.14,0.33
-2.85,-3.85,1.46,0.03,0.14,0.32
-2.87,-3.87,1.51,0.04,0.14,0.31
-2.89,-3.91,1.65,0.05,0.13,0.3
-2.8,-3.73,1.57,0.05,0.13,0.29
-2.87,-3.66,1.65,0.06,0.13,0.29
-2.91,-3.62,1.76,0.06,0.14,0.28
-2.85,-3.54,1.76,0.06,0.14,0.27
-2.89,-3.52,1.78,0.07,0.15,0.27
-2.89,-3.43,1.78,0.07,0.15,0.26
-2.85,-3.37,1.88,0.07,0.15,0.26
-2.91,-3.26,1.97,0.07,0.16,0.26
-2.91,-3.24,1.93,0.07,0.16,0.25
-2.87,-3.22,1.92,0.07,0.16,0.25
-2.95,-3.16,1.95,0.07,0.16,0.25
-3.03,-3.12,1.9,0.07,0.16,0.24
-2.99,-3.14,1.93,0.07,0.16,0.24
-3.03,-3.12,1.92,0.07,0.15,0.24
-3.06,-3.18,1.9,0.07,0.15,0.23
-3.18,-3.16,1.9,0.07,0.14,0.23
-3.22,-3.18,1.88,0.07,0.13,0.23
-3.22,-3.28,1.88,0.07,0.13,0.23
-3.26,-3.29,1.84,0.07,0.12,0.23
-3.29,-3.37,1.93,0.07,0.11,0.23
-3.22,-3.41,1.88,0.06,0.09,0.23
-3.26,-3.41,1.95,0.06,0.08,0.23
-3.37,-3.51,2.07,0.06,0.07,0.22
-3.31,-3.52,1.97,0.07,0.06,0.22
-3.39,-3.52,2.01,0.07,0.05,0.21
-3.43,-3.58,2.03,0.08,0.05,0.21
-3.45,-3.51,1.97,0.09,0.05,0.2
-3.43,-3.39,1.92,0.1,0.05,0.19
-3.31,-3.33,1.92,0.11,0.06,0.19
-3.35,-3.16,1.84,0.11,0.07,0.18
-3.29,-3.12,1.7,0.1,0.09,0.18
-3.29,-3.01,1.67,0.09,0.11,0.18
-3.2,-2.95,1.55,0.07,0.14,0.17
-3.28,-2.95,1.47,0.05,0.16,0.18
-3.29,-2.99,1.36,0.03,0.19,0.17
-3.35,-3.06,1.36,0.01,0.22,0.18
-3.41,-2.97,1.26,-0.02,0.25,0.17
-3.49,-2.97,1.34,-0.04,0.27,0.17
-3.43,-3.08,1.36,-0.06,0.3,0.17
-3.58,-3.22,1.4,-0.07,0.32,0.16
-3.58,-3.14,1.32,-0.08,0.34,0.16
-3.68,-3.16,1.36,-0.09,0.35,0.15
-3.72,-3.12,1.36,-0.09,0.35,0.15
-3.81,-3.06,1.38,-0.08,0.35,0.14
-3.91,-3.06,1.51,-0.07,0.34,0.14
-3.89,-2.95,1.51,-0.06,0.33,0.14
-3.87,-2.76,1.44,-0.05,0.31,0.14
-3.96,-2.76,1.4,-0.05,0.28,0.14
-3.95,-2.76,1.34,-0.05,0.26,0.14
-3.93,-2.7,1.38,-0.05,0.23,0.15
-3.85,-2.64,1.32,-0.06,0.21,0.15
-3.89,-2.62,1.34,-0.07,0.18,0.16
-3.85,-2.6,1.36,-0.08,0.15,0.16
-3.79,-2.7,1.3,-0.09,0.12,0.17
-3.79,-2.72,1.34,-0.1,0.09,0.17
-3.79,-2.78,1.32,-0.11,0.07,0.17
-3.75,-2.83,1.3,-0.11,0.05,0.17
-3.75,-2.93,1.24,-0.11,0.03,0.17
-3.75,-2.89,1.24,-0.11,0.02,0.17
-3.7,-2.95,1.21,-0.1,0.0,0.17
-3.66,-2.97,1.21,-0.1,-0.01,0.16
-3.64,-2.95,1.11,-0.09,-0.01,0.15
-3.6,-2.93,1.13,-0.09,-0.02,0.15
-3.66,-2.83,1.23,-0.08,-0.02,0.14
-3.62,-2.89,1.23,-0.08,-0.02,0.14
-3.41,-2.7,1.05,-0.08,-0.01,0.14
-3.64,-2.74,1.21,-0.07,-0.01,0.14
-3.62,-2.72,1.32,-0.07,-0.01,0.14
-3.6,-2.7,1.26,-0.07,-0.01,0.14
-3.64,-2.62,1.24,-0.07,-0.01,0.14
-3.7,-2.57,1.28,-0.08,-0.01,0.13
-3.68,-2.6,1.24,-0.08,-0.02,0.13
-3.7,-2.57,1.19,-0.09,-0.02,0.13
-3.79,-2.51,1.32,-0.1,-0.03,0.13
-3.77,-2.53,1.24,-0.11,-0.03,0.13
-3.81,-2.59,1.34,-0.12,-0.03,0.13
-3.89,-2.59,1.38,-0.13,-0.03,0.13
-3.83,-2.66,1.28,-0.14,-0.03,0.13
-3.85,-2.76,1.38,-0.15,-0.03,0.13
-3.75,-2.87,1.42,-0.17,-0.04,0.13
-3.72,-3.05,1.44,-0.17,-0.04,0.12
-3.75,-3.1,1.44,-0.17,-0.05,0.12
-3.7,-3.18,1.42,-0.17,-0.06,0.11
-3.68,-3.33,1.51,-0.17,-0.06,0.11
-3.68,-3.37,1.55,-0.16,-0.06,0.1
-3.66,-3.35,1.53,-0.15,-0.06,0.09
-3.62,-3.39,1.53,-0.14,-0.06,0.08
-3.54,-3.35,1.47,-0.12,-0.06,0.07
-3.52,-3.28,1.49,-0.11,-0.05,0.06
-3.41,-3.29,1.49,-0.1,-0.04,0.05
-3.47,-3.2,1.53,-0.09,-0.04,0.05
-3.47,-3.1,1.51,-0.09,-0.04,0.04
-3.52,-3.01,1.51,-0.08,-0.04,0.03
-3.58,-2.93,1.46,-0.08,-0.04,0.03
-3.64,-2.85,1.4,-0.07,-0.04,0.02
-3.68,-2.82,1.32,-0.07,-0.04,0.02
-3.66,-2.76,1.3,-0.07,-0.05,0.02
-3.7,-2.78,1.23,-0.08,-0.05,0.02
-3.75,-2.82,1.19,-0.09,-0.06,0.01
-3.66,-2.83,1.21,-0.1,-0.07,0.01
-3.73,-2.78,1.11,-0.11,-0.08,0.01
-3.73,-2.82,1.07,-0.12,-0.09,0.01
-3.7,-2.89,1.09,-0.13,-0.09,0.0
-3.68,-2.89,1.09,-0.14,-0.09,0.0
-3.62,-2.99,1.17,-0.15,-0.09,0.0
-3.62,-2.99,1.23,-0.16,-0.08,0.0
-3.68,-3.08,1.4,-0.17,-0.07,0.0
-3.66,-3.06,1.47,-0.18,-0.06,0.0
-3.62,-3.12,1.53,-0.19,-0.05,0.01
-3.58,-3.26,1.61,-0.19,-0.03,0.01
-3.58,-3.14,1.59,-0.19,-0.02,0.01
-3.54,-3.12,1.53,-0.19,-0.01,0.01
-3.51,-3.08,1.57,-0.19,-0.0,0.01
-3.49,-3.06,1.51,-0.18,0.0,0.0
-3.29,-3.03,1.47,-0.18,0.0,0.0
-3.26,-3.01,1.24,-0.17,0.0,-0.0
-3.2,-3.03,1.15,-0.17,0.0,-0.01
-3.18,-2.99,1.11,-0.17,-0.0,-0.01
-3.18,-2.99,1.03,-0.18,-0.0,-0.01
-3.28,-3.03,1.11,-0.19,0.0,-0.02
-3.31,-3.01,1.09,-0.2,0.0,-0.02
-3.29,-3.12,1.07,-0.21,-0.0,-0.03
-3.33,-3.08,1.19,-0.22,-0.01,-0.03
-3.43,-3.14,1.21,-0.22,-0.02,-0.03
-3.47,-3.2,1.28,-0.22,-0.02,-0.03
-3.47,-3.29,1.34,-0.22,-0.02,-0.03
-3.49,-3.24,1.36,-0.21,-0.02,-0.03
-3.51,-3.28,1.4,-0.21,-0.02,-0.02
-3.52,-3.26,1.4,-0.2,-0.02,-0.01
-3.45,-3.33,1.44,-0.2,-0.01,-0.01
-3.45,-3.28,1.4,-0.2,-0.0,-0.0
-3.52,-3.35,1.4,-0.19,0.0,0.0
-3.47,-3.2,1.36,-0.18,0.01,0.01
-3.39,-3.24,1.44,-0.18,0.02,0.01
-3.33,-3.24,1.4,-0.18,0.03,0.01
-3.35,-3.2,1.38,-0.17,0.04,0.01
-3.33,-3.22,1.32,-0.17,0.05,0.01
-3.31,-3.18,1.28,-0.17,0.07,0.01
-3.26,-3.08,1.24,-0.17,0.08,0.01
-3.31,-3.14,1.3,-0.17,0.1,0.01
-3.37,-3.12,1.32,-0.17,0.11,0.0
-3.41,-3.08,1.34,-0.17,0.13,0.0
-3.51,-3.05,1.34,-0.18,0.15,-0.0
-3.62,-2.93,1.38,-0.18,0.16,-0.0
-3.68,-2.93,1.42,-0.19,0.18,-0.01
-3.77,-2.85,1.3,-0.2,0.19,-0.0
-3.83,-2.91,1.36,-0.21,0.19,0.0
-3.83,-2.85,1.24,-0.22,0.19,0.01
-3.93,-2.8,1.32,-0.23,0.19,0.02
-3.95,-2.85,1.3,-0.23,0.19,0.03
-3.87,-2.85,1.21,-0.24,0.18,0.04
-3.95,-2.82,1.24,-0.25,0.17,0.05
-4.02,-3.03,1.28,-0.25,0.15,0.07
-3.75,-2.85,1.15,-0.25,0.14,0.08
-3.68,-2.82,1.07,-0.25,0.13,0.09
-3.58,-2.91,1.05,-0.25,0.12,0.09
-3.51,-2.89,1.05,-0.25,0.12,0.1
-3.45,-2.97,1.02,-0.25,0.12,0.1
-3.35,-3.06,1.0,-0.25,0.11,0.11
-3.31,-3.18,1.13,-0.25,0.12,0.11
-3.28,-3.28,1.05,-0.25,0.12,0.11
-3.28,-3.33,1.03,-0.25,0.12,0.11
-3.29,-3.43,1.13,-0.24,0.12,0.12
-3.37,-3.43,1.13,-0.21,0.12,0.11
-3.41,-3.47,1.21,-0.18,0.12,0.11
-3.43,-3.47,1.17,-0.15,0.13,0.11
-3.47,-3.37,1.23,-0.12,0.13,0.11
-3.6,-3.41,1.13,-0.1,0.13,0.11
-3.62,-3.28,1.21,-0.08,0.13,0.1
-3.64,-3.22,1.21,-0.06,0.13,0.1
-3.6,-3.14,1.13,-0.04,0.12,0.1
-3.7,-3.01,1.13,-0.03,0.13,0.1
-3.77,-2.85,1.17,-0.02,0.13,0.1
-3.75,-2.83,1.05,-0.02,0.14,0.1
-3.83,-3.01,1.26,-0.03,0.15,0.1
-3.7,-2.82,1.13,-0.04,0.16,0.11
-3.68,-2.8,1.13,-0.06,0.16,0.12
-3.75,-2.82,1.15,-0.07,0.16,0.12
-3.72,-2.87,1.15,-0.08,0.16,0.12
-3.75,-2.87,1.05,-0.08,0.16,0.13
-3.81,-2.95,1.03,-0.08,0.16,0.13
-3.79,-2.91,0.9,-0.08,0.15,0.13
-3.79,-2.95,0.88,-0.08,0.16,0.13
-3.75,-2.93,0.73,-0.08,0.16,0.13
-3.77,-2.89,0.69,-0.07,0.17,0.13
-3.77,-2.87,0.63,-0.07,0.18,0.13
-3.7,-2.85,0.57,-0.08,0.18,0.14
-3.72,-2.87,0.54,-0.09,0.19,0.14
-3.7,-2.85,0.4,-0.1,0.2,0.14
-3.68,-2.91,0.44,-0.1,0.21,0.14
-3.64,-3.03,0.36,-0.11,0.22,0.15
-3.66,-3.03,0.34,-0.12,0.23,0.15
-3.7,-3.2,0.42,-0.13,0.24,0.15
-3.68,-3.26,0.4,-0.13,0.25,0.15
-3.72,-3.37,0.5,-0.13,0.26,0.15
-3.73,-3.41,0.54,-0.12,0.27,0.15
-3.75,-3.47,0.63,-0.11,0.27,0.14
-3.73,-3.43,0.57,-0.1,0.28,0.14
-3.77,-3.35,0.61,-0.09,0.27,0.13
-3.77,-3.29,0.54,-0.08,0.27,0.13
-3.81,-3.26,0.52,-0.07,0.28,0.13
-3.75,-3.1,0.48,-0.06,0.28,0.13
-3.72,-3.06,0.46,-0.06,0.28,0.12
-3.75,-2.97,0.5,-0.05,0.28,0.12
-3.77,-2.93,0.63,-0.05,0.27,0.12
-3.81,-2.89,0.61,-0.05,0.26,0.12
-3.83,-3.05,0.67,-0.05,0.25,0.13
-3.93,-2.99,0.63,-0.05,0.23,0.14
-3.91,-3.03,0.65,-0.04,0.22,0.15
-3.96,-2.99,0.57,-0.04,0.21,0.16
-3.93,-3.08,0.48,-0.03,0.21,0.17
-3.91,-3.06,0.44,-0.03,0.2,0.17
-3.95,-3.06,0.44,-0.02,0.19,0.18
-4.0,-2.97,0.44,-0.02,0.18,0.18
-4.04,-2.97,0.31,-0.03,0.17,0.19
-4.0,-2.91,0.34,-0.03,0.16,0.19
-4.06,-2.87,0.36,-0.03,0.16,0.2
-4.06,-2.82,0.4,-0.04,0.17,0.2
-4.04,-2.72,0.36,-0.05,0.17,0.21
-4.1,-2.83,0.29,-0.05,0.18,0.21
-4.02,-2.78,0.4,-0.06,0.19,0.21
-3.98,-2.76,0.5,-0.06,0.2,0.22
-3.93,-2.78,0.44,-0.06,0.22,0.22
-3.89,-2.78,0.34,-0.06,0.23,0.22
-3.83,-2.83,0.36,-0.06,0.24,0.22
-3.83,-2.8,0.27,-0.06,0.25,0.22
-3.87,-2.78,0.19,-0.07,0.25,0.22
-3.87,-2.85,0.17,-0.07,0.26,0.22
-3.89,-2.85,0.02,-0.07,0.26,0.22
-3.96,-2.83,-0.11,-0.08,0.26,0.22
-3.98,-2.89,0.02,-0.08,0.25,0.22
-3.98,-2.89,0.0,-0.09,0.25,0.22
-4.02,-2.76,0.11,-0.09,0.24,0.23
-4.0,-2.74,0.11,-0.09,0.24,0.23
-4.12,-2.78,0.02,-0.09,0.23,0.23
-4.19,-2.74,0.1,-0.09,0.22,0.23
-4.27,-2.59,0.15,-0.09,0.2,0.23
-4.18,-2.47,0.33,-0.1,0.19,0.24
-4.19,-2.47,0.33,-0.11,0.18,0.25
-4.18,-2.45,0.44,-0.12,0.17,0.25
-4.33,-2.39,0.48,-0.14,0.17,0.27
-4.21,-2.38,0.5,-0.15,0.17,0.28
-4.1,-2.28,0.4,-0.15,0.16,0.29
-4.06,-2.24,0.4,-0.15,0.16,0.31
-4.06,-2.22,0.23,-0.14,0.15,0.32
-3.98,-2.2,0.08,-0.13,0.13,0.33
-3.96,-2.2,-0.06,-0.14,0.1,0.34
-4.0,-2.24,-0.15,-0.15,0.07,0.34
-4.0,-2.26,-0.29,-0.17,0.05,0.35
-4.02,-2.32,-0.29,-0.2,0.02,0.35
-3.93,-2.41,-0.29,-0.23,0.01,0.36
-3.96,-2.45,-0.19,-0.25,0.01,0.36
-3.95,-2.6,-0.15,-0.27,0.0,0.36
-3.95,-2.7,-0.15,-0.27,-0.0,0.35
-4.0,-2.78,-0.11,-0.26,-0.01,0.35
-4.16,-2.78,0.04,-0.25,-0.02,0.33
-4.21,-2.8,-0.02,-0.22,-0.03,0.32
-4.25,-2.8,0.21,-0.19,-0.02,0.31
-4.37,-2.72,0.1,-0.17,-0.01,0.31
-4.46,-2.7,0.02,-0.15,-0.0,0.31
-4.46,-2.51,0.11,-0.15,0.01,0.32
-4.39,-2.49,0.27,-0.13,0.02,0.34
-4.35,-2.3,0.08,-0.11,0.02,0.35
-4.25,-2.15,-0.02,-0.09,0.02,0.36
-4.27,-2.16,-0.1,-0.08,0.01,0.36
-4.37,-2.16,-0.17,-0.07,-0.01,0.36
-4.39,-2.2,-0.27,-0.07,-0.04,0.35
-4.46,-2.26,-0.27,-0.08,-0.06,0.35
-4.46,-2.3,-0.33,-0.1,-0.07,0.34
-4.44,-2.28,-0.31,-0.12,-0.07,0.33
-4.48,-2.3,-0.23,-0.13,-0.07,0.32
-4.48,-2.32,-0.19,-0.14,-0.05,0.31
-4.52,-2.34,-0.23,-0.15,-0.03,0.3
-4.62,-2.38,-0.15,-0.15,-0.01,0.29
-4.54,-2.36,-0.11,-0.14,-0.0,0.29
-4.56,-2.32,-0.13,-0.12,0.01,0.29
-4.48,-2.28,-0.15,-0.11,0.02,0.29
-4.39,-2.22,-0.06,-0.09,0.02,0.3
-4.42,-2.11,-0.13,-0.08,0.02,0.3
-4.46,-2.09,-0.06,-0.07,0.02,0.31
-4.48,-1.93,-0.08,-0.06,0.01,0.31
-4.48,-1.86,-0.19,-0.06,0.0,0.32
-4.52,-1.82,-0.25,-0.07,-0.01,0.32
-4.64,-1.7,-0.19,-0.07,-0.01,0.32
-4.64,-1.7,-0.21,-0.08,-0.02,0.32
-4.67,-1.61,-0.19,-0.09,-0.03,0.31
-4.77,-1.65,-0.33,-0.1,-0.04,0.3
-4.83,-1.53,-0.29,-0.11,-0.05,0.29
-4.88,-1.49,-0.31,-0.12,-0.06,0.28
-4.98,-1.36,-0.27,-0.13,-0.07,0.27
-5.11,-1.32,-0.25,-0.15,-0.08,0.26
-5.23,-1.24,-0.21,-0.16,-0.09,0.25
-5.29,-1.17,-0.13,-0.18,-0.09,0.25
-5.21,-1.28,-0.04,-0.2,-0.09,0.25
-5.23,-1.3,-0.02,-0.21,-0.08,0.25
-5.21,-1.34,0.11,-0.22,-0.07,0.25
-5.13,-1.38,0.1,-0.22,-0.06,0.26
-5.02,-1.36,0.06,-0.22,-0.05,0.26
-4.81,-1.51,0.04,-0.21,-0.05,0.27
-4.67,-1.46,0.1,-0.2,-0.04,0.27
-4.54,-1.51,-0.11,-0.19,-0.05,0.28
-4.41,-1.59,-0.17,-0.17,-0.05,0.28
-4.33,-1.69,-0.23,-0.16,-0.06,0.28
-4.23,-1.7,-0.33,-0.16,-0.07,0.27
-4.19,-1.8,-0.34,-0.16,-0.07,0.28
-4.21,-1.86,-0.33,-0.15,-0.07,0.28
-4.14,-1.8,-0.19,-0.14,-0.07,0.28
-4.14,-1.82,-0.13,-0.13,-0.06,0.28
-4.18,-1.7,0.02,-0.11,-0.06,0.28
-4.23,-1.65,0.1,-0.09,-0.05,0.29
-4.37,-1.53,0.19,-0.07,-0.04,0.29
-4.46,-1.44,0.27,-0.05,-0.04,0.3
-4.58,-1.34,0.34,-0.04,-0.03,0.3
-4.67,-1.23,0.44,-0.03,-0.02,0.31
-4.85,-1.13,0.54,-0.03,-0.0,0.31
-4.9,-1.09,0.61,-0.04,0.01,0.32
-5.02,-1.11,0.67,-0.05,0.03,0.33
-4.98,-1.05,0.84,-0.05,0.03,0.34
-4.96,-1.03,0.79,-0.06,0.03,0.35
-4.88,-1.02,0.71,-0.05,0.01,0.35
-4.87,-1.02,0.63,-0.05,-0.02,0.36
-4.83,-1.03,0.56,-0.04,-0.05,0.36
-4.77,-1.03,0.5,-0.03,-0.08,0.36
-4.75,-1.07,0.38,-0.03,-0.1,0.36
-4.77,-1.17,0.27,-0.03,-0.13,0.36
-4.83,-1.28,0.34,-0.03,-0.16,0.35
-4.88,-1.24,0.42,-0.03,-0.19,0.34
-4.96,-1.38,0.25,-0.03,-0.2,0.34
-4.9,-1.53,0.29,-0.04,-0.21,0.34
-4.88,-1.55,0.31,-0.04,-0.21,0.34
-4.88,-1.69,0.29,-0.03,-0.2,0.34
-4.87,-1.78,0.34,-0.02,-0.18,0.35
-4.87,-1.76,0.31,-0.01,-0.17,0.34
-4.88,-1.84,0.29,0.01,-0.15,0.34
-4.85,-1.74,0.31,0.04,-0.14,0.33
-4.85,-1.59,0.31,0.06,-0.12,0.32
-4.79,-1.55,0.21,0.09,-0.12,0.31
-4.81,-1.44,0.21,0.11,-0.11,0.3
-4.85,-1.3,0.21,0.14,-0.12,0.28
-4.87,-1.23,0.17,0.16,-0.12,0.27
-4.9,-1.07,0.17,0.18,-0.14,0.25
-4.94,-1.03,0.15,0.2,-0.15,0.23
-5.02,-0.98,0.13,0.21,-0.16,0.21
-5.08,-1.0,0.1,0.21,-0.17,0.19
-5.27,-0.94,0.08,0.21,-0.17,0.17
-5.34,-1.02,0.11,0.2,-0.17,0.15
-5.42,-1.07,0.1,0.2,-0.16,0.14
-5.5,-1.11,0.06,0.2,-0.15,0.12
-5.4,-1.17,0.1,0.21,-0.13,0.11
-5.42,-1.21,0.11,0.22,-0.11,0.1
-5.38,-1.19,0.11,0.24,-0.09,0.09
-5.31,-1.05,0.13,0.26,-0.07,0.09
-5.23,-1.05,0.21,0.28,-0.04,0.08
-5.09,-0.92,0.15,0.3,-0.02,0.08
-4.96,-0.84,0.27,0.31,0.0,0.08
-4.85,-0.67,0.34,0.32,0.03,0.07
-4.71,-0.5,0.34,0.31,0.05,0.07
-4.62,-0.4,0.52,0.3,0.08,0.08
-4.52,-0.23,0.57,0.28,0.09,0.08
-4.42,-0.17,0.67,0.26,0.1,0.08
-4.42,-0.13,0.73,0.23,0.1,0.08
-4.39,-0.1,0.84,0.22,0.1,0.08
-4.35,-0.11,0.84,0.2,0.08,0.09
-4.29,-0.21,0.84,0.19,0.06,0.09
-4.35,-0.25,0.86,0.19,0.04,0.09
-4.39,-0.29,0.98,0.19,0.02,0.1
-4.48,-0.33,1.02,0.19,0.0,0.1
-4.54,-0.44,1.05,0.2,-0.02,0.11
-4.65,-0.54,0.98,0.2,-0.05,0.11
-4.71,-0.59,0.98,0.2,-0.07,0.11
-4.96,-0.69,1.07,0.2,-0.1,0.12
-4.88,-0.84,1.13,0.19,-0.12,0.11
-4.88,-0.9,1.05,0.19,-0.14,0.11
-4.94,-0.86,1.17,0.19,-0.16,0.12
-4.94,-0.88,1.09,0.19,-0.18,0.12
-4.9,-0.84,0.98,0.21,-0.18,0.12
-4.87,-0.88,0.94,0.24,-0.18,0.13
-4.83,-0.86,0.79,0.26,-0.18,0.13
-4.85,-0.77,0.69,0.29,-0.17,0.13
-4.9,-0.82,0.59,0.3,-0.17,0.13
-4.9,-0.75,0.54,0.3,-0.16,0.14
-4.85,-0.71,0.46,0.29,-0.15,0.14
-4.85,-0.75,0.31,0.26,-0.14,0.14
-4.87,-0.75,0.34,0.23,-0.13,0.14
-4.83,-0.69,0.34,0.2,-0.11,0.13
-4.85,-0.8,0.33,0.18,-0.1,0.12
-4.88,-0.8,0.42,0.16,-0.08,0.11
-4.81,-0.82,0.48,0.16,-0.07,0.11
-4.9,-0.84,0.48,0.16,-0.04,0.1
-4.83,-0.88,0.48,0.17,-0.02,0.09
-4.88,-0.82,0.48,0.19,0.01,0.09
-4.87,-0.77,0.67,0.2,0.04,0.08
-4.88,-0.71,0.57,0.22,0.06,0.08
-4.85,-0.67,0.52,0.23,0.09,0.08
-4.85,-0.63,0.59,0.23,0.11,0.08
-4.81,-0.61,0.54,0.23,0.13,0.07
-4.83,-0.57,0.67,0.22,0.14,0.07
-4.88,-0.48,0.67,0.21,0.15,0.06
-4.92,-0.44,0.77,0.2,0.15,0.06
-4.92,-0.5,0.8,0.18,0.15,0.05
-4.96,-0.54,0.84,0.17,0.15,0.04
-5.08,-0.48,0.84,0.16,0.14,0.03
-5.11,-0.44,0.88,0.15,0.14,0.03
-5.15,-0.36,0.9,0.14,0.13,0.03
-5.15,-0.4,0.86,0.14,0.12,0.03
-5.13,-0.31,0.88,0.14,0.11,0.04
-5.04,-0.25,0.96,0.14,0.1,0.04
-4.94,-0.15,0.98,0.13,0.09,0.05
-4.87,-0.13,0.86,0.13,0.09,0.05
-4.83,-0.08,0.77,0.12,0.08,0.06
-4.77,-0.06,0.69,0.11,0.08,0.06
-4.73,-0.04,0.61,0.09,0.07,0.06
-4.65,-0.11,0.59,0.07,0.06,0.06
-4.73,-0.1,0.56,0.05,0.05,0.07
-4.65,-0.19,0.56,0.03,0.04,0.06
-4.69,-0.23,0.57,0.01,0.04,0.06
-4.75,-0.29,0.65,0.0,0.03,0.06
-4.77,-0.31,0.67,-0.01,0.02,0.06
-4.87,-0.31,0.67,-0.01,0.01,0.05
-4.9,-0.42,0.73,-0.01,0.01,0.05
-4.94,-0.4,0.75,-0.01,0.01,0.05
-4.96,-0.36,0.8,-0.01,0.01,0.05
-4.98,-0.42,0.73,-0.0,0.01,0.04
-4.96,-0.36,0.65,-0.0,0.02,0.04
-4.98,-0.31,0.69,-0.01,0.03,0.04
-4.92,-0.36,0.61,-0.01,0.03,0.04
-4.96,-0.36,0.61,-0.02,0.04,0.04
-4.9,-0.33,0.67,-0.02,0.05,0.04
-4.9,-0.36,0.57,-0.03,0.06,0.03
-4.92,-0.38,0.56,-0.03,0.06,0.03
-4.9,-0.36,0.63,-0.03,0.06,0.02
-4.92,-0.4,0.65,-0.03,0.06,0.02
-4.92,-0.44,0.59,-0.02,0.05,0.01
-4.92,-0.42,0.63,-0.01,0.04,0.0
-4.92,-0.48,0.61,-0.0,0.03,-0.0
-4.94,-0.31,0.69,0.01,0.02,-0.01
-4.92,-0.42,0.57,0.02,0.01,-0.01
-4.94,-0.42,0.57,0.03,0.01,-0.02
-4.92,-0.36,0.63,0.04,0.02,-0.02
-4.92,-0.36,0.59,0.04,0.02,-0.02
-4.96,-0.33,0.61,0.05,0.03,-0.01
-4.94,-0.31,0.63,0.04,0.04,-0.01
-4.92,-0.31,0.67,0.04,0.05,-0.0
-4.9,-0.33,0.77,0.03,0.06,0.0
-4.83,-0.27,0.73,0.03,0.07,0.01
-4.81,-0.4,0.63,0.02,0.08,0.02
-4.75,-0.23,0.86,0.01,0.09,0.03
-4.69,-0.25,0.86,-0.0,0.1,0.04
-4.73,-0.23,0.88,-0.01,0.11,0.04
-4.67,-0.31,1.0,-0.02,0.11,0.05
-4.65,-0.25,0.96,-0.03,0.11,0.05
-4.64,-0.29,1.02,-0.03,0.11,0.05
-4.58,-0.31,1.05,-0.03,0.11,0.06
-4.71,-0.31,1.02,-0.03,0.11,0.06
-4.85,-0.31,0.98,-0.03,0.11,0.07
-4.9,-0.31,1.0,-0.02,0.1,0.07
-4.92,-0.27,0.92,-0.02,0.08,0.07
-5.02,-0.25,0.84,-0.01,0.06,0.07
-5.0,-0.23,0.82,-0.01,0.05,0.06
-4.96,-0.34,0.75,-0.0,0.05,0.06
-5.0,-0.29,0.54,-0.0,0.06,0.04
-4.98,-0.33,0.5,-0.01,0.07,0.03
-5.04,-0.29,0.42,-0.01,0.07,0.02
-5.06,-0.33,0.36,-0.0,0.08,0.01
-5.0,-0.34,0.42,0.0,0.09,-0.0
-5.04,-0.38,0.34,0.02,0.09,-0.01
-5.04,-0.27,0.29,0.03,0.08,-0.02
-5.02,-0.33,0.4,0.05,0.08,-0.02
-5.02,-0.33,0.4,0.07,0.07,-0.03
-5.11,-0.31,0.57,0.09,0.05,-0.03
-5.06,-0.27,0.54,0.12,0.04,-0.02
-4.98,-0.23,0.5,0.14,0.02,-0.02
-4.98,-0.1,0.57,0.15,0.01,-0.02
-4.94,-0.1,0.5,0.16,0.01,-0.01
-4.96,0.02,0.57,0.15,0.0,-0.01
-5.04,0.1,0.59,0.13,0.0,-0.0
-5.0,0.13,0.59,0.11,0.01,0.01
-4.98,0.19,0.86,0.08,0.01,0.01
-4.96,0.1,0.71,0.05,0.01,0.01
-4.96,0.02,0.61,0.01,0.01,0.02
-4.9,-0.04,0.59,-0.03,0.02,0.02
-4.88,-0.13,0.56,-0.07,0.03,0.02
-4.88,-0.25,0.61,-0.09,0.04,0.02
-4.77,-0.4,0.56,-0.11,0.04,0.01
-4.83,-0.48,0.57,-0.12,0.05,0.01
-4.81,-0.57,0.63,-0.12,0.06,0.0
-4.88,-0.63,0.71,-0.11,0.06,-0.0
-4.9,-0.65,0.65,-0.09,0.05,-0.01
-4.87,-0.67,0.73,-0.06,0.04,-0.01
-4.85,-0.73,0.65,-0.03,0.04,-0.02
-4.92,-0.61,0.59,-0.01,0.04,-0.02
-4.96,-0.56,0.52,0.02,0.04,-0.02
-5.0,-0.57,0.52,0.03,0.04,-0.02
-5.02,-0.5,0.54,0.04,0.03,-0.02
-5.04,-0.46,0.5,0.05,0.03,-0.01
-5.06,-0.54,0.46,0.05,0.03,-0.01
-5.0,-0.46,0.46,0.05,0.02,-0.01
-5.02,-0.44,0.57,0.04,0.02,-0.01
-4.92,-0.4,0.63,0.04,0.02,-0.01
-4.81,-0.27,0.61,0.04,0.02,-0.0
-4.81,-0.5,0.54,0.04,0.02,-0.0
-4.83,-0.42,0.52,0.04,0.02,-0.0
-4.75,-0.42,0.57,0.04,0.02,0.0
-4.67,-0.44,0.59,0.04,0.02,0.0
-4.75,-0.44,0.61,0.04,0.01,0.01
-4.75,-0.38,0.65,0.04,0.01,0.01
-4.81,-0.38,0.69,0.04,0.01,0.01
-4.77,-0.36,0.59,0.04,0.01,0.01
-4.81,-0.29,0.63,0.04,0.01,0.02
-4.79,-0.4,0.63,0.04,0.01,0.02
-4.88,-0.33,0.65,0.03,0.01,0.02
-4.92,-0.31,0.69,0.03,0.01,0.02
-4.9,-0.27,0.71,0.03,0.0,0.02
-4.85,-0.27,0.63,0.03,0.0,0.02
-4.88,-0.38,0.69,0.02,-0.0,0.03
-4.9,-0.34,0.73,0.03,-0.0,0.03
-4.88,-0.38,0.71,0.03,-0.0,0.03
-4.9,-0.31,0.69,0.03,-0.0,0.03
-4.87,-0.36,0.82,0.03,-0.0,0.02
-4.87,-0.38,0.84,0.03,-0.01,0.02
-4.88,-0.34,0.84,0.04,-0.0,0.02
-4.85,-0.25,0.84,0.05,0.0,0.02
-4.9,-0.34,0.8,0.05,0.01,0.02
-4.92,-0.29,0.71,0.06,0.01,0.02
-4.92,-0.25,0.75,0.06,0.01,0.01
-4.92,-0.34,0.71,0.07,0.02,0.01
-4.87,-0.34,0.63,0.07,0.02,0.01
-4.88,-0.34,0.67,0.07,0.02,0.0
-4.9,-0.19,0.65,0.07,0.02,-0.0
-4.94,-0.29,0.61,0.07,0.02,-0.0
-4.9,-0.27,0.61,0.07,0.02,-0.01
-4.9,-0.21,0.65,0.06,0.02,-0.01
-4.92,-0.27,0.69,0.06,0.02,-0.01
-4.92,-0.21,0.69,0.06,0.02,-0.01
-4.92,-0.25,0.75,0.06,0.01,-0.01
-4.92,-0.21,0.77,0.05,0.01,-0.01
-4.92,-0.13,0.79,0.06,0.01,-0.01
-4.9,-0.21,0.84,0.06,0.01,-0.01
-4.92,-0.21,0.75,0.06,0.02,-0.01
-4.88,-0.17,0.73,0.06,0.02,-0.01
-4.9,-0.21,0.82,0.05,0.02,-0.01
-4.88,-0.17,0.88,0.05,0.02,-0.01
-4.96,-0.19,0.8,0.04,0.03,-0.01
-4.92,-0.17,0.82,0.03,0.03,-0.0
-4.83,-0.21,0.82,0.02,0.03,-0.0
-4.85,-0.29,0.82,0.01,0.03,-0.0
-4.88,-0.15,0.84,0.0,0.03,-0.0
-4.87,-0.19,0.8,-0.0,0.03,-0.0
-4.9,-0.29,0.79,-0.01,0.03,-0.0
-4.87,-0.25,0.84,-0.01,0.03,-0.0
-4.88,-0.25,0.8,-0.01,0.03,-0.0
-4.87,-0.29,0.71,-0.01,0.03,-0.0
-4.9,-0.27,0.65,-0.01,0.03,-0.01
-4.9,-0.27,0.71,-0.02,0.03,-0.0
-4.9,-0.21,0.71,-0.02,0.03,-0.0
-4.9,-0.25,0.73,-0.03,0.03,-0.0
-4.87,-0.33,0.75,-0.03,0.03,-0.0
-4.9,-0.21,0.77,-0.04,0.03,-0.0
-4.9,-0.29,0.77,-0.04,0.03,-0.0
-4.92,-0.34,0.69,-0.04,0.03,-0.0
-4.9,-0.31,0.75,-0.03,0.03,-0.0
-4.88,-0.34,0.79,-0.03,0.03,-0.0
-4.9,-0.33,0.77,-0.02,0.03,-0.0
-4.9,-0.34,0.73,-0.02,0.03,-0.0
-4.77,-0.4,0.82,-0.02,0.03,-0.0
-4.88,-0.34,0.69,-0.01,0.03,-0.0
-4.88,-0.34,0.73,-0.01,0.03,-0.0
-4.9,-0.34,0.71,-0.01,0.03,0.0
-4.88,-0.38,0.65,-0.01,0.03,-0.0
-4.87,-0.34,0.67,-0.01,0.02,0.0
-4.87,-0.33,0.71,-0.0,0.02,0.0
-4.87,-0.38,0.71,-0.0,0.02,0.0
-4.87,-0.31,0.69,-0.0,0.01,0.0
-4.85,-0.34,0.63,-0.0,0.01,0.0
-4.83,-0.31,0.73,0.0,0.0,0.0
-4.88,-0.33,0.73,0.0,0.0,0.0
-4.85,-0.33,0.75,0.01,0.0,0.0
-4.87,-0.36,0.75,0.01,0.0,0.0
-4.9,-0.31,0.75,0.02,0.0,0.0
-4.9,-0.33,0.77,0.02,0.0,0.0
-4.9,-0.31,0.73,0.03,0.01,0.0
-4.88,-0.29,0.77,0.03,0.01,0.0
-4.87,-0.27,0.79,0.03,0.01,0.0
-4.88,-0.29,0.79,0.03,0.02,0.0
-4.81,-0.38,0.84,0.03,0.02,0.0
-4.85,-0.52,0.92,0.03,0.02,0.0
-4.83,-0.33,0.75,0.02,0.02,0.0
-4.87,-0.33,0.75,0.02,0.02,0.0
-4.88,-0.34,0.73,0.02,0.02,0.0
-4.87,-0.27,0.82,0.02,0.02,0.0
-4.81,-0.34,0.77,0.02,0.02,0.01
-4.87,-0.31,0.75,0.02,0.02,0.01
-4.87,-0.27,0.77,0.02,0.02,0.0
-4.81,-0.31,0.79,0.01,0.02,0.0
-4.85,-0.29,0.79,0.01,0.01,0.0
-4.85,-0.33,0.8,0.01,0.01,0.0
-4.83,-0.33,0.79,0.01,0.01,0.0
-4.83,-0.31,0.77,0.01,0.01,0.0
-4.83,-0.25,0.77,0.01,0.01,0.0
-4.88,-0.29,0.79,0.01,0.01,-0.0
-4.88,-0.27,0.79,0.01,0.01,-0.0
-4.92,-0.23,0.8,0.01,0.01,-0.0
-4.94,-0.23,0.77,0.01,0.01,-0.0
-4.92,-0.21,0.77,0.01,0.02,-0.0
-4.9,-0.27,0.84,0.0,0.02,-0.0
-4.85,-0.17,0.8,0.0,0.03,0.0
-4.88,-0.19,0.8,-0.0,0.03,0.0
-5.04,-0.19,0.63,-0.01,0.03,0.0
-4.87,-0.23,0.82,-0.01,0.04,0.0
-4.94,-0.29,0.8,-0.01,0.04,0.0
-4.81,-0.34,0.73,-0.01,0.05,0.0
-4.88,-0.36,0.79,-0.02,0.05,0.0
-4.9,-0.29,0.79,-0.02,0.05,0.0
-4.85,-0.29,0.75,-0.02,0.05,0.0
-4.85,-0.31,0.79,-0.02,0.05,0.0
-4.87,-0.33,0.75,-0.02,0.04,0.0
-4.87,-0.33,0.77,-0.02,0.04,-0.0
-4.81,-0.31,0.73,-0.02,0.04,-0.0
-4.85,-0.33,0.75,-0.02,0.04,-0.0
-4.87,-0.27,0.77,-0.02,0.04,-0.0
-4.88,-0.25,0.75,-0.02,0.03,-0.0
-4.87,-0.27,0.79,-0.02,0.03,-0.0
-4.87,-0.31,0.77,-0.02,0.03,-0.0
-4.9,-0.27,0.82,-0.02,0.03,-0.0
-4.87,-0.27,0.77,-0.02,0.03,-0.0
-4.87,-0.23,0.79,-0.02,0.03,-0.0
-4.85,-0.25,0.82,-0.02,0.03,-0.0
-4.87,-0.25,0.82,-0.02,0.03,-0.0
-4.9,-0.31,0.86,-0.02,0.03,-0.0
-4.79,-0.23,0.73,-0.02,0.03,-0.0
-4.88,-0.25,0.84,-0.02,0.04,-0.0
-4.87,-0.23,0.84,-0.02,0.04,0.0
-4.88,-0.23,0.8,-0.02,0.04,0.0
-4.87,-0.27,0.82,-0.02,0.04,0.0
-4.83,-0.36,0.82,-0.03,0.04,0.0
-4.83,-0.27,0.73,-0.03,0.04,0.0
-4.81,-0.29,0.75,-0.03,0.04,0.0
-4.85,-0.25,0.77,-0.03,0.04,0.0
-4.88,-0.27,0.77,-0.03,0.04,0.0
-4.83,-0.27,0.73,-0.03,0.04,0.0
-4.88,-0.23,0.73,-0.03,0.04,0.0
-4.87,-0.33,0.82,-0.03,0.04,0.0
-4.88,-0.27,0.79,-0.03,0.04,-0.0
-4.9,-0.23,0.79,-0.03,0.03,0.0
-4.88,-0.34,0.8,-0.03,0.03,0.0
-4.9,-0.23,0.75,-0.03,0.03,0.0
-4.88,-0.33,0.84,-0.02,0.03,0.0
-4.9,-0.4,0.8,-0.02,0.03,0.0
-4.92,-0.33,0.84,-0.02,0.02,-0.0
-4.9,-0.36,0.79,-0.01,0.02,-0.0
-4.9,-0.34,0.8,-0.01,0.02,-0.0
-4.87,-0.27,0.94,-0.01,0.02,-0.0
-4.87,-0.27,0.75,-0.0,0.02,-0.01
-4.9,-0.33,0.77,-0.0,0.02,-0.01
-4.87,-0.29,0.79,0.0,0.03,-0.01
-4.88,-0.31,0.71,0.0,0.03,-0.01
-4.88,-0.31,0.75,0.0,0.03,-0.01
-4.9,-0.31,0.77,0.0,0.03,-0.01
-4.88,-0.29,0.8,0.0,0.03,-0.0
-4.88,-0.31,0.82,0.0,0.03,-0.0
-4.87,-0.29,0.79,0.01,0.03,-0.0
-4.87,-0.31,0.8,0.01,0.03,-0.0
-4.88,-0.38,0.73,0.01,0.03,-0.0
-4.87,-0.36,0.8,0.01,0.03,-0.0
-4.88,-0.34,0.79,0.01,0.03,-0.0
-4.87,-0.36,0.75,0.01,0.03,-0.0
-4.88,-0.33,0.77,0.01,0.03,-0.0
-4.85,-0.33,0.75,0.01,0.03,0.0
-4.9,-0.25,0.79,0.01,0.04,0.0
-4.9,-0.25,0.71,0.0,0.04,0.0
-4.9,-0.25,0.75,-0.0,0.04,0.0
-4.94,-0.21,0.73,-0.01,0.04,0.0
-4.83,-0.27,0.8,-0.02,0.04,0.0
-4.92,-0.27,0.71,-0.03,0.04,0.01
-4.96,-0.33,0.77,-0.03,0.05,0.01
-4.9,-0.31,0.77,-0.04,0.05,0.01
-4.92,-0.33,0.79,-0.05,0.05,0.01
-4.87,-0.29,0.84,-0.05,0.05,0.02
-4.85,-0.33,0.86,-0.06,0.05,0.02
-4.87,-0.34,0.79,-0.06,0.06,0.02
-4.87,-0.33,0.75,-0.06,0.06,0.01
-4.81,-0.33,0.88,-0.06,0.06,0.01
-4.83,-0.23,0.86,-0.05,0.05,0.01
-4.75,-0.21,0.86,-0.05,0.05,0.01
-4.81,-0.25,0.84,-0.04,0.05,0.0
-4.81,-0.21,0.84,-0.03,0.05,0.0
-4.83,-0.17,0.84,-0.02,0.04,-0.0
-4.81,-0.19,0.82,-0.02,0.04,-0.0
-4.87,-0.19,0.84,-0.01,0.03,-0.0
-4.87,-0.21,0.79,-0.01,0.03,-0.0
-4.88,-0.23,0.88,-0.02,0.03,-0.0
-4.9,-0.23,0.84,-0.02,0.02,0.0
-4.88,-0.25,0.82,-0.02,0.02,0.0
-4.87,-0.27,0.79,-0.02,0.01,0.0
-4.81,-0.15,0.82,-0.03,0.01,0.01
-4.88,-0.29,0.84,-0.03,0.02,0.01
-4.85,-0.29,0.8,-0.03,0.02,0.01
-4.9,-0.33,0.82,-0.02,0.02,0.01
-4.92,-0.31,0.84,-0.02,0.02,0.01
-4.88,-0.38,0.8,-0.02,0.02,0.01
-4.92,-0.34,0.79,-0.02,0.03,0.01
-4.9,-0.31,0.79,-0.02,0.03,0.01
-4.87,-0.34,0.71,-0.02,0.03,0.01
-4.9,-0.29,0.75,-0.02,0.03,0.0
-4.87,-0.31,0.75,-0.02,0.03,0.0
-4.87,-0.25,0.79,-0.02,0.03,-0.0
-4.85,-0.31,0.77,-0.02,0.04,-0.0
-4.81,-0.31,0.75,-0.02,0.04,-0.01
-4.83,-0.31,0.8,-0.02,0.04,-0.01
-4.88,-0.21,0.84,-0.03,0.04,-0.01
-4.85,-0.31,0.92,-0.03,0.04,-0.01
-4.9,-0.29,1.0,-0.03,0.05,-0.01
-4.9,-0.27,1.09,-0.04,0.05,-0.01
-4.9,-0.27,1.11,-0.04,0.05,-0.01
-4.94,-0.27,1.23,-0.04,0.05,-0.0
-4.92,-0.33,1.3,-0.04,0.05,-0.0
-5.08,-0.25,1.13,-0.04,0.05,-0.0
-5.09,-0.23,1.03,-0.04,0.06,-0.0
-5.11,-0.21,0.98,-0.03,0.06,0.0
-5.15,-0.27,0.86,-0.03,0.07,-0.0
-5.19,-0.29,0.67,-0.03,0.08,-0.0
-5.34,-0.42,0.57,-0.03,0.08,-0.01
-5.11,-0.38,0.48,-0.03,0.07,-0.01
-4.98,-0.38,0.36,-0.04,0.07,-0.01
-4.92,-0.42,0.33,-0.04,0.08,-0.02
-4.85,-0.46,0.27,-0.04,0.09,-0.02
-4.87,-0.5,0.36,-0.04,0.1,-0.03
-4.83,-0.46,0.46,-0.03,0.11,-0.03
-4.83,-0.5,0.52,-0.03,0.11,-0.04
-4.87,-0.44,0.63,-0.03,0.12,-0.04
-4.85,-0.46,0.71,-0.02,0.13,-0.04
-4.81,-0.44,0.79,-0.03,0.14,-0.04
-4.87,-0.42,0.82,-0.03,0.15,-0.03
-4.83,-0.44,0.82,-0.02,0.16,-0.03
-4.81,-0.4,0.86,-0.02,0.17,-0.02
-4.79,-0.4,0.88,-0.02,0.17,-0.02
-4.79,-0.42,0.88,-0.01,0.17,-0.01
-4.77,-0.38,0.88,-0.01,0.16,-0.01
-4.81,-0.34,0.8,-0.01,0.15,-0.0
-4.79,-0.44,0.77,-0.0,0.14,0.0
-4.71,-0.48,0.65,-0.0,0.12,0.0
-4.71,-0.46,0.67,0.0,0.1,0.0
-4.73,-0.44,0.61,0.01,0.09,0.0
-4.79,-0.48,0.54,0.01,0.07,0.0
-4.75,-0.46,0.46,0.02,0.05,0.0
-4.79,-0.34,0.44,0.03,0.04,0.0
-4.83,-0.38,0.46,0.04,0.02,0.0
-4.81,-0.38,0.4,0.05,0.02,0.0
-4.87,-0.27,0.36,0.05,0.01,0.0
-4.9,-0.25,0.48,0.05,0.01,0.0
-4.9,-0.29,0.46,0.04,0.01,0.01
-4.92,-0.25,0.57,0.03,0.01,0.01
-4.88,-0.23,0.54,0.02,0.02,0.01
-4.96,-0.25,0.56,0.01,0.03,0.02
-4.94,-0.29,0.54,0.01,0.04,0.02
-5.0,-0.27,0.56,-0.0,0.04,0.03
-4.98,-0.31,0.52,-0.01,0.05,0.03
-4.96,-0.33,0.54,-0.01,0.04,0.03
-4.94,-0.31,0.5,-0.01,0.04,0.03
-5.06,-0.46,0.33,-0.02,0.04,0.03
-4.92,-0.38,0.46,-0.02,0.04,0.03
-4.92,-0.44,0.48,-0.02,0.04,0.03
-4.94,-0.38,0.5,-0.02,0.04,0.03
-4.92,-0.46,0.52,-0.01,0.04,0.02
-4.92,-0.38,0.52,-0.01,0.04,0.02
-4.94,-0.42,0.57,-0.01,0.04,0.02
-4.94,-0.46,0.61,-0.0,0.04,0.03
-4.94,-0.5,0.52,0.0,0.04,0.03
-4.92,-0.52,0.54,0.0,0.04,0.03
-4.9,-0.52,0.65,0.01,0.04,0.03
-4.87,-0.4,0.61,0.01,0.04,0.03
-4.73,-0.48,0.63,0.02,0.04,0.03
-4.69,-0.38,0.61,0.02,0.05,0.03
-4.69,-0.44,0.69,0.03,0.05,0.03
-4.67,-0.42,0.59,0.03,0.05,0.03
-4.69,-0.36,0.67,0.03,0.06,0.03
-4.67,-0.46,0.57,0.03,0.06,0.02
-4.71,-0.44,0.52,0.03,0.05,0.01
-4.64,-0.44,0.5,0.03,0.05,0.0
-4.67,-0.44,0.52,0.03,0.05,-0.0
-4.75,-0.4,0.46,0.02,0.05,-0.01
-4.88,-0.46,0.5,0.02,0.05,-0.02
-4.9,-0.38,0.54,0.02,0.05,-0.02
-4.87,-0.42,0.61,0.02,0.05,-0.02
-4.87,-0.46,0.52,0.02,0.05,-0.03
-4.88,-0.4,0.65,0.02,0.05,-0.03
-4.88,-0.42,0.61,0.02,0.05,-0.03
-4.88,-0.36,0.75,0.02,0.06,-0.03
-4.87,-0.31,0.75,0.01,0.05,-0.03
-4.87,-0.23,0.84,0.01,0.05,-0.03
-4.81,-0.19,0.9,0.0,0.05,-0.04
-4.88,-0.17,0.94,0.01,0.05,-0.04
-4.88,-0.06,0.96,0.01,0.04,-0.04
-4.83,0.0,0.98,0.0,0.04,-0.04
-4.77,-0.04,1.05,-0.0,0.04,-0.05
-4.77,-0.1,1.19,-0.01,0.05,-0.05
-4.85,-0.06,1.32,-0.01,0.07,-0.05
-4.87,-0.1,1.42,-0.02,0.08,-0.05
-4.83,-0.15,1.49,-0.01,0.1,-0.04
-4.88,-0.11,1.55,0.01,0.12,-0.04
-4.9,-0.17,1.46,0.04,0.13,-0.03
-4.9,-0.1,1.36,0.07,0.13,-0.03
-4.98,-0.02,1.05,0.11,0.13,-0.03
-4.9,-0.02,0.86,0.14,0.13,-0.02
-4.94,0.02,0.75,0.15,0.12,-0.02
-4.9,-0.02,0.54,0.15,0.11,-0.01
-4.92,0.1,0.31,0.14,0.1,-0.01
-4.88,-0.02,0.27,0.12,0.09,-0.01
-4.9,-0.06,0.27,0.08,0.07,-0.01
-4.85,-0.11,0.29,0.05,0.06,-0.02
-4.87,-0.15,0.42,0.03,0.05,-0.02
-4.85,-0.21,0.4,0.01,0.04,-0.02
-4.83,-0.29,0.63,-0.0,0.03,-0.03
-4.88,-0.23,0.56,-0.0,0.03,-0.03
-4.88,-0.23,0.65,0.01,0.03,-0.04
-4.88,-0.21,0.71,0.02,0.03,-0.04
-4.92,-0.1,0.77,0.03,0.04,-0.05
-4.94,-0.1,0.73,0.04,0.05,-0.05
-4.94,-0.06,0.73,0.05,0.05,-0.05
-4.92,0.06,0.73,0.05,0.06,-0.05
-5.02,0.15,0.75,0.06,0.06,-0.05
-4.96,0.17,0.73,0.05,0.06,-0.05
-4.96,0.21,0.61,0.05,0.07,-0.04
-5.06,0.31,0.9,0.04,0.07,-0.04
-4.96,0.25,0.67,0.02,0.07,-0.03
-4.98,0.19,0.61,0.01,0.06,-0.03
-4.98,0.21,0.69,-0.01,0.06,-0.02
-4.98,0.15,0.67,-0.02,0.06,-0.02
-4.92,0.15,0.57,-0.03,0.05,-0.01
-4.88,0.0,0.57,-0.05,0.06,-0.01
-4.9,-0.02,0.63,-0.06,0.06,-0.01
-4.88,-0.08,0.57,-0.06,0.06,-0.01
-4.87,-0.19,0.61,-0.07,0.07,-0.01
-4.87,-0.25,0.61,-0.07,0.08,-0.02
-4.92,-0.29,0.63,-0.08,0.08,-0.02
-4.92,-0.29,0.56,-0.07,0.08,-0.02
-4.92,-0.25,0.63,-0.07,0.08,-0.02
-4.94,-0.34,0.56,-0.06,0.08,-0.03
-4.92,-0.31,0.54,-0.04,0.09,-0.03
-4.92,-0.31,0.54,-0.03,0.09,-0.03
-4.98,-0.25,0.5,-0.02,0.09,-0.04
-4.94,-0.25,0.54,-0.02,0.08,-0.04
-4.98,-0.27,0.42,-0.02,0.08,-0.04
-4.94,-0.31,0.5,-0.03,0.08,-0.04
-5.0,-0.34,0.5,-0.04,0.08,-0.05
-5.04,-0.21,0.56,-0.04,0.08,-0.05
-5.04,-0.31,0.52,-0.05,0.08,-0.06
-5.04,-0.25,0.57,-0.06,0.08,-0.06
-5.0,-0.31,0.69,-0.06,0.08,-0.07
-5.02,-0.31,0.71,-0.06,0.08,-0.07
-5.06,-0.29,0.79,-0.06,0.09,-0.07
-5.02,-0.19,0.67,-0.06,0.1,-0.07
-5.02,-0.17,0.71,-0.06,0.11,-0.07
-5.02,-0.06,0.75,-0.06,0.12,-0.07
-5.02,-0.02,0.82,-0.06,0.14,-0.07
-4.9,0.06,0.86,-0.07,0.15,-0.07
-5.04,0.04,0.9,-0.08,0.15,-0.07
-4.96,0.1,1.0,-0.09,0.15,-0.07
-5.06,0.11,1.0,-0.1,0.15,-0.07
-4.98,0.11,0.94,-0.12,0.14,-0.06
-4.94,0.0,0.88,-0.13,0.13,-0.05
-4.9,-0.02,0.82,-0.13,0.13,-0.05
-4.87,-0.1,0.65,-0.14,0.12,-0.04
-4.77,-0.21,0.36,-0.14,0.12,-0.04
-4.64,-0.5,0.33,-0.14,0.12,-0.04
-4.56,-0.56,0.25,-0.15,0.12,-0.04
-4.5,-0.59,0.0,-0.16,0.12,-0.05
-4.5,-0.84,0.04,-0.17,0.12,-0.06
-4.56,-0.92,-0.1,-0.18,0.13,-0.07
-4.58,-1.03,0.02,-0.17,0.13,-0.08
-4.54,-1.07,0.06,-0.16,0.14,-0.1
-4.62,-1.09,0.08,-0.14,0.14,-0.11
-4.65,-1.13,0.11,-0.12,0.15,-0.12
-4.77,-1.07,0.27,-0.09,0.16,-0.14
-4.9,-0.98,0.31,-0.06,0.17,-0.14
-4.94,-0.9,0.46,-0.04,0.18,-0.15
-5.04,-0.8,0.59,-0.01,0.2,-0.15
-4.98,-0.61,0.59,0.01,0.22,-0.15
-5.04,-0.54,0.61,0.02,0.25,-0.15
-5.06,-0.36,0.69,0.02,0.27,-0.15
-5.06,-0.25,0.69,0.01,0.29,-0.14
-4.98,-0.23,0.73,-0.0,0.3,-0.14
-5.04,-0.08,0.77,-0.02,0.31,-0.14
-4.92,-0.13,0.63,-0.04,0.32,-0.14
-4.92,-0.02,0.65,-0.06,0.32,-0.13
-4.88,-0.11,0.52,-0.07,0.31,-0.13
-4.87,-0.17,0.5,-0.09,0.29,-0.13
-4.87,-0.21,0.46,-0.1,0.27,-0.13
-4.88,-0.34,0.4,-0.11,0.24,-0.13
-4.88,-0.34,0.21,-0.13,0.22,-0.14
-4.83,-0.4,0.31,-0.13,0.2,-0.14
-4.83,-0.54,0.29,-0.14,0.19,-0.14
-4.87,-0.61,0.29,-0.14,0.18,-0.14
-4.9,-0.73,0.34,-0.14,0.17,-0.14
-4.88,-0.73,0.29,-0.13,0.17,-0.13
-4.92,-0.77,0.27,-0.13,0.16,-0.13
-5.0,-0.8,0.19,-0.12,0.16,-0.12
-5.06,-0.8,0.15,-0.12,0.15,-0.12
-5.09,-0.88,-0.06,-0.11,0.15,-0.12
-5.06,-0.92,-0.17,-0.11,0.14,-0.11
-5.02,-0.94,-0.19,-0.11,0.14,-0.11
-5.0,-1.02,-0.31,-0.11,0.14,-0.11
-4.98,-0.98,-0.31,-0.12,0.14,-0.11
-4.96,-0.94,-0.31,-0.12,0.14,-0.11
-4.98,-1.0,-0.21,-0.12,0.14,-0.12
-4.98,-0.96,-0.19,-0.12,0.14,-0.12
-4.92,-0.96,-0.13,-0.11,0.14,-0.12
-4.94,-0.92,-0.11,-0.1,0.13,-0.11
-4.9,-0.94,-0.1,-0.09,0.13,-0.11
-4.65,-0.96,0.06,-0.08,0.13,-0.1
-4.87,-0.8,0.06,-0.07,0.12,-0.1
-4.88,-0.71,0.08,-0.07,0.11,-0.1
-4.9,-0.73,-0.04,-0.07,0.1,-0.1
-4.88,-0.79,-0.13,-0.08,0.09,-0.1
-4.9,-0.79,-0.19,-0.09,0.08,-0.1
-4.85,-0.9,-0.29,-0.1,0.08,-0.1
-4.9,-0.98,-0.33,-0.11,0.09,-0.11
-4.83,-1.07,-0.31,-0.12,0.09,-0.11
-4.88,-1.11,-0.33,-0.13,0.1,-0.11
-4.81,-1.15,-0.23,-0.14,0.11,-0.12
-4.85,-1.19,-0.34,-0.14,0.12,-0.12
-4.87,-1.3,-0.17,-0.14,0.13,-0.13
-4.81,-1.4,-0.19,-0.13,0.13,-0.13
-4.85,-1.34,-0.13,-0.11,0.13,-0.13
-4.79,-1.42,-0.13,-0.09,0.13,-0.13
-4.83,-1.4,-0.13,-0.07,0.12,-0.13
-4.83,-1.34,-0.13,-0.05,0.1,-0.14
-4.83,-1.23,-0.19,-0.03,0.09,-0.14
-4.9,-1.23,-0.25,-0.02,0.08,-0.15
-4.9,-1.17,-0.29,-0.01,0.07,-0.15
-5.0,-1.07,-0.27,-0.01,0.06,-0.16
-4.98,-1.07,-0.17,-0.01,0.06,-0.17
-4.98,-1.07,-0.27,-0.01,0.06,-0.17
-4.98,-0.98,-0.17,-0.02,0.07,-0.17
-4.96,-1.02,-0.15,-0.03,0.07,-0.17
-4.96,-1.05,-0.06,-0.04,0.07,-0.17
-4.94,-1.05,0.0,-0.04,0.07,-0.18
-4.94,-1.03,0.0,-0.05,0.07,-0.18
-4.83,-1.07,0.0,-0.06,0.06,-0.18
-4.83,-1.11,-0.02,-0.06,0.06,-0.19
-4.75,-1.13,-0.13,-0.06,0.06,-0.19
-4.79,-1.13,-0.25,-0.05,0.05,-0.2
-4.79,-1.13,-0.29,-0.05,0.06,-0.21
-4.79,-1.19,-0.25,-0.04,0.07,-0.22
-4.75,-1.24,-0.31,-0.03,0.08,-0.23
-4.87,-1.23,-0.25,-0.03,0.1,-0.23
-4.87,-1.3,-0.11,-0.03,0.12,-0.24
-4.79,-1.24,-0.13,-0.03,0.13,-0.24
-4.87,-1.28,-0.02,-0.03,0.13,-0.24
-4.85,-1.32,0.04,-0.03,0.13,-0.24
-4.81,-1.3,0.08,-0.03,0.12,-0.24
-4.9,-1.32,0.06,-0.02,0.11,-0.25
-5.0,-1.28,-0.06,-0.01,0.1,-0.26
-4.92,-1.19,-0.02,-0.01,0.08,-0.26
-5.0,-1.26,-0.1,-0.01,0.07,-0.27
-5.09,-1.21,-0.02,-0.01,0.07,-0.28
-5.11,-1.21,-0.02,-0.01,0.07,-0.28
-5.09,-1.23,0.04,-0.01,0.07,-0.28
-5.08,-1.21,0.04,-0.01,0.07,-0.28
-5.04,-1.23,0.1,-0.01,0.08,-0.28
-5.04,-1.26,0.15,-0.01,0.08,-0.28
-4.94,-1.24,0.21,-0.01,0.08,-0.28
-4.9,-1.21,0.25,-0.01,0.07,-0.27
-4.81,-1.24,0.19,-0.02,0.06,-0.27
-4.69,-1.3,0.29,-0.01,0.05,-0.26
-4.58,-1.28,0.29,-0.01,0.03,-0.26
-4.52,-1.3,0.33,-0.01,0.02,-0.25
-4.54,-1.28,0.23,-0.0,0.01,-0.25
-4.5,-1.34,0.23,0.0,-0.01,-0.25
-4.48,-1.47,0.11,-0.0,-0.02,-0.25
-4.56,-1.46,0.17,-0.01,-0.03,-0.26
-4.62,-1.51,0.13,-0.01,-0.03,-0.26
-4.67,-1.51,0.02,-0.01,-0.04,-0.26
-4.75,-1.49,0.0,-0.01,-0.04,-0.27
-4.69,-1.51,-0.1,-0.02,-0.03,-0.27
-4.83,-1.42,-0.06,-0.03,-0.03,-0.27
-4.88,-1.38,-0.04,-0.03,-0.02,-0.27
-4.81,-1.4,-0.1,-0.04,-0.02,-0.26
-4.85,-1.42,-0.11,-0.05,-0.01,-0.26
-4.85,-1.4,-0.1,-0.06,-0.01,-0.26
-4.83,-1.51,-0.17,-0.06,-0.0,-0.26
-4.81,-1.49,-0.25,-0.06,-0.0,-0.27
-4.77,-1.59,-0.25,-0.07,-0.01,-0.27
-4.69,-1.67,-0.34,-0.07,-0.01,-0.27
-4.67,-1.76,-0.31,-0.07,-0.01,-0.27
-4.67,-1.8,-0.34,-0.07,-0.01,-0.28
-4.67,-1.78,-0.34,-0.07,-0.01,-0.28
-4.67,-1.88,-0.25,-0.06,-0.01,-0.29
-4.71,-1.93,-0.31,-0.04,0.0,-0.29
-4.79,-1.9,-0.13,-0.02,0.02,-0.29
-4.75,-1.86,-0.02,-0.01,0.03,-0.29
-4.77,-1.82,0.08,-0.0,0.03,-0.28
-4.65,-1.8,0.11,0.0,0.03,-0.27
-4.58,-1.74,0.19,0.01,0.02,-0.26
-4.52,-1.7,0.13,0.02,0.0,-0.25
-4.46,-1.7,0.11,0.03,-0.01,-0.25
-4.44,-1.63,-0.1,0.04,-0.02,-0.24
-4.42,-1.65,-0.15,0.05,-0.04,-0.24
-4.37,-1.67,-0.25,0.05,-0.05,-0.24
-4.35,-1.63,-0.27,0.05,-0.05,-0.24
-4.37,-1.67,-0.33,0.04,-0.05,-0.25
-4.46,-1.69,-0.38,0.04,-0.04,-0.25
-4.44,-1.69,-0.34,0.03,-0.03,-0.25
-4.46,-1.69,-0.36,0.03,-0.01,-0.25
-4.56,-1.74,-0.25,0.03,0.01,-0.25
-4.58,-1.86,-0.25,0.02,0.03,-0.25
-4.67,-1.84,-0.1,0.02,0.05,-0.25
-4.71,-1.84,-0.11,0.02,0.06,-0.24
-4.67,-1.88,-0.13,0.02,0.07,-0.24
-4.77,-1.86,-0.19,0.03,0.07,-0.24
-4.79,-1.84,-0.23,0.03,0.06,-0.24
-4.77,-1.78,-0.19,0.04,0.06,-0.24
-4.67,-1.8,-0.27,0.05,0.06,-0.24
-4.75,-1.69,-0.21,0.05,0.05,-0.24
-4.69,-1.61,-0.27,0.05,0.05,-0.24
-4.64,-1.67,-0.27,0.05,0.04,-0.23
-4.6,-1.61,-0.34,0.04,0.04,-0.24
-4.46,-1.76,-0.36,0.03,0.04,-0.24
-4.69,-1.7,-0.5,0.02,0.05,-0.24
-4.6,-1.92,-0.34,0.02,0.06,-0.24
-4.54,-2.15,-0.4,0.02,0.07,-0.24
-4.48,-2.22,-0.4,0.03,0.08,-0.24
-4.5,-2.24,-0.31,0.03,0.09,-0.24
-4.48,-2.3,-0.33,0.04,0.1,-0.24
-4.48,-2.28,-0.25,0.04,0.11,-0.24
-4.37,-2.32,-0.13,0.05,0.11,-0.23
-4.41,-2.26,-0.06,0.07,0.12,-0.23
-4.39,-2.24,0.04,0.08,0.13,-0.24
-4.33,-2.22,0.02,0.08,0.13,-0.23
-4.35,-2.16,0.06,0.09,0.13,-0.23
-4.33,-2.13,0.08,0.09,0.13,-0.23
-4.35,-2.09,0.04,0.09,0.13,-0.23
-4.39,-2.09,-0.06,0.09,0.14,-0.23
-4.39,-2.09,-0.06,0.09,0.13,-0.23
-4.37,-2.03,-0.1,0.09,0.13,-0.23
-4.37,-2.09,0.04,0.08,0.13,-0.23
-4.29,-2.13,0.1,0.07,0.14,-0.22
-4.31,-2.28,0.29,0.06,0.14,-0.22
-4.27,-2.3,0.31,0.05,0.14,-0.21
-4.08,-2.43,0.42,0.04,0.13,-0.2
-4.27,-2.43,0.29,0.03,0.12,-0.2
-4.21,-2.51,0.31,0.04,0.11,-0.2
-4.29,-2.53,0.33,0.04,0.11,-0.2
-4.39,-2.53,0.33,0.05,0.1,-0.2
-4.37,-2.55,0.31,0.06,0.09,-0.2
-4.39,-2.55,0.13,0.06,0.08,-0.21
-4.39,-2.53,0.06,0.07,0.07,-0.21
-4.46,-2.47,-0.04,0.07,0.07,-0.21
-4.52,-2.43,0.02,0.08,0.06,-0.21
-4.56,-2.47,-0.06,0.08,0.06,-0.22
-4.65,-2.45,-0.04,0.08,0.06,-0.22
-4.6,-2.39,-0.1,0.08,0.06,-0.21
-4.58,-2.38,-0.08,0.07,0.07,-0.21
-4.54,-2.41,0.02,0.07,0.07,-0.21
-4.41,-2.38,-0.02,0.06,0.07,-0.2
-4.39,-2.36,0.04,0.05,0.07,-0.2
-4.27,-2.34,0.04,0.05,0.07,-0.19
-4.27,-2.36,0.08,0.05,0.06,-0.2
-4.19,-2.32,0.06,0.04,0.05,-0.2
-4.23,-2.3,0.06,0.04,0.05,-0.2
-4.19,-2.28,0.0,0.03,0.04,-0.2
-4.08,-2.2,-0.19,0.03,0.03,-0.2
-4.18,-2.3,0.0,0.02,0.02,-0.2
-4.21,-2.28,-0.1,0.01,0.02,-0.2
-4.21,-2.32,-0.04,0.0,0.02,-0.2
-4.19,-2.3,-0.02,-0.01,0.02,-0.19
-4.23,-2.26,-0.04,-0.02,0.02,-0.19
-4.23,-2.3,-0.02,-0.03,0.02,-0.18
-4.18,-2.36,-0.06,-0.03,0.02,-0.18
-4.23,-2.36,-0.06,-0.04,0.02,-0.17
-4.21,-2.38,-0.13,-0.04,0.03,-0.17
-4.19,-2.45,-0.06,-0.04,0.04,-0.17
-4.16,-2.49,-0.13,-0.04,0.05,-0.17
-4.16,-2.53,0.0,-0.05,0.05,-0.17
-4.14,-2.57,-0.08,-0.05,0.06,-0.17
-4.18,-2.57,-0.04,-0.05,0.07,-0.17
-4.21,-2.59,-0.04,-0.05,0.07,-0.17
-4.21,-2.62,-0.1,-0.05,0.07,-0.17
-4.25,-2.66,-0.1,-0.06,0.07,-0.17
-4.18,-2.59,-0.17,-0.05,0.08,-0.16
-4.23,-2.59,-0.17,-0.05,0.08,-0.16
-4.27,-2.64,-0.25,-0.05,0.08,-0.15
-4.18,-2.7,-0.25,-0.05,0.08,-0.15
-4.12,-2.85,-0.11,-0.06,0.08,-0.14
-4.04,-2.72,-0.25,-0.06,0.07,-0.14
-4.12,-2.82,-0.13,-0.06,0.06,-0.14
-4.14,-2.72,-0.15,-0.05,0.05,-0.15
-4.1,-2.78,-0.1,-0.05,0.03,-0.15
-4.06,-2.76,-0.13,-0.04,0.02,-0.16
-4.04,-2.83,-0.19,-0.02,0.01,-0.16
-4.06,-2.8,-0.29,-0.01,0.01,-0.17
-4.12,-2.76,-0.25,-0.0,0.02,-0.17
-4.16,-2.76,-0.29,0.0,0.03,-0.18
-4.1,-2.76,-0.29,0.0,0.04,-0.18
-4.18,-2.7,-0.29,-0.0,0.05,-0.19
-4.23,-2.62,-0.17,-0.01,0.06,-0.19
-4.19,-2.6,-0.13,-0.02,0.07,-0.18
-4.21,-2.62,-0.08,-0.03,0.09,-0.18
-4.16,-2.64,-0.04,-0.05,0.1,-0.17
-4.1,-2.78,0.13,-0.07,0.11,-0.15
-4.08,-2.8,0.29,-0.09,0.12,-0.14
-4.1,-2.87,0.17,-0.1,0.11,-0.13
-4.08,-2.97,0.17,-0.1,0.09,-0.13
-4.16,-3.01,0.15,-0.09,0.07,-0.12
-4.16,-3.14,0.08,-0.07,0.05,-0.13
-4.04,-3.1,-0.1,-0.05,0.02,-0.13
-4.12,-3.22,-0.19,-0.03,-0.0,-0.14
-4.04,-3.24,-0.29,-0.0,-0.02,-0.15
-3.96,-3.24,-0.34,0.02,-0.03,-0.16
-3.96,-3.24,-0.38,0.03,-0.03,-0.17
-3.85,-3.26,-0.29,0.05,-0.03,-0.18
-3.83,-3.18,-0.34,0.05,-0.02,-0.18
-3.79,-3.2,-0.23,0.05,-0.0,-0.19
-3.79,-3.12,-0.17,0.05,0.01,-0.19
-3.72,-3.14,-0.15,0.05,0.03,-0.19
-3.72,-3.2,-0.1,0.06,0.04,-0.19
-3.7,-3.16,-0.21,0.06,0.05,-0.19
-3.72,-3.16,-0.11,0.07,0.05,-0.19
-3.72,-3.12,-0.13,0.08,0.05,-0.19
-3.79,-3.1,-0.25,0.09,0.04,-0.19
-3.79,-3.14,-0.34,0.1,0.03,-0.19
-3.75,-3.14,-0.42,0.1,0.02,-0.19
-3.73,-3.18,-0.46,0.11,0.01,-0.19
-3.79,-3.14,-0.42,0.12,0.01,-0.19
-3.89,-3.14,-0.44,0.12,0.0,-0.19
-3.87,-3.18,-0.4,0.13,-0.0,-0.2
-3.91,-3.2,-0.36,0.13,-0.0,-0.2
-3.98,-3.16,-0.23,0.14,-0.01,-0.2
-3.89,-3.2,-0.19,0.15,-0.01,-0.2
-3.89,-3.18,-0.02,0.16,-0.02,-0.2
-3.85,-3.1,-0.11,0.16,-0.02,-0.2
-3.83,-3.1,0.0,0.17,-0.03,-0.19
-3.87,-3.06,-0.04,0.18,-0.03,-0.19
-3.87,-3.08,-0.1,0.19,-0.03,-0.18
-3.87,-3.03,-0.06,0.19,-0.04,-0.17
-3.93,-3.01,-0.04,0.2,-0.04,-0.17
-3.95,-3.03,-0.13,0.2,-0.05,-0.17
-4.04,-2.99,-0.31,0.19,-0.05,-0.17
-4.02,-2.97,-0.27,0.19,-0.05,-0.17
-4.06,-2.95,-0.33,0.19,-0.05,-0.17
-4.0,-2.91,-0.27,0.19,-0.05,-0.17
-3.98,-2.85,-0.25,0.19,-0.05,-0.17
-3.93,-2.8,-0.25,0.18,-0.04,-0.16
-3.95,-2.87,-0.13,0.17,-0.03,-0.16
-4.0,-2.78,-0.06,0.16,-0.03,-0.16
-3.93,-2.76,-0.1,0.15,-0.03,-0.15
-3.95,-2.83,-0.08,0.13,-0.03,-0.15
-3.91,-2.82,0.0,0.12,-0.04,-0.14
-4.12,-2.85,0.08,0.11,-0.05,-0.14
-3.87,-3.01,0.1,0.1,-0.06,-0.13
-3.91,-3.08,0.15,0.1,-0.06,-0.12
-3.93,-3.05,0.11,0.1,-0.07,-0.11
-3.81,-3.24,0.25,0.1,-0.08,-0.11
-3.73,-3.29,0.27,0.1,-0.08,-0.1
-3.83,-3.45,0.27,0.1,-0.09,-0.1
-3.75,-3.52,0.19,0.11,-0.1,-0.09
-3.72,-3.51,0.02,0.12,-0.11,-0.09
-3.7,-3.58,0.31,0.13,-0.12,-0.09
-3.64,-3.6,0.21,0.13,-0.13,-0.09
-3.68,-3.52,0.21,0.14,-0.13,-0.09
-3.72,-3.51,0.29,0.14,-0.13,-0.09
-3.72,-3.43,0.29,0.15,-0.14,-0.1
-3.72,-3.37,0.4,0.16,-0.14,-0.1
-3.77,-3.29,0.29,0.18,-0.14,-0.1
-3.73,-3.24,0.42,0.19,-0.14,-0.1
-3.68,-3.08,0.31,0.2,-0.14,-0.09
-3.68,-3.12,0.33,0.2,-0.14,-0.09
-3.51,-2.99,0.44,0.2,-0.13,-0.09
-3.37,-2.99,0.52,0.18,-0.11,-0.09
-3.26,-3.01,0.65,0.17,-0.09,-0.09
-2.99,-3.1,0.69,0.15,-0.09,-0.09
-3.16,-3.16,0.73,0.13,-0.09,-0.1
-3.06,-3.22,0.75,0.12,-0.1,-0.11
-3.05,-3.37,0.65,0.12,-0.11,-0.12
-3.12,-3.49,0.65,0.13,-0.13,-0.13
-3.18,-3.56,0.63,0.14,-0.14,-0.13
-3.22,-3.56,0.57,0.15,-0.16,-0.13
-3.35,-3.64,0.56,0.16,-0.16,-0.13
-3.51,-3.6,0.5,0.18,-0.17,-0.14
-3.6,-3.58,0.52,0.19,-0.17,-0.14
-3.7,-3.54,0.61,0.21,-0.18,-0.14
-3.75,-3.6,0.61,0.22,-0.18,-0.15
-3.75,-3.49,0.63,0.23,-0.19,-0.15
-3.83,-3.49,0.65,0.24,-0.19,-0.16
-3.87,-3.43,0.8,0.24,-0.19,-0.17
-3.89,-3.33,0.88,0.23,-0.19,-0.18
-4.06,-3.26,1.02,0.22,-0.18,-0.18
-4.04,-3.24,1.11,0.21,-0.18,-0.18
-4.04,-3.2,1.23,0.21,-0.19,-0.18
-3.95,-3.2,1.32,0.21,-0.19,-0.17
-3.91,-3.1,1.44,0.22,-0.19,-0.17
-3.81,-3.05,1.47,0.23,-0.18,-0.16
-3.91,-2.76,1.38,0.25,-0.17,-0.16
-3.81,-2.78,1.44,0.27,-0.17,-0.16
-3.7,-2.68,1.3,0.29,-0.16,-0.16
-3.68,-2.64,1.09,0.3,-0.16,-0.16
-3.58,-2.57,1.03,0.3,-0.16,-0.15
-3.52,-2.55,0.92,0.29,-0.16,-0.15
-3.43,-2.59,0.82,0.27,-0.16,-0.15
-3.35,-2.6,0.79,0.24,-0.16,-0.16
-3.29,-2.68,0.71,0.19,-0.17,-0.16
-3.22,-2.78,0.69,0.14,-0.17,-0.17
-3.18,-2.97,0.82,0.09,-0.18,-0.18
-3.14,-3.18,0.82,0.04,-0.18,-0.19
-3.12,-3.28,0.94,0.0,-0.18,-0.2
-3.18,-3.41,1.02,-0.02,-0.17,-0.21
-3.22,-3.47,1.21,-0.03,-0.16,-0.22
-3.22,-3.52,1.13,-0.02,-0.15,-0.24
-3.24,-3.52,1.4,-0.0,-0.13,-0.25
-3.37,-3.52,1.28,0.02,-0.1,-0.26
-3.43,-3.51,1.3,0.04,-0.07,-0.26
-3.47,-3.35,1.34,0.06,-0.04,-0.27
-3.54,-3.28,1.21,0.08,-0.02,-0.27
-3.64,-3.18,1.05,0.09,-0.01,-0.27
-3.52,-2.93,1.0,0.1,-0.01,-0.28
-3.62,-3.05,0.88,0.09,-0.01,-0.28
-3.62,-2.99,0.8,0.07,-0.01,-0.28
-3.64,-3.01,0.71,0.05,-0.01,-0.29
-3.52,-3.05,0.61,0.02,-0.02,-0.3
-3.47,-3.03,0.65,-0.01,-0.03,-0.3
-3.41,-3.1,0.63,-0.04,-0.03,-0.31
-3.37,-3.2,0.69,-0.06,-0.04,-0.32
-3.28,-3.22,0.84,-0.09,-0.04,-0.33
-3.29,-3.28,0.9,-0.11,-0.04,-0.34
-3.28,-3.35,0.88,-0.13,-0.04,-0.34
-3.29,-3.52,1.0,-0.14,-0.04,-0.34
-3.33,-3.52,1.09,-0.14,-0.05,-0.34
-3.31,-3.58,1.09,-0.14,-0.06,-0.33
-3.24,-3.64,1.15,-0.13,-0.06,-0.33
-3.26,-3.64,1.13,-0.11,-0.06,-0.32
-3.2,-3.56,1.07,-0.09,-0.07,-0.31
-3.24,-3.56,0.9,-0.08,-0.07,-0.31
-3.12,-3.58,0.82,-0.06,-0.08,-0.31
-3.08,-3.49,0.79,-0.06,-0.08,-0.3
-3.06,-3.41,0.71,-0.06,-0.09,-0.3
-3.01,-3.37,0.61,-0.06,-0.09,-0.3
-2.83,-3.43,0.77,-0.08,-0.08,-0.3
-3.05,-3.31,0.65,-0.09,-0.07,-0.3
-3.03,-3.41,0.75,-0.11,-0.07,-0.3
-3.01,-3.39,0.77,-0.12,-0.06,-0.3
-3.01,-3.43,0.82,-0.13,-0.06,-0.3
-3.03,-3.45,0.96,-0.14,-0.05,-0.29
-2.97,-3.47,0.94,-0.15,-0.04,-0.29
-2.95,-3.54,0.96,-0.15,-0.04,-0.28
-2.89,-3.6,0.94,-0.15,-0.04,-0.27
-2.87,-3.62,0.92,-0.15,-0.04,-0.27
-2.76,-3.73,0.96,-0.15,-0.04,-0.26
-2.74,-3.77,0.94,-0.14,-0.05,-0.26
-2.68,-3.85,0.9,-0.14,-0.06,-0.26
-2.78,-3.93,0.92,-0.13,-0.07,-0.26
-2.83,-3.96,1.05,-0.12,-0.08,-0.27
-2.83,-4.0,0.98,-0.11,-0.08,-0.27
-2.87,-3.96,1.0,-0.11,-0.09,-0.28
-2.95,-3.96,1.02,-0.11,-0.09,-0.28
-2.95,-3.93,1.03,-0.11,-0.08,-0.28
-2.95,-3.95,0.92,-0.12,-0.08,-0.28
-2.93,-3.98,1.02,-0.13,-0.08,-0.28
-3.01,-4.1,1.26,-0.14,-0.07,-0.27
-2.85,-4.02,1.17,-0.14,-0.06,-0.27
-2.83,-4.04,1.11,-0.15,-0.06,-0.27
-2.85,-4.0,1.15,-0.15,-0.05,-0.27
-2.82,-4.04,1.13,-0.15,-0.04,-0.27
-2.7,-4.1,1.02,-0.14,-0.03,-0.26
-2.68,-4.02,1.09,-0.14,-0.03,-0.26
-2.57,-4.0,0.98,-0.13,-0.02,-0.26
-2.53,-4.0,0.94,-0.13,-0.01,-0.25
-2.41,-3.91,0.84,-0.12,-0.02,-0.25
-2.38,-3.83,0.82,-0.12,-0.02,-0.25
-2.38,-3.87,0.79,-0.13,-0.04,-0.25
-2.38,-3.77,0.77,-0.13,-0.05,-0.25
-2.36,-3.75,0.77,-0.14,-0.07,-0.25
-2.34,-3.77,0.84,-0.14,-0.09,-0.25
-2.36,-3.75,0.82,-0.15,-0.1,-0.25
-2.43,-3.75,0.86,-0.15,-0.11,-0.25
-2.47,-3.87,0.9,-0.16,-0.11,-0.25
-2.51,-3.87,1.0,-0.16,-0.11,-0.25
-2.53,-3.98,1.03,-0.17,-0.1,-0.25
-2.64,-4.14,1.11,-0.17,-0.1,-0.25
-2.6,-4.27,1.21,-0.18,-0.1,-0.25
-2.74,-4.27,0.98,-0.18,-0.1,-0.25
-2.59,-4.41,1.15,-0.17,-0.11,-0.25
-2.55,-4.48,1.11,-0.17,-0.11,-0.25
-2.51,-4.5,1.02,-0.15,-0.11,-0.25
-2.49,-4.54,0.94,-0.14,-0.11,-0.25
-2.38,-4.56,0.86,-0.14,-0.1,-0.25
-2.26,-4.58,0.75,-0.14,-0.1,-0.25
-2.11,-4.5,0.79,-0.15,-0.09,-0.25
-1.93,-4.46,0.8,-0.17,-0.08,-0.24
-1.88,-4.54,0.84,-0.18,-0.08,-0.24
-1.8,-4.46,0.92,-0.19,-0.07,-0.24
-1.74,-4.52,0.96,-0.19,-0.06,-0.24
-1.74,-4.52,0.96,-0.19,-0.05,-0.24
-1.67,-4.5,1.07,-0.19,-0.05,-0.25
-1.61,-4.52,1.07,-0.18,-0.04,-0.26
-1.59,-4.54,1.07,-0.16,-0.04,-0.26
-1.59,-4.52,1.03,-0.14,-0.04,-0.27
-1.7,-4.44,1.02,-0.12,-0.05,-0.28
-1.74,-4.44,1.05,-0.1,-0.05,-0.29
-1.8,-4.35,0.98,-0.08,-0.06,-0.3
-1.97,-4.25,0.94,-0.05,-0.07,-0.31
-1.97,-4.18,0.88,-0.03,-0.08,-0.32
-1.84,-3.96,0.8,-0.02,-0.09,-0.32
-2.07,-4.0,0.8,-0.01,-0.09,-0.33
-2.11,-3.95,0.69,-0.01,-0.1,-0.33
-2.13,-3.87,0.75,-0.01,-0.1,-0.33
-2.15,-3.85,0.67,-0.03,-0.11,-0.33
-2.15,-3.89,0.65,-0.05,-0.11,-0.32
-2.13,-3.93,0.63,-0.07,-0.12,-0.32
-2.24,-3.91,0.69,-0.1,-0.12,-0.32
-2.24,-4.04,0.69,-0.13,-0.13,-0.31
-2.2,-4.12,0.75,-0.16,-0.13,-0.31
-2.22,-4.27,0.73,-0.19,-0.13,-0.3
-2.15,-4.39,0.75,-0.21,-0.13,-0.3
-2.13,-4.48,0.69,-0.22,-0.13,-0.29
-1.99,-4.44,0.63,-0.24,-0.13,-0.29
-1.93,-4.52,0.69,-0.25,-0.12,-0.29
-1.86,-4.54,0.69,-0.26,-0.12,-0.28
-1.76,-4.5,0.61,-0.26,-0.12,-0.28
-1.67,-4.5,0.54,-0.27,-0.12,-0.28
-1.59,-4.5,0.5,-0.27,-0.12,-0.28
-1.59,-4.46,0.46,-0.27,-0.11,-0.28
-1.57,-4.54,0.38,-0.27,-0.11,-0.28
-1.49,-4.58,0.44,-0.28,-0.1,-0.28
-1.46,-4.67,0.48,-0.28,-0.09,-0.28
-1.44,-4.67,0.38,-0.28,-0.09,-0.29
-1.47,-4.71,0.38,-0.28,-0.08,-0.29
-1.47,-4.79,0.44,-0.28,-0.07,-0.29
-1.55,-4.77,0.5,-0.27,-0.07,-0.3
-1.59,-4.83,0.46,-0.26,-0.06,-0.3
-1.65,-4.83,0.4,-0.25,-0.05,-0.3
-1.63,-4.88,0.44,-0.24,-0.04,-0.3
-1.72,-4.83,0.44,-0.23,-0.04,-0.31
-1.76,-4.77,0.4,-0.23,-0.04,-0.31
-1.76,-4.73,0.36,-0.22,-0.03,-0.31
-1.74,-4.69,0.38,-0.21,-0.03,-0.31
-1.69,-4.65,0.34,-0.21,-0.03,-0.31
-1.59,-4.62,0.33,-0.21,-0.04,-0.31
-1.61,-4.56,0.31,-0.21,-0.04,-0.31
-1.46,-4.52,0.33,-0.22,-0.05,-0.3
-1.42,-4.52,0.31,-0.23,-0.06,-0.3
-1.32,-4.56,0.42,-0.23,-0.07,-0.3
-1.26,-4.58,0.4,-0.24,-0.08,-0.3
-1.28,-4.62,0.42,-0.24,-0.09,-0.3
-1.21,-4.75,0.5,-0.24,-0.1,-0.3
-1.23,-4.87,0.52,-0.24,-0.11,-0.3
-1.17,-4.85,0.46,-0.22,-0.12,-0.3
-1.11,-4.88,0.52,-0.22,-0.12,-0.3
-1.09,-5.0,0.44,-0.21,-0.12,-0.31
-1.09,-4.94,0.46,-0.2,-0.11,-0.32
-1.07,-5.02,0.46,-0.18,-0.09,-0.32
-0.96,-5.06,0.42,-0.17,-0.08,-0.33
-1.0,-5.04,0.44,-0.16,-0.07,-0.34
-0.94,-5.06,0.4,-0.15,-0.06,-0.35
-0.9,-5.11,0.42,-0.15,-0.06,-0.36
-0.88,-5.02,0.46,-0.14,-0.06,-0.37
-0.73,-5.08,0.5,-0.13,-0.06,-0.38
-0.67,-5.0,0.44,-0.12,-0.07,-0.38
-0.63,-5.02,0.42,-0.12,-0.07,-0.39
-0.56,-4.98,0.34,-0.12,-0.07,-0.39
-0.5,-4.96,0.31,-0.12,-0.08,-0.39
-0.44,-5.0,0.23,-0.12,-0.09,-0.39
-0.31,-4.98,0.27,-0.13,-0.09,-0.38
-0.33,-4.96,0.17,-0.13,-0.09,-0.38
-0.34,-4.98,0.27,-0.12,-0.1,-0.37
-0.38,-4.88,0.29,-0.12,-0.1,-0.37
-0.34,-4.9,0.29,-0.11,-0.1,-0.37
-0.38,-4.85,0.42,-0.1,-0.1,-0.37
-0.48,-4.87,0.42,-0.08,-0.11,-0.37
-0.56,-4.77,0.46,-0.07,-0.12,-0.37
-0.65,-4.75,0.54,-0.05,-0.12,-0.37
-0.73,-4.73,0.59,-0.02,-0.13,-0.37
-0.82,-4.64,0.71,0.0,-0.14,-0.37
-0.9,-4.67,0.73,0.02,-0.15,-0.37
-1.0,-4.64,0.75,0.04,-0.16,-0.37
-1.03,-4.69,0.73,0.06,-0.17,-0.37
-1.11,-4.65,0.8,0.07,-0.17,-0.37
-1.09,-4.65,0.73,0.07,-0.17,-0.36
-1.03,-4.67,0.69,0.07,-0.17,-0.36
-1.05,-4.65,0.61,0.06,-0.17,-0.34
-0.94,-4.71,0.56,0.04,-0.16,-0.34
-0.92,-4.75,0.46,0.01,-0.15,-0.33
-0.88,-4.75,0.38,-0.02,-0.15,-0.32
-0.79,-4.81,0.29,-0.06,-0.14,-0.31
-0.65,-4.9,0.21,-0.1,-0.13,-0.31
-0.65,-4.92,0.23,-0.13,-0.12,-0.31
-0.56,-4.96,0.25,-0.15,-0.12,-0.31
-0.48,-4.98,0.15,-0.17,-0.11,-0.31
-0.36,-5.13,0.33,-0.17,-0.1,-0.31
-0.19,-5.08,0.02,-0.17,-0.09,-0.31
-0.29,-5.15,0.36,-0.16,-0.08,-0.3
-0.23,-5.13,0.42,-0.14,-0.07,-0.29
-0.13,-5.19,0.42,-0.12,-0.07,-0.28
-0.04,-5.17,0.46,-0.1,-0.06,-0.27
0.0,-5.15,0.44,-0.07,-0.06,-0.26
0.08,-5.13,0.46,-0.04,-0.06,-0.26
0.13,-5.17,0.38,-0.0,-0.06,-0.25
0.21,-5.08,0.4,0.02,-0.06,-0.24
0.19,-5.09,0.34,0.04,-0.06,-0.24
0.19,-4.94,0.27,0.05,-0.05,-0.23
0.23,-4.94,0.31,0.06,-0.04,-0.23
0.17,-4.9,0.27,0.07,-0.04,-0.23
0.17,-4.9,0.23,0.06,-0.03,-0.23
0.21,-4.81,0.27,0.05,-0.02,-0.22
0.1,-4.79,0.27,0.04,-0.02,-0.22
0.04,-4.85,0.33,0.03,-0.02,-0.22
0.0,-4.88,0.27,0.02,-0.01,-0.22
0.0,-4.87,0.25,0.01,-0.01,-0.22
-0.13,-4.85,0.25,-0.01,-0.01,-0.21
-0.08,-4.9,0.23,-0.01,-0.0,-0.21
0.02,-4.94,0.25,-0.02,0.0,-0.21
-0.08,-4.94,0.27,-0.03,0.01,-0.2
-0.02,-4.98,0.31,-0.03,0.01,-0.2
0.02,-5.02,0.27,-0.03,0.02,-0.2
0.1,-4.98,0.27,-0.03,0.02,-0.19
0.11,-4.98,0.29,-0.03,0.02,-0.19
0.04,-4.98,0.27,-0.03,0.02,-0.19
0.11,-4.94,0.27,-0.03,0.02,-0.19
0.19,-4.9,0.29,-0.02,0.02,-0.19
0.19,-4.88,0.33,-0.02,0.02,-0.19
0.23,-4.98,0.33,-0.02,0.01,-0.19
0.25,-4.94,0.29,-0.01,0.01,-0.18
0.27,-4.92,0.42,-0.01,0.01,-0.18
0.36,-4.92,0.4,-0.0,0.01,-0.17
0.34,-5.0,0.38,0.0,0.01,-0.16
0.44,-5.08,0.36,0.01,0.02,-0.16
0.46,-5.04,0.34,0.02,0.02,-0.15
0.46,-5.04,0.36,0.03,0.03,-0.14
0.56,-5.11,0.4,0.04,0.03,-0.13
0.48,-5.08,0.29,0.05,0.04,-0.12
0.56,-5.11,0.27,0.05,0.04,-0.12
0.61,-5.08,0.34,0.06,0.05,-0.11
0.48,-5.02,0.38,0.06,0.05,-0.1
0.63,-5.11,0.38,0.07,0.06,-0.09
0.56,-5.04,0.38,0.07,0.06,-0.09
0.5,-5.0,0.34,0.08,0.07,-0.08
0.44,-4.94,0.38,0.08,0.07,-0.08
0.44,-4.9,0.44,0.08,0.08,-0.07
0.44,-4.87,0.54,0.08,0.08,-0.07
0.31,-4.87,0.54,0.08,0.08,-0.07
0.31,-4.79,0.57,0.08,0.08,-0.07
0.27,-4.79,0.61,0.08,0.08,-0.07
0.25,-4.75,0.67,0.08,0.08,-0.08
0.29,-4.81,0.63,0.08,0.09,-0.08
0.23,-4.75,0.59,0.07,0.09,-0.08
0.17,-4.79,0.67,0.07,0.09,-0.09
0.13,-4.79,0.59,0.07,0.09,-0.09
0.08,-4.73,0.48,0.07,0.09,-0.09
0.1,-4.75,0.46,0.06,0.08,-0.09
0.11,-4.77,0.46,0.05,0.08,-0.09
0.04,-4.77,0.5,0.05,0.08,-0.08
0.1,-4.75,0.31,0.04,0.08,-0.08
0.1,-4.73,0.33,0.04,0.08,-0.08
0.19,-4.75,0.36,0.03,0.08,-0.08
0.17,-4.77,0.36,0.03,0.08,-0.07
0.19,-4.77,0.31,0.02,0.08,-0.07
0.21,-4.73,0.33,0.01,0.08,-0.07
0.27,-4.79,0.34,0.01,0.08,-0.07
0.27,-4.83,0.38,0.0,0.08,-0.07
0.25,-4.87,0.44,0.0,0.08,-0.06
0.31,-4.94,0.5,0.01,0.07,-0.06
0.25,-4.88,0.44,0.01,0.07,-0.06
0.19,-4.9,0.48,0.02,0.08,-0.06
0.23,-4.88,0.52,0.03,0.08,-0.06
0.21,-4.96,0.56,0.03,0.08,-0.06
0.21,-4.92,0.57,0.04,0.08,-0.06
0.17,-4.92,0.56,0.04,0.08,-0.06
0.1,-4.88,0.59,0.05,0.09,-0.06
0.06,-4.88,0.57,0.06,0.09,-0.06
0.06,-4.83,0.59,0.06,0.09,-0.06
0.08,-4.87,0.52,0.06,0.09,-0.06
0.02,-4.81,0.42,0.06,0.08,-0.06
0.0,-4.79,0.46,0.06,0.08,-0.06
0.0,-4.79,0.38,0.05,0.08,-0.06
0.0,-4.79,0.33,0.04,0.07,-0.05
0.0,-4.75,0.36,0.03,0.07,-0.05
0.0,-4.75,0.42,0.02,0.07,-0.04
0.02,-4.77,0.48,0.01,0.06,-0.03
0.02,-4.81,0.5,0.0,0.06,-0.03
0.04,-4.79,0.54,-0.0,0.06,-0.02
0.11,-4.92,0.52,-0.01,0.06,-0.02
0.17,-4.88,0.57,-0.01,0.06,-0.01
0.25,-4.9,0.56,-0.01,0.06,-0.01
0.27,-4.96,0.5,-0.0,0.06,-0.0
0.33,-4.88,0.56,0.0,0.07,-0.0
0.33,-4.96,0.52,0.01,0.07,-0.0
0.42,-5.0,0.57,0.01,0.07,0.0
0.36,-4.92,0.56,0.01,0.07,0.0
0.33,-4.96,0.56,0.02,0.07,0.0
0.36,-4.98,0.46,0.03,0.07,0.0
0.31,-4.92,0.5,0.03,0.07,0.0
0.33,-4.85,0.42,0.04,0.07,0.01
0.27,-4.83,0.52,0.05,0.08,0.01
0.29,-4.87,0.52,0.05,0.08,0.01
0.17,-4.81,0.61,0.05,0.08,0.01
0.19,-4.77,0.57,0.05,0.08,0.01
0.29,-4.81,0.65,0.05,0.08,0.01
0.21,-4.73,0.63,0.05,0.08,0.01
0.17,-4.75,0.67,0.05,0.08,0.01
0.19,-4.79,0.73,0.05,0.08,0.0
0.21,-4.75,0.69,0.05,0.08,0.0
0.17,-4.77,0.77,0.06,0.08,-0.0
0.21,-4.73,0.75,0.06,0.09,-0.01
0.17,-4.75,0.71,0.07,0.09,-0.01
0.23,-4.75,0.71,0.08,0.09,-0.01
0.19,-4.79,0.67,0.08,0.1,-0.02
0.15,-4.79,0.71,0.09,0.1,-0.02
0.15,-4.77,0.69,0.08,0.1,-0.03
0.13,-4.83,0.63,0.08,0.09,-0.03
0.1,-4.83,0.67,0.07,0.09,-0.04
0.06,-4.9,0.63,0.07,0.08,-0.04
0.06,-4.83,0.59,0.06,0.07,-0.04
0.02,-4.85,0.63,0.05,0.07,-0.04
-0.04,-4.83,0.61,0.05,0.06,-0.04
0.0,-4.9,0.56,0.04,0.06,-0.03
-0.02,-4.9,0.5,0.04,0.05,-0.03
0.0,-4.9,0.54,0.03,0.05,-0.02
-0.02,-4.9,0.46,0.03,0.04,-0.01
0.06,-4.88,0.23,0.02,0.04,-0.01
0.02,-4.88,0.54,0.02,0.04,-0.0
0.04,-4.96,0.46,0.02,0.04,-0.0
0.06,-4.88,0.5,0.02,0.04,0.0
0.1,-4.92,0.5,0.02,0.05,0.01
0.15,-4.9,0.52,0.03,0.05,0.01
0.19,-4.9,0.56,0.03,0.06,0.01
0.21,-4.9,0.54,0.04,0.06,0.0
0.19,-4.92,0.57,0.04,0.06,0.0
0.19,-4.88,0.59,0.05,0.07,-0.0
0.21,-4.87,0.65,0.05,0.07,-0.0
0.21,-4.85,0.67,0.05,0.07,-0.0
0.23,-4.85,0.69,0.06,0.07,-0.01
0.21,-4.79,0.77,0.06,0.08,-0.01
0.11,-4.75,0.67,0.06,0.07,-0.01
0.1,-4.77,0.67,0.06,0.07,-0.01
0.1,-4.77,0.67,0.06,0.07,-0.01
0.06,-4.79,0.71,0.06,0.06,-0.0
0.08,-4.87,0.75,0.06,0.06,-0.0
0.11,-4.87,0.73,0.05,0.06,0.0
0.02,-4.85,0.73,0.05,0.05,0.0
0.04,-4.83,0.69,0.05,0.05,0.0
0.17,-4.87,0.48,0.05,0.05,-0.0
0.1,-4.77,0.67,0.05,0.05,-0.01
0.11,-4.81,0.63,0.05,0.05,-0.01
0.13,-4.85,0.57,0.05,0.05,-0.01
0.19,-4.85,0.69,0.05,0.06,-0.01
0.31,-4.85,0.63,0.05,0.06,-0.02
0.33,-4.85,0.63,0.05,0.07,-0.02
0.31,-4.87,0.69,0.05,0.07,-0.03
0.36,-4.88,0.77,0.05,0.08,-0.03
0.34,-4.88,0.77,0.05,0.08,-0.03
0.36,-4.83,0.82,0.06,0.07,-0.03
0.36,-4.9,0.69,0.06,0.07,-0.03
0.33,-4.79,0.73,0.07,0.06,-0.03
0.34,-4.79,0.63,0.07,0.05,-0.03
0.34,-4.83,0.71,0.07,0.04,-0.03
0.25,-4.81,0.65,0.07,0.04,-0.03
0.17,-4.77,0.61,0.07,0.03,-0.03
0.21,-4.75,0.57,0.06,0.02,-0.03
0.21,-4.77,0.56,0.05,0.02,-0.04
0.19,-4.73,0.54,0.04,0.02,-0.04
0.19,-4.71,0.63,0.04,0.02,-0.04
0.23,-4.77,0.63,0.03,0.03,-0.04
0.23,-4.69,0.54,0.02,0.03,-0.04
0.21,-4.77,0.65,0.01,0.04,-0.04
0.27,-4.75,0.77,0.01,0.04,-0.03
0.25,-4.77,0.77,0.01,0.05,-0.03
0.33,-4.75,0.8,0.01,0.05,-0.03
0.33,-4.77,0.88,0.01,0.05,-0.02
0.29,-4.81,0.82,0.02,0.05,-0.02
0.34,-4.79,0.84,0.02,0.05,-0.02
0.38,-4.79,0.84,0.03,0.05,-0.01
0.31,-4.79,0.82,0.03,0.05,-0.01
0.29,-4.77,0.8,0.04,0.05,-0.01
0.25,-4.75,0.79,0.04,0.04,-0.0
0.27,-4.83,0.8,0.04,0.04,-0.0
0.27,-4.75,0.77,0.04,0.04,-0.0
0.17,-4.75,0.77,0.03,0.04,-0.0
0.13,-4.73,0.79,0.03,0.04,-0.0
0.17,-4.81,0.75,0.03,0.04,-0.01
0.13,-4.73,0.77,0.02,0.04,-0.01
0.13,-4.75,0.82,0.02,0.04,-0.01
0.15,-4.79,0.77,0.01,0.05,-0.01
0.19,-4.77,0.79,0.01,0.05,-0.02
0.21,-4.83,0.82,0.0,0.06,-0.02
0.13,-4.79,0.75,0.0,0.06,-0.02
0.23,-4.87,0.86,0.0,0.06,-0.02
0.29,-4.87,0.84,0.01,0.06,-0.02
0.34,-4.81,0.88,0.01,0.06,-0.02
0.31,-4.75,0.86,0.01,0.06,-0.01
0.31,-4.81,0.82,0.02,0.06,-0.01
0.33,-4.81,0.79,0.02,0.05,-0.01
0.4,-4.75,0.84,0.02,0.05,-0.01
0.33,-4.75,0.82,0.01,0.05,-0.01
0.36,-4.79,0.77,0.01,0.04,-0.0
0.33,-4.77,0.79,0.01,0.04,-0.0
0.34,-4.77,0.71,0.0,0.03,-0.0
0.31,-4.75,0.82,-0.0,0.03,-0.0
0.25,-4.75,0.77,-0.01,0.03,-0.0
0.27,-4.85,0.71,-0.01,0.03,0.0
0.31,-4.81,0.77,-0.02,0.03,0.0
0.29,-4.77,0.82,-0.02,0.04,-0.0
0.25,-4.77,0.71,-0.02,0.04,-0.0
0.31,-4.83,0.8,-0.02,0.05,-0.0
0.31,-4.81,0.77,-0.02,0.05,-0.0
0.23,-4.79,0.8,-0.02,0.06,-0.0
0.25,-4.85,0.84,-0.02,0.06,-0.0
0.08,-4.92,0.67,-0.01,0.06,-0.0
0.25,-4.81,0.77,-0.01,0.06,-0.01
0.25,-4.83,0.8,-0.01,0.06,-0.01
0.19,-4.83,0.82,-0.0,0.06,-0.01
0.23,-4.85,0.8,-0.0,0.06,-0.0
0.19,-4.81,0.82,0.0,0.05,-0.0
0.21,-4.88,0.8,0.0,0.05,-0.0
0.13,-4.9,0.8,0.0,0.05,-0.0
0.15,-4.85,0.82,0.0,0.05,-0.0
0.19,-4.81,0.77,0.0,0.05,-0.0
0.19,-4.92,0.84,0.01,0.05,-0.0
0.21,-4.9,0.73,0.01,0.05,0.0
0.15,-4.88,0.8,0.01,0.05,0.0
0.15,-4.83,0.84,0.02,0.05,0.0
0.21,-4.85,0.82,0.02,0.05,0.0
0.11,-4.77,0.84,0.03,0.05,0.0
0.17,-4.85,0.77,0.03,0.05,0.0
0.21,-4.81,0.77,0.03,0.05,0.0
0.23,-4.81,0.79,0.03,0.05,0.0
0.21,-4.75,0.86,0.02,0.05,-0.0
0.23,-4.77,0.75,0.02,0.05,0.0
0.46,-4.71,0.86,0.02,0.05,0.0
0.17,-4.83,0.79,0.01,0.05,0.0
0.15,-4.77,0.86,0.01,0.05,0.0
0.21,-4.88,0.84,0.0,0.05,-0.0
0.21,-4.9,0.82,0.0,0.05,-0.0
0.21,-4.9,0.73,0.0,0.05,-0.0
0.21,-4.85,0.73,0.01,0.05,-0.0
0.17,-4.88,0.77,0.01,0.04,-0.0
0.21,-4.9,0.75,0.01,0.04,-0.0
0.15,-4.79,0.71,0.01,0.04,-0.0
0.11,-4.87,0.75,0.02,0.04,-0.01
0.13,-4.81,0.67,0.02,0.04,-0.01
0.1,-4.79,0.77,0.01,0.04,-0.01
0.19,-4.85,0.75,0.01,0.04,-0.01
0.11,-4.83,0.8,0.01,0.04,-0.01
0.11,-4.81,0.8,0.01,0.04,-0.01
0.06,-4.79,0.75,0.01,0.04,-0.01
0.1,-4.83,0.77,0.01,0.04,-0.01
0.13,-4.81,0.86,0.01,0.04,-0.0
0.19,-4.83,0.82,0.01,0.05,-0.0
0.1,-4.75,0.88,0.01,0.05,-0.0
0.13,-4.81,0.88,0.02,0.05,-0.0
0.17,-4.75,0.79,0.02,0.05,-0.0
0.19,-4.79,0.82,0.02,0.04,-0.0
0.11,-4.81,0.86,0.02,0.04,-0.0
0.23,-4.81,0.86,0.02,0.04,-0.0
0.25,-4.79,0.84,0.02,0.04,-0.0
0.13,-4.77,0.79,0.02,0.04,-0.01
0.23,-4.81,0.84,0.02,0.04,-0.01
