accX,accY,accZ,gyroX,gyroY,gyroZ
-0.19,-4.46,1.99,0.0,0.03,-0.0
-0.29,-4.42,2.01,0.0,0.03,-0.0
-0.21,-4.52,1.95,0.0,0.03,-0.0
-0.21,-4.44,1.97,0.01,0.04,-0.0
-0.33,-4.41,1.95,0.01,0.04,-0.0
-0.23,-4.44,1.93,0.01,0.04,-0.0
-0.19,-4.41,1.99,0.0,0.04,-0.0
-0.19,-4.44,1.95,0.0,0.04,-0.0
-0.21,-4.41,1.97,0.0,0.04,-0.0
-0.19,-4.41,1.99,0.0,0.04,-0.0
-0.23,-4.37,2.03,0.0,0.04,-0.0
-0.17,-4.42,2.01,0.0,0.04,-0.0
-0.15,-4.44,1.99,0.0,0.04,-0.0
-0.13,-4.52,2.01,-0.0,0.04,-0.0
-0.19,-4.5,1.99,-0.0,0.04,-0.0
-0.17,-4.37,1.93,-0.0,0.04,-0.0
-0.25,-4.35,2.01,-0.0,0.04,-0.0
-0.19,-4.41,1.99,-0.0,0.04,-0.0
-0.21,-4.42,1.95,-0.0,0.04,-0.0
-0.19,-4.48,1.97,-0.0,0.04,-0.0
-0.21,-4.42,1.95,-0.0,0.04,-0.0
-0.23,-4.48,1.95,-0.0,0.04,-0.0
-0.21,-4.44,2.03,-0.0,0.04,-0.0
-0.21,-4.44,1.97,-0.0,0.04,-0.0
-0.23,-4.44,1.97,-0.0,0.04,-0.0
-0.21,-4.35,2.05,-0.0,0.04,-0.0
-0.25,-4.48,1.99,-0.0,0.04,-0.0
-0.21,-4.44,2.05,-0.0,0.04,-0.0
-0.19,-4.39,1.92,-0.0,0.04,-0.0
-0.25,-4.48,2.01,-0.0,0.04,-0.0
-0.21,-4.48,2.01,-0.0,0.04,-0.0
-0.25,-4.44,2.03,-0.0,0.04,-0.0
-0.21,-4.46,2.01,-0.0,0.04,-0.0
-0.23,-4.35,1.88,-0.0,0.04,-0.0
-0.17,-4.46,1.93,-0.0,0.04,-0.0
-0.21,-4.44,2.01,-0.0,0.04,-0.0
-0.19,-4.42,1.97,-0.0,0.04,-0.0
-0.23,-4.42,1.99,-0.0,0.04,-0.0
-0.19,-4.42,1.92,-0.0,0.04,-0.0
-0.23,-4.41,2.01,-0.01,0.04,-0.0
-0.19,-4.42,2.03,-0.01,0.04,-0.0
-0.15,-4.44,2.03,-0.01,0.04,-0.0
-0.21,-4.44,2.03,-0.01,0.04,-0.0
-0.25,-4.42,2.01,-0.0,0.04,-0.0
-0.29,-4.39,2.01,-0.0,0.04,-0.0
-0.25,-4.39,1.99,-0.0,0.04,-0.0
-0.23,-4.44,1.99,-0.0,0.04,-0.0
-0.08,-4.39,2.13,-0.0,0.04,-0.0
-0.21,-4.46,1.99,-0.01,0.04,-0.0
-0.23,-4.44,2.03,-0.0,0.04,-0.0
-0.23,-4.42,1.97,-0.0,0.04,-0.0
-0.21,-4.46,2.01,-0.01,0.04,-0.0
-0.25,-4.41,1.95,-0.01,0.04,-0.0
-0.17,-4.42,1.95,-0.01,0.04,-0.0
-0.21,-4.52,1.97,-0.01,0.04,-0.0
-0.25,-4.44,2.01,-0.01,0.04,-0.0
-0.23,-4.48,1.95,-0.01,0.04,-0.0
-0.23,-4.48,1.95,-0.01,0.04,-0.0
-0.25,-4.42,1.97,-0.01,0.04,-0.0
-0.17,-4.44,2.03,-0.01,0.04,-0.0
-0.23,-4.42,1.97,-0.01,0.04,-0.0
-0.23,-4.5,1.92,-0.01,0.04,-0.0
-0.23,-4.41,1.95,-0.01,0.04,-0.0
-0.17,-4.41,1.97,-0.01,0.04,-0.0
-0.19,-4.41,1.97,-0.01,0.04,-0.0
-0.29,-4.37,1.97,-0.01,0.04,-0.0
-0.19,-4.44,2.01,-0.01,0.04,-0.0
-0.17,-4.44,1.95,-0.01,0.04,-0.0
-0.19,-4.39,1.97,-0.01,0.04,-0.0
-0.11,-4.46,1.95,-0.01,0.04,-0.0
-0.25,-4.44,1.9,-0.01,0.04,-0.0
-0.19,-4.44,1.97,-0.01,0.04,-0.0
-0.21,-4.42,2.05,-0.01,0.04,-0.0
-0.21,-4.42,2.01,-0.01,0.04,-0.0
-0.19,-4.44,2.01,-0.01,0.04,-0.0
-0.23,-4.44,1.97,-0.01,0.04,-0.0
-0.21,-4.46,1.97,-0.01,0.04,-0.0
-0.23,-4.42,1.95,-0.01,0.04,-0.0
-0.25,-4.44,2.01,-0.01,0.04,-0.0
-0.23,-4.42,1.95,-0.01,0.04,-0.0
-0.29,-4.41,2.05,-0.01,0.04,-0.0
-0.23,-4.42,2.01,-0.01,0.04,-0.0
-0.23,-4.37,2.01,-0.01,0.04,-0.0
-0.25,-4.41,2.03,-0.01,0.04,-0.0
-0.23,-4.37,1.97,-0.01,0.04,-0.0
-0.21,-4.44,1.92,-0.01,0.04,-0.0
-0.19,-4.41,1.99,-0.01,0.04,-0.0
-0.23,-4.42,1.93,-0.01,0.04,-0.0
-0.19,-4.44,2.01,-0.01,0.04,-0.0
-0.23,-4.41,2.07,-0.01,0.04,-0.0
-0.23,-4.46,2.03,-0.01,0.04,-0.0
-0.33,-4.48,2.01,-0.01,0.04,-0.0
-0.19,-4.42,2.01,-0.01,0.04,-0.0
-0.25,-4.48,1.99,-0.01,0.04,-0.0
-0.25,-4.42,2.05,-0.01,0.04,-0.0
-0.19,-4.46,1.97,-0.01,0.04,-0.0
-0.15,-4.41,2.01,-0.01,0.04,-0.0
-0.25,-4.44,1.99,-0.01,0.04,-0.0
-0.27,-4.37,2.01,-0.01,0.04,-0.0
-0.23,-4.44,1.99,-0.01,0.04,-0.0
-0.23,-4.39,1.97,-0.01,0.04,-0.0
-0.17,-4.42,1.99,-0.01,0.04,-0.0
-0.19,-4.42,1.97,-0.01,0.04,-0.0
-0.15,-4.44,1.95,-0.0,0.04,-0.0
-0.15,-4.42,1.95,-0.0,0.04,-0.0
-0.21,-4.42,2.01,-0.0,0.04,-0.0
-0.15,-4.41,2.03,-0.0,0.04,-0.0
-0.19,-4.46,1.99,-0.0,0.04,-0.0
-0.21,-4.42,2.01,-0.0,0.04,-0.0
-0.15,-4.42,1.99,-0.0,0.04,-0.0
-0.19,-4.42,2.03,-0.0,0.04,-0.0
-0.23,-4.44,1.92,-0.0,0.04,-0.0
-0.15,-4.37,1.9,-0.0,0.04,0.0
-0.21,-4.46,2.01,-0.0,0.04,-0.0
-0.23,-4.46,1.99,-0.0,0.04,-0.0
-0.23,-4.42,2.03,-0.0,0.04,-0.0
-0.23,-4.48,1.99,-0.0,0.04,-0.0
-0.11,-4.46,2.03,-0.0,0.04,-0.0
-0.29,-4.41,2.03,-0.01,0.04,0.0
-0.23,-4.41,1.99,-0.01,0.04,-0.0
-0.29,-4.44,2.01,-0.01,0.04,-0.0
-0.17,-4.5,2.05,-0.01,0.04,-0.0
-0.25,-4.5,2.03,-0.01,0.04,-0.0
-0.25,-4.5,2.07,-0.01,0.04,-0.0
-0.23,-4.39,1.95,-0.0,0.04,-0.0
-0.29,-4.37,2.03,-0.0,0.04,-0.01
-0.21,-4.41,1.95,-0.0,0.04,-0.0
-0.27,-4.42,1.97,0.0,0.04,-0.01
-0.21,-4.37,1.93,0.0,0.04,-0.0
-0.21,-4.46,1.97,0.0,0.04,-0.0
-0.17,-4.41,2.03,0.0,0.04,-0.0
-0.21,-4.44,1.93,0.01,0.04,-0.0
-0.31,-4.39,1.99,0.01,0.04,-0.0
-0.21,-4.46,2.03,0.01,0.04,-0.0
-0.31,-4.35,1.99,0.0,0.04,-0.0
-0.23,-4.39,2.05,0.0,0.04,0.0
-0.29,-4.39,2.07,-0.0,0.04,0.0
-0.27,-4.44,2.09,-0.0,0.04,0.0
-0.23,-4.46,1.99,-0.0,0.04,-0.0
-0.23,-4.29,1.9,-0.01,0.04,-0.0
-0.25,-4.35,2.01,-0.02,0.04,-0.0
-0.08,-4.48,1.93,-0.02,0.03,-0.0
-0.11,-4.54,2.05,-0.01,0.04,0.0
-0.19,-4.46,2.01,-0.01,0.04,0.0
-0.23,-4.44,2.05,-0.0,0.04,0.0
-0.23,-4.42,1.95,0.0,0.04,0.0
-0.19,-4.33,2.01,0.0,0.04,0.0
-0.17,-4.37,1.97,0.01,0.04,0.0
-0.13,-4.35,1.92,0.01,0.04,0.0
-0.11,-4.31,1.99,0.01,0.04,0.0
-0.17,-4.31,1.97,0.01,0.04,0.0
-0.15,-4.37,1.99,0.01,0.04,0.0
-0.21,-4.33,2.05,0.01,0.04,0.0
-0.17,-4.31,2.01,0.01,0.04,0.0
-0.17,-4.41,2.05,0.0,0.04,0.0
-0.25,-4.37,2.07,-0.0,0.04,0.0
-0.19,-4.31,2.09,-0.01,0.04,0.0
-0.19,-4.44,2.03,-0.01,0.04,0.0
-0.21,-4.5,2.03,-0.01,0.04,0.0
-0.23,-4.54,2.05,-0.02,0.04,0.0
-0.25,-4.46,1.95,-0.01,0.04,0.0
-0.19,-4.44,2.03,-0.01,0.04,0.01
-0.19,-4.42,2.07,-0.01,0.04,0.0
-0.25,-4.39,1.93,-0.01,0.04,0.01
-0.21,-4.42,1.97,-0.01,0.04,0.01
-0.25,-4.42,2.03,-0.01,0.04,0.01
-0.19,-4.44,1.92,-0.01,0.04,0.01
-0.25,-4.37,1.95,-0.01,0.04,0.01
-0.21,-4.41,1.92,-0.01,0.04,0.01
-0.23,-4.44,1.97,-0.01,0.04,0.01
-0.25,-4.48,1.95,-0.01,0.04,0.01
-0.19,-4.5,1.88,-0.01,0.04,0.01
-0.21,-4.48,1.95,-0.01,0.04,0.01
-0.23,-4.48,1.86,-0.01,0.04,0.01
-0.25,-4.46,1.93,-0.01,0.04,0.01
-0.21,-4.44,1.99,-0.01,0.04,0.0
-0.25,-4.42,2.03,-0.01,0.04,0.0
-0.23,-4.48,1.95,-0.01,0.04,0.01
-0.23,-4.35,1.92,-0.01,0.04,0.01
-0.21,-4.42,1.95,-0.01,0.04,0.0
-0.21,-4.42,1.92,-0.0,0.04,0.01
-0.27,-4.42,1.93,-0.01,0.04,0.01
-0.29,-4.42,1.92,-0.01,0.04,0.01
-0.29,-4.44,1.88,-0.01,0.04,0.01
-0.29,-4.46,1.99,-0.01,0.04,0.01
-0.27,-4.44,1.93,-0.01,0.04,0.0
-0.33,-4.48,1.95,-0.0,0.04,0.0
-0.29,-4.46,1.95,0.0,0.04,0.0
-0.33,-4.41,1.95,0.0,0.04,0.0
-0.34,-4.48,1.97,0.01,0.04,0.0
-0.29,-4.44,1.99,0.01,0.04,0.0
-0.27,-4.44,1.99,0.01,0.04,0.0
-0.27,-4.41,2.05,0.01,0.04,0.0
-0.33,-4.39,1.97,0.01,0.04,0.0
-0.29,-4.37,1.99,0.01,0.04,0.0
-0.25,-4.46,2.03,0.01,0.04,0.0
-0.27,-4.44,1.97,0.01,0.04,0.0
-0.25,-4.39,2.03,0.01,0.04,0.0
-0.25,-4.31,2.01,0.01,0.04,0.0
-0.23,-4.33,2.03,0.01,0.04,0.0
-0.19,-4.33,1.93,0.01,0.04,0.0
-0.23,-4.39,2.01,0.0,0.04,0.0
-0.17,-4.44,1.99,0.0,0.04,0.0
-0.23,-4.41,2.03,0.0,0.04,0.0
-0.25,-4.42,1.88,0.0,0.04,0.0
-0.19,-4.41,1.95,0.0,0.04,0.0
-0.17,-4.41,2.03,0.0,0.03,0.0
-0.23,-4.41,2.05,0.0,0.03,0.0
-0.21,-4.42,2.01,0.0,0.03,0.0
-0.23,-4.41,1.99,0.0,0.03,0.0
-0.23,-4.44,1.93,0.0,0.03,0.0
-0.21,-4.37,1.95,0.0,0.03,0.0
-0.21,-4.41,2.05,0.01,0.03,0.0
-0.23,-4.41,2.03,0.01,0.03,0.0
-0.25,-4.46,1.95,0.01,0.03,0.0
-0.25,-4.44,1.99,0.01,0.03,0.0
-0.23,-4.46,2.01,0.01,0.04,0.01
-0.27,-4.44,1.97,0.01,0.04,0.01
-0.23,-4.41,2.01,0.01,0.04,0.01
-0.23,-4.41,2.03,0.01,0.04,0.01
-0.27,-4.42,2.03,0.01,0.04,0.01
-0.15,-4.58,1.97,0.01,0.04,0.01
-0.19,-4.5,2.05,0.01,0.04,0.01
-0.15,-4.48,2.09,0.02,0.04,0.01
-0.19,-4.48,2.05,0.02,0.04,0.01
-0.21,-4.44,2.07,0.03,0.04,0.01
-0.27,-4.41,2.01,0.03,0.04,0.01
-0.38,-4.29,1.92,0.03,0.04,0.01
-0.42,-4.12,1.84,0.02,0.03,0.0
-0.44,-4.1,1.84,0.01,0.03,-0.0
-0.34,-4.25,1.9,-0.01,0.03,-0.0
-0.38,-4.35,1.97,-0.02,0.03,-0.0
-0.27,-4.56,2.03,-0.03,0.04,0.0
-0.23,-4.6,2.11,-0.03,0.04,0.01
-0.21,-4.52,2.15,-0.03,0.04,0.0
-0.23,-4.48,2.15,-0.02,0.03,0.0
-0.15,-4.41,2.07,-0.01,0.02,-0.0
-0.23,-4.39,2.05,-0.01,0.01,-0.0
-0.27,-4.29,2.05,-0.01,0.01,-0.0
-0.33,-4.29,2.05,-0.01,0.01,0.0
-0.31,-4.33,2.01,-0.02,0.01,0.01
-0.23,-4.39,2.09,-0.02,0.02,0.02
-0.23,-4.46,2.15,-0.01,0.03,0.02
-0.31,-4.52,2.32,-0.01,0.04,0.02
-0.29,-4.52,2.09,0.0,0.04,0.03
-0.31,-4.58,2.03,0.01,0.04,0.02
-0.29,-4.52,2.01,0.01,0.03,0.02
-0.25,-4.46,2.05,0.02,0.03,0.02
-0.29,-4.46,1.99,0.02,0.03,0.01
-0.27,-4.35,1.95,0.01,0.02,0.0
-0.23,-4.25,1.95,0.01,0.02,-0.0
-0.21,-4.27,1.9,0.01,0.02,-0.01
-0.19,-4.21,1.9,0.0,0.02,-0.01
-0.27,-4.16,1.93,-0.0,0.02,-0.02
-0.25,-4.19,1.97,-0.01,0.03,-0.02
-0.36,-4.23,1.9,-0.01,0.03,-0.02
-0.38,-4.37,1.99,-0.01,0.03,-0.02
-0.36,-4.44,2.03,-0.02,0.03,-0.01
-0.36,-4.46,2.09,-0.02,0.04,-0.01
-0.29,-4.52,2.11,-0.03,0.04,-0.0
-0.33,-4.48,2.09,-0.03,0.04,0.0
-0.33,-4.42,2.07,-0.03,0.03,0.0
-0.27,-4.39,2.13,-0.03,0.03,0.0
-0.31,-4.35,1.99,-0.03,0.03,0.0
-0.33,-4.37,1.97,-0.02,0.02,0.0
-0.13,-4.25,2.07,-0.02,0.02,-0.0
-0.17,-4.35,1.99,-0.02,0.02,-0.0
-0.19,-4.31,2.01,-0.02,0.02,-0.0
-0.11,-4.37,2.01,-0.03,0.03,-0.0
-0.13,-4.42,2.03,-0.03,0.03,-0.0
-0.15,-4.52,1.99,-0.04,0.03,-0.0
0.0,-4.56,2.03,-0.04,0.03,-0.0
-0.06,-4.62,2.05,-0.04,0.03,-0.0
-0.08,-4.62,2.07,-0.04,0.03,-0.01
0.0,-4.58,2.07,-0.03,0.04,-0.01
-0.11,-4.58,2.09,-0.03,0.04,-0.01
-0.04,-4.6,2.15,-0.02,0.04,-0.01
-0.08,-4.52,2.05,-0.02,0.04,-0.01
-0.11,-4.44,2.03,-0.01,0.04,-0.01
-0.13,-4.39,2.05,-0.01,0.04,-0.02
-0.17,-4.44,2.03,-0.0,0.04,-0.02
-0.17,-4.39,1.9,-0.0,0.04,-0.02
-0.17,-4.35,1.99,-0.0,0.04,-0.02
-0.23,-4.33,1.99,-0.0,0.04,-0.02
-0.25,-4.33,1.99,-0.01,0.04,-0.01
-0.27,-4.35,1.99,-0.01,0.04,-0.01
-0.31,-4.41,2.01,-0.01,0.04,-0.01
-0.29,-4.37,1.97,-0.02,0.04,-0.01
-0.36,-4.37,2.01,-0.02,0.04,-0.01
-0.27,-4.41,1.92,-0.02,0.04,-0.01
-0.34,-4.39,2.03,-0.02,0.04,-0.0
-0.29,-4.44,1.99,-0.02,0.04,-0.0
-0.29,-4.46,2.03,-0.02,0.04,-0.0
-0.27,-4.48,1.99,-0.02,0.05,-0.0
-0.29,-4.48,1.99,-0.02,0.05,-0.0
-0.27,-4.41,2.01,-0.02,0.05,-0.0
-0.25,-4.44,2.01,-0.02,0.05,-0.0
-0.23,-4.46,1.99,-0.02,0.05,-0.0
-0.33,-4.44,1.92,-0.02,0.05,-0.01
-0.27,-4.44,2.01,-0.02,0.05,-0.01
-0.33,-4.42,1.92,-0.02,0.05,-0.01
-0.25,-4.44,1.95,-0.02,0.05,-0.01
-0.27,-4.42,1.97,-0.02,0.05,-0.01
-0.29,-4.41,1.9,-0.02,0.04,-0.01
-0.27,-4.44,1.99,-0.02,0.05,-0.01
-0.33,-4.44,1.99,-0.02,0.04,-0.01
-0.27,-4.52,1.99,-0.01,0.05,-0.01
-0.33,-4.48,1.95,-0.01,0.05,-0.01
-0.29,-4.44,2.01,-0.01,0.05,-0.01
-0.33,-4.29,1.86,-0.01,0.05,-0.01
-0.23,-4.5,1.86,-0.02,0.05,-0.0
-0.25,-4.44,1.95,-0.02,0.05,-0.01
-0.23,-4.46,1.92,-0.02,0.05,-0.0
-0.25,-4.46,1.93,-0.02,0.04,-0.0
-0.25,-4.39,1.93,-0.02,0.04,-0.0
-0.19,-4.46,1.86,-0.02,0.04,-0.01
-0.13,-4.48,1.93,-0.02,0.04,-0.01
-0.23,-4.44,1.9,-0.02,0.04,-0.0
-0.25,-4.44,1.92,-0.02,0.04,-0.0
-0.25,-4.46,1.95,-0.02,0.04,-0.0
-0.25,-4.48,1.93,-0.02,0.04,-0.0
-0.25,-4.39,2.01,-0.02,0.03,-0.0
-0.25,-4.42,2.03,-0.02,0.03,-0.0
-0.31,-4.42,1.95,-0.01,0.03,-0.0
-0.27,-4.44,1.97,-0.01,0.03,-0.0
-0.31,-4.39,1.97,-0.01,0.03,-0.0
-0.34,-4.41,2.05,-0.01,0.03,-0.0
-0.29,-4.41,1.97,-0.01,0.02,0.0
-0.33,-4.41,2.05,-0.0,0.02,0.0
-0.33,-4.46,2.05,-0.0,0.02,0.0
-0.48,-4.58,1.74,0.0,0.03,0.0
-0.25,-4.42,1.99,0.0,0.03,0.01
-0.33,-4.39,2.07,0.01,0.03,0.0
-0.25,-4.46,1.97,0.01,0.03,0.0
-0.21,-4.37,1.97,0.01,0.03,0.0
-0.23,-4.23,1.95,0.0,0.03,0.0
-0.21,-4.39,1.95,0.0,0.03,-0.0
-0.19,-4.35,1.97,-0.0,0.03,-0.0
-0.25,-4.39,1.95,-0.0,0.03,-0.0
-0.19,-4.42,1.92,-0.01,0.03,-0.0
-0.19,-4.37,1.99,-0.01,0.03,-0.0
-0.17,-4.35,2.01,-0.01,0.03,-0.0
-0.19,-4.39,2.01,-0.01,0.03,-0.0
-0.19,-4.39,1.97,-0.01,0.03,-0.0
-0.21,-4.41,2.07,-0.01,0.03,-0.0
-0.17,-4.44,2.01,-0.01,0.03,-0.0
-0.21,-4.39,1.99,-0.0,0.03,-0.0
-0.21,-4.39,1.95,-0.0,0.03,-0.0
-0.17,-4.42,2.01,-0.0,0.03,-0.0
-0.19,-4.46,2.01,-0.0,0.03,-0.0
-0.21,-4.42,1.95,-0.0,0.03,-0.0
-0.23,-4.41,2.05,-0.0,0.03,-0.0
-0.33,-4.42,1.82,-0.0,0.03,-0.0
-0.23,-4.46,2.05,-0.0,0.03,-0.0
-0.23,-4.41,2.05,-0.0,0.04,-0.0
-0.17,-4.44,1.99,-0.0,0.04,-0.0
-0.17,-4.48,2.03,-0.01,0.04,0.0
-0.15,-4.5,2.01,-0.01,0.04,0.0
-0.17,-4.42,2.05,-0.01,0.04,0.0
-0.21,-4.44,1.97,-0.01,0.04,0.0
-0.17,-4.44,1.99,-0.01,0.04,0.0
-0.15,-4.5,1.99,-0.0,0.04,0.0
-0.15,-4.52,1.93,-0.0,0.04,0.0
-0.25,-4.52,1.86,0.0,0.04,0.0
-0.17,-4.48,1.99,0.0,0.04,0.0
-0.17,-4.46,1.97,0.0,0.04,0.0
-0.21,-4.46,1.97,0.0,0.04,0.0
-0.21,-4.44,1.97,0.01,0.04,0.0
-0.21,-4.42,1.9,0.01,0.04,0.0
-0.21,-4.44,1.95,0.0,0.04,0.0
-0.21,-4.44,1.99,0.0,0.04,0.0
-0.29,-4.44,1.9,0.0,0.04,-0.0
-0.27,-4.5,1.93,0.0,0.04,0.0
-0.23,-4.42,1.92,0.0,0.04,0.0
-0.31,-4.42,2.07,0.0,0.04,0.0
-0.27,-4.42,1.95,0.0,0.04,0.0
-0.27,-4.37,2.05,0.0,0.04,0.0
-0.33,-4.41,1.97,0.0,0.04,0.0
-0.36,-4.42,1.95,0.0,0.04,0.0
-0.31,-4.41,1.99,-0.0,0.04,0.0
-0.31,-4.46,1.97,0.0,0.04,0.0
-0.25,-4.42,2.03,0.0,0.04,0.0
-0.29,-4.41,1.97,0.0,0.04,0.0
-0.31,-4.41,2.03,0.0,0.04,0.0
-0.25,-4.37,1.97,0.0,0.04,0.0
-0.25,-4.39,2.01,0.0,0.04,0.0
-0.27,-4.48,2.03,0.0,0.04,0.0
-0.29,-4.42,2.01,0.0,0.04,0.0
-0.27,-4.39,1.99,0.0,0.04,0.0
-0.25,-4.33,2.03,0.0,0.04,0.0
-0.23,-4.37,2.03,0.0,0.04,0.0
-0.21,-4.42,2.03,0.0,0.04,0.0
-0.23,-4.41,2.05,0.0,0.04,0.0
-0.19,-4.41,2.07,0.0,0.04,0.0
-0.21,-4.39,1.99,0.0,0.04,0.0
-0.21,-4.44,2.05,0.0,0.04,0.0
-0.15,-4.27,1.86,0.0,0.04,0.0
-0.25,-4.41,2.01,0.0,0.04,0.0
-0.23,-4.42,2.05,-0.0,0.04,0.0
-0.23,-4.46,2.05,-0.0,0.04,0.0
-0.23,-4.35,2.09,-0.0,0.04,0.0
-0.23,-4.41,1.97,-0.01,0.04,0.0
-0.27,-4.37,1.97,-0.01,0.04,0.0
-0.23,-4.48,2.05,-0.01,0.04,0.0
-0.27,-4.37,2.03,-0.01,0.04,0.0
-0.29,-4.35,2.03,-0.01,0.04,0.0
-0.23,-4.42,2.03,-0.0,0.04,0.0
-0.25,-4.41,2.01,-0.0,0.04,0.0
-0.19,-4.48,2.01,-0.0,0.04,0.0
-0.23,-4.44,2.07,-0.0,0.04,0.0
-0.27,-4.42,2.01,-0.0,0.04,0.0
-0.27,-4.42,2.01,-0.0,0.04,0.0
-0.19,-4.42,2.01,-0.0,0.04,0.0
-0.23,-4.5,1.95,-0.0,0.04,0.01
-0.19,-4.42,1.97,-0.0,0.04,0.01
-0.25,-4.41,1.95,-0.0,0.04,0.01
-0.27,-4.44,2.03,-0.0,0.04,0.01
-0.15,-4.42,2.01,-0.0,0.03,0.0
-0.29,-4.44,1.97,-0.0,0.04,0.0
-0.23,-4.39,1.93,-0.0,0.04,0.0
-0.17,-4.44,1.93,0.0,0.04,0.0
-0.21,-4.41,2.01,0.0,0.04,0.0
-0.23,-4.42,1.99,0.0,0.04,0.0
-0.21,-4.42,2.03,0.0,0.04,0.0
-0.21,-4.46,2.01,0.0,0.04,-0.0
-0.23,-4.42,1.93,0.0,0.04,-0.0
-0.25,-4.48,1.95,0.0,0.04,-0.0
-0.17,-4.46,1.99,0.0,0.04,-0.0
-0.19,-4.48,2.01,0.0,0.04,-0.0
-0.27,-4.37,2.01,0.0,0.04,-0.0
-0.25,-4.37,1.99,0.0,0.04,-0.0
-0.29,-4.41,1.92,0.01,0.04,-0.0
-0.23,-4.44,1.92,0.01,0.04,-0.0
-0.27,-4.41,1.99,0.01,0.04,-0.0
-0.27,-4.39,1.92,0.01,0.03,-0.0
-0.27,-4.39,1.99,0.01,0.03,-0.0
-0.23,-4.41,2.03,0.01,0.03,-0.0
-0.25,-4.44,1.99,0.01,0.03,-0.0
-0.31,-4.41,2.01,0.01,0.03,-0.0
-0.31,-4.46,1.97,0.01,0.03,-0.0
-0.29,-4.39,2.01,0.01,0.03,-0.0
-0.27,-4.44,2.03,0.01,0.03,-0.0
-0.29,-4.41,2.05,0.01,0.03,-0.0
-0.29,-4.44,2.03,0.01,0.03,-0.0
-0.21,-4.41,2.07,0.01,0.03,-0.0
-0.27,-4.39,1.99,0.01,0.03,-0.01
-0.23,-4.42,2.03,0.01,0.03,-0.01
-0.27,-4.46,1.97,0.01,0.03,-0.01
-0.23,-4.46,2.01,0.01,0.03,-0.01
-0.29,-4.46,1.99,0.01,0.03,-0.01
-0.21,-4.44,1.99,0.01,0.03,-0.01
-0.19,-4.44,1.99,0.01,0.03,-0.01
-0.27,-4.42,1.99,0.01,0.03,-0.01
-0.21,-4.41,1.95,0.01,0.03,-0.01
-0.19,-4.41,1.97,0.01,0.03,-0.01
-0.31,-4.39,2.07,0.01,0.03,-0.01
-0.23,-4.41,2.01,0.01,0.03,-0.01
-0.23,-4.44,2.03,0.01,0.03,-0.01
-0.21,-4.41,2.03,0.01,0.03,-0.01
-0.33,-4.41,1.95,0.02,0.03,-0.01
-0.21,-4.44,2.03,0.02,0.03,-0.01
-0.29,-4.18,1.92,0.02,0.03,-0.01
-0.25,-4.37,1.97,0.02,0.03,-0.01
-0.25,-4.42,2.05,0.02,0.03,-0.01
-0.21,-4.42,1.99,0.02,0.03,-0.01
-0.25,-4.37,2.05,0.01,0.03,-0.01
-0.23,-4.42,1.97,0.01,0.03,-0.01
-0.23,-4.41,2.01,0.01,0.03,-0.01
-0.25,-4.39,2.05,0.01,0.03,-0.01
-0.23,-4.39,2.03,0.01,0.03,-0.01
-0.19,-4.39,1.99,0.01,0.03,-0.01
-0.27,-4.44,2.07,0.01,0.03,-0.01
-0.21,-4.48,2.07,0.01,0.03,-0.01
-0.23,-4.41,2.03,0.01,0.03,-0.02
-0.29,-4.46,2.05,0.01,0.03,-0.02
-0.23,-4.44,2.11,0.01,0.03,-0.02
-0.29,-4.41,2.11,0.02,0.03,-0.02
-0.21,-4.42,2.07,0.02,0.02,-0.02
-0.21,-4.41,2.07,0.02,0.02,-0.02
-0.17,-4.44,2.03,0.02,0.03,-0.02
-0.23,-4.41,2.03,0.02,0.03,-0.02
-0.23,-4.39,1.95,0.02,0.03,-0.02
-0.23,-4.39,2.03,0.02,0.03,-0.02
-0.13,-4.5,2.11,0.02,0.03,-0.02
-0.17,-4.44,2.03,0.02,0.03,-0.03
-0.23,-4.39,1.99,0.02,0.03,-0.03
-0.23,-4.41,2.03,0.02,0.03,-0.03
-0.23,-4.41,2.03,0.02,0.03,-0.03
-0.23,-4.42,2.03,0.02,0.03,-0.03
-0.21,-4.39,1.99,0.02,0.03,-0.03
-0.21,-4.41,2.07,0.02,0.03,-0.03
-0.23,-4.42,2.03,0.02,0.03,-0.03
-0.15,-4.44,1.95,0.02,0.03,-0.03
-0.25,-4.39,1.95,0.01,0.03,-0.03
-0.31,-4.41,1.97,0.02,0.03,-0.03
-0.23,-4.33,2.03,0.02,0.02,-0.03
-0.17,-4.39,2.03,0.02,0.02,-0.03
-0.27,-4.35,2.07,0.01,0.02,-0.03
-0.21,-4.35,2.03,0.01,0.02,-0.03
-0.21,-4.37,2.09,0.01,0.02,-0.03
-0.19,-4.41,2.01,0.01,0.02,-0.03
-0.13,-4.33,2.01,0.01,0.02,-0.03
-0.17,-4.42,2.05,0.01,0.02,-0.03
-0.25,-4.37,2.07,0.01,0.02,-0.04
-0.19,-4.31,2.03,0.01,0.02,-0.04
-0.15,-4.41,2.13,0.01,0.02,-0.04
-0.23,-4.41,2.09,0.01,0.02,-0.04
-0.17,-4.39,2.11,0.01,0.02,-0.04
-0.17,-4.39,2.09,0.01,0.02,-0.04
-0.15,-4.37,2.05,0.01,0.02,-0.04
-0.08,-4.39,2.13,0.01,0.02,-0.04
-0.17,-4.39,2.15,0.01,0.02,-0.04
-0.1,-4.37,2.09,0.01,0.02,-0.04
-0.08,-4.39,2.01,0.01,0.03,-0.04
-0.06,-4.39,2.07,0.01,0.03,-0.04
-0.06,-4.35,2.09,0.01,0.03,-0.04
-0.13,-4.31,2.09,0.01,0.03,-0.04
-0.13,-4.33,2.15,0.0,0.03,-0.04
-0.17,-4.33,2.15,0.0,0.03,-0.05
-0.17,-4.35,2.13,0.0,0.03,-0.05
-0.17,-4.37,2.09,0.0,0.02,-0.05
-0.17,-4.37,2.09,0.0,0.02,-0.05
-0.13,-4.41,2.11,0.0,0.02,-0.05
-0.1,-4.35,2.07,0.0,0.02,-0.05
-0.17,-4.37,2.07,0.0,0.03,-0.05
-0.19,-4.41,2.07,0.0,0.03,-0.05
-0.31,-4.44,2.22,0.0,0.03,-0.05
-0.13,-4.41,2.09,0.0,0.03,-0.05
-0.17,-4.39,2.07,0.0,0.02,-0.05
-0.19,-4.35,2.09,0.0,0.02,-0.05
-0.15,-4.37,2.07,0.0,0.02,-0.05
-0.08,-4.35,2.09,0.0,0.02,-0.05
-0.13,-4.37,2.05,0.0,0.02,-0.05
-0.13,-4.35,2.05,0.0,0.02,-0.05
-0.13,-4.37,2.05,0.0,0.02,-0.05
-0.13,-4.39,2.03,0.0,0.02,-0.05
-0.1,-4.35,2.13,0.0,0.02,-0.05
-0.1,-4.37,2.13,-0.0,0.02,-0.05
-0.02,-4.35,2.09,-0.0,0.02,-0.05
-0.08,-4.35,2.09,-0.0,0.02,-0.05
-0.02,-4.39,2.07,-0.01,0.02,-0.05
-0.04,-4.39,2.13,-0.01,0.03,-0.05
-0.04,-4.39,2.07,-0.01,0.03,-0.05
-0.04,-4.31,2.05,-0.01,0.03,-0.05
0.0,-4.35,2.05,-0.01,0.03,-0.04
0.0,-4.41,2.03,-0.01,0.03,-0.04
0.0,-4.37,2.11,-0.01,0.03,-0.04
-0.04,-4.33,2.11,-0.01,0.03,-0.04
0.0,-4.42,2.01,-0.01,0.03,-0.04
-0.06,-4.42,2.15,-0.01,0.03,-0.05
-0.08,-4.41,2.11,-0.01,0.03,-0.05
0.0,-4.33,2.07,-0.01,0.03,-0.05
0.0,-4.42,2.13,-0.01,0.03,-0.05
0.02,-4.33,2.07,-0.01,0.03,-0.05
0.0,-4.39,2.07,-0.01,0.03,-0.05
0.02,-4.41,2.05,-0.01,0.03,-0.06
0.0,-4.35,2.11,-0.01,0.03,-0.06
-0.02,-4.31,2.07,-0.01,0.03,-0.06
0.0,-4.37,2.07,-0.01,0.03,-0.06
0.02,-4.35,2.07,-0.01,0.03,-0.06
0.0,-4.37,2.09,-0.02,0.03,-0.06
0.0,-4.37,2.11,-0.02,0.03,-0.06
0.0,-4.39,2.05,-0.02,0.03,-0.06
0.0,-4.37,2.05,-0.01,0.04,-0.06
0.0,-4.39,2.07,-0.01,0.04,-0.06
0.0,-4.37,2.07,-0.01,0.04,-0.06
0.02,-4.35,2.09,-0.01,0.04,-0.06
0.02,-4.41,2.09,-0.01,0.04,-0.06
0.0,-4.39,2.07,-0.01,0.04,-0.06
-0.02,-4.35,2.15,-0.01,0.04,-0.06
-0.08,-4.21,2.16,-0.01,0.04,-0.06
-0.08,-4.39,2.13,-0.02,0.04,-0.07
-0.1,-4.37,2.15,-0.02,0.04,-0.07
-0.1,-4.33,2.11,-0.02,0.04,-0.07
-0.1,-4.27,2.15,-0.02,0.04,-0.07
0.04,-4.29,2.15,-0.02,0.04,-0.07
0.0,-4.33,2.09,-0.03,0.05,-0.07
-0.04,-4.33,2.15,-0.03,0.05,-0.07
0.0,-4.37,2.07,-0.03,0.05,-0.07
0.0,-4.39,2.15,-0.03,0.05,-0.07
0.0,-4.39,2.09,-0.03,0.05,-0.07
0.0,-4.39,2.15,-0.03,0.05,-0.07
-0.06,-4.33,2.11,-0.03,0.05,-0.07
0.0,-4.41,2.09,-0.04,0.05,-0.07
0.04,-4.37,2.15,-0.04,0.05,-0.07
-0.02,-4.37,2.03,-0.04,0.05,-0.08
0.04,-4.39,2.07,-0.04,0.05,-0.08
0.0,-4.35,2.05,-0.04,0.05,-0.08
0.06,-4.37,2.07,-0.04,0.05,-0.08
0.0,-4.35,2.07,-0.04,0.05,-0.08
0.04,-4.35,2.09,-0.04,0.05,-0.08
0.0,-4.33,2.11,-0.04,0.05,-0.08
-0.04,-4.31,2.15,-0.05,0.05,-0.09
0.06,-4.46,2.09,-0.05,0.05,-0.09
0.04,-4.41,2.07,-0.05,0.05,-0.09
0.06,-4.37,2.07,-0.05,0.05,-0.1
0.1,-4.44,2.05,-0.06,0.05,-0.1
0.02,-4.35,2.11,-0.06,0.05,-0.1
0.02,-4.39,2.05,-0.06,0.05,-0.1
0.04,-4.42,2.09,-0.06,0.05,-0.11
0.02,-4.41,2.05,-0.06,0.05,-0.1
0.02,-4.44,2.07,-0.06,0.05,-0.11
0.0,-4.42,2.03,-0.06,0.05,-0.11
0.02,-4.41,2.07,-0.06,0.04,-0.11
0.02,-4.42,2.07,-0.05,0.04,-0.12
0.06,-4.37,2.01,-0.05,0.04,-0.12
0.02,-4.35,2.01,-0.06,0.03,-0.12
0.0,-4.33,2.01,-0.06,0.03,-0.12
0.04,-4.39,2.05,-0.06,0.03,-0.12
0.06,-4.41,1.99,-0.06,0.03,-0.13
0.1,-4.44,2.01,-0.07,0.03,-0.13
0.06,-4.41,1.99,-0.08,0.03,-0.13
0.02,-4.41,2.03,-0.08,0.03,-0.13
0.02,-4.39,1.99,-0.09,0.03,-0.13
0.29,-4.52,2.01,-0.09,0.03,-0.13
0.11,-4.52,1.95,-0.1,0.03,-0.13
0.1,-4.48,2.01,-0.1,0.03,-0.13
0.19,-4.5,2.07,-0.09,0.03,-0.13
0.1,-4.46,2.05,-0.09,0.03,-0.14
0.15,-4.48,2.03,-0.09,0.02,-0.14
0.11,-4.52,2.01,-0.08,0.02,-0.15
0.08,-4.42,1.95,-0.08,0.01,-0.16
0.06,-4.42,1.99,-0.07,0.0,-0.16
0.06,-4.41,2.05,-0.07,-0.0,-0.17
0.02,-4.41,2.09,-0.07,-0.01,-0.18
0.0,-4.35,2.05,-0.07,-0.02,-0.18
-0.04,-4.35,2.05,-0.08,-0.03,-0.18
-0.02,-4.37,2.05,-0.08,-0.03,-0.19
-0.06,-4.39,2.01,-0.09,-0.03,-0.19
-0.06,-4.37,1.97,-0.1,-0.03,-0.19
-0.1,-4.44,2.05,-0.1,-0.03,-0.19
-0.08,-4.54,1.88,-0.11,-0.03,-0.2
-0.02,-4.58,1.92,-0.11,-0.03,-0.2
-0.1,-4.54,1.93,-0.12,-0.03,-0.2
-0.1,-4.56,1.92,-0.11,-0.03,-0.21
0.0,-4.6,2.11,-0.11,-0.02,-0.21
-0.06,-4.64,1.92,-0.11,-0.02,-0.22
-0.06,-4.56,1.86,-0.11,-0.02,-0.22
0.08,-4.58,1.97,-0.11,-0.01,-0.22
0.06,-4.62,1.95,-0.1,-0.01,-0.22
0.02,-4.52,1.9,-0.09,-0.01,-0.23
0.17,-4.52,1.92,-0.09,-0.01,-0.23
0.23,-4.58,1.86,-0.09,-0.01,-0.23
0.21,-4.5,1.84,-0.09,-0.01,-0.23
0.21,-4.52,1.9,-0.09,-0.01,-0.23
0.34,-4.5,1.9,-0.09,-0.01,-0.24
0.29,-4.48,1.9,-0.09,-0.02,-0.24
0.36,-4.46,1.86,-0.1,-0.02,-0.24
0.4,-4.56,1.88,-0.11,-0.03,-0.24
0.59,-4.58,1.7,-0.11,-0.03,-0.24
0.56,-4.58,1.7,-0.12,-0.02,-0.24
0.63,-4.54,1.76,-0.12,-0.02,-0.25
0.63,-4.58,1.74,-0.12,-0.02,-0.25
0.71,-4.64,1.72,-0.12,-0.02,-0.25
0.67,-4.64,1.72,-0.12,-0.02,-0.25
0.75,-4.62,1.78,-0.12,-0.03,-0.25
0.75,-4.58,1.8,-0.12,-0.04,-0.26
1.21,-4.19,1.44,-0.12,-0.04,-0.26
0.86,-4.6,1.57,-0.12,-0.04,-0.26
0.86,-4.54,1.61,-0.12,-0.04,-0.26
0.92,-4.56,1.63,-0.12,-0.04,-0.26
0.92,-4.54,1.61,-0.12,-0.04,-0.26
0.98,-4.54,1.7,-0.13,-0.04,-0.27
0.98,-4.56,1.72,-0.13,-0.05,-0.27
0.88,-4.48,1.72,-0.13,-0.05,-0.27
1.02,-4.46,1.65,-0.14,-0.06,-0.27
1.0,-4.5,1.72,-0.14,-0.06,-0.27
0.96,-4.39,1.76,-0.14,-0.06,-0.27
0.92,-4.44,1.72,-0.14,-0.06,-0.26
1.0,-4.52,1.69,-0.14,-0.06,-0.26
0.98,-4.44,1.84,-0.14,-0.06,-0.26
1.0,-4.52,1.76,-0.14,-0.07,-0.26
1.02,-4.5,1.78,-0.14,-0.07,-0.26
1.02,-4.56,1.76,-0.14,-0.07,-0.26
0.94,-4.48,1.84,-0.13,-0.08,-0.26
1.03,-4.48,1.74,-0.13,-0.08,-0.26
1.03,-4.44,1.74,-0.13,-0.08,-0.27
0.98,-4.42,1.7,-0.13,-0.08,-0.27
1.0,-4.42,1.76,-0.13,-0.08,-0.27
0.98,-4.42,1.49,-0.13,-0.08,-0.28
1.02,-4.44,1.57,-0.13,-0.08,-0.28
1.02,-4.41,1.57,-0.13,-0.07,-0.28
1.05,-4.5,1.57,-0.14,-0.07,-0.28
1.05,-4.48,1.55,-0.14,-0.07,-0.28
1.15,-4.58,1.69,-0.14,-0.07,-0.28
1.21,-4.54,1.69,-0.13,-0.07,-0.29
1.15,-4.48,1.65,-0.13,-0.08,-0.29
1.17,-4.5,1.67,-0.13,-0.08,-0.29
1.24,-4.52,1.59,-0.12,-0.08,-0.29
1.23,-4.48,1.63,-0.12,-0.08,-0.29
1.23,-4.5,1.7,-0.12,-0.08,-0.29
1.24,-4.5,1.65,-0.12,-0.08,-0.29
1.23,-4.6,1.63,-0.12,-0.08,-0.29
1.23,-4.52,1.57,-0.12,-0.07,-0.29
1.24,-4.54,1.63,-0.12,-0.07,-0.29
1.21,-4.54,1.53,-0.12,-0.07,-0.29
1.21,-4.64,1.59,-0.12,-0.07,-0.29
1.21,-4.62,1.57,-0.11,-0.07,-0.3
1.3,-4.64,1.57,-0.1,-0.07,-0.3
1.23,-4.56,1.65,-0.1,-0.07,-0.3
1.24,-4.58,1.51,-0.09,-0.08,-0.3
1.26,-4.52,1.47,-0.09,-0.08,-0.3
1.28,-4.52,1.4,-0.1,-0.08,-0.3
1.32,-4.54,1.47,-0.1,-0.07,-0.31
1.34,-4.56,1.42,-0.09,-0.07,-0.31
1.34,-4.54,1.4,-0.09,-0.07,-0.31
1.38,-4.56,1.44,-0.08,-0.06,-0.31
1.38,-4.56,1.38,-0.08,-0.06,-0.31
1.4,-4.56,1.36,-0.07,-0.06,-0.31
1.47,-4.56,1.4,-0.07,-0.06,-0.32
1.42,-4.5,1.34,-0.06,-0.06,-0.32
1.42,-4.42,1.34,-0.07,-0.06,-0.32
1.32,-4.42,1.34,-0.07,-0.05,-0.32
1.46,-4.44,1.38,-0.07,-0.05,-0.33
1.51,-4.52,1.32,-0.06,-0.05,-0.33
1.53,-4.44,1.28,-0.07,-0.05,-0.33
1.53,-4.48,1.32,-0.07,-0.05,-0.33
1.59,-4.48,1.23,-0.07,-0.05,-0.33
1.57,-4.46,1.19,-0.07,-0.04,-0.33
1.57,-4.46,1.07,-0.08,-0.03,-0.33
1.57,-4.56,1.21,-0.08,-0.03,-0.34
1.63,-4.52,1.17,-0.08,-0.03,-0.34
1.76,-4.42,1.13,-0.07,-0.03,-0.34
1.7,-4.54,1.24,-0.07,-0.03,-0.34
1.69,-4.5,1.19,-0.07,-0.03,-0.34
1.67,-4.42,1.19,-0.07,-0.03,-0.35
1.72,-4.48,1.24,-0.07,-0.03,-0.35
1.74,-4.48,1.19,-0.07,-0.03,-0.36
1.8,-4.56,1.17,-0.06,-0.02,-0.36
1.78,-4.54,1.19,-0.06,-0.02,-0.37
1.82,-4.46,1.19,-0.06,-0.01,-0.37
1.86,-4.52,1.21,-0.05,-0.01,-0.38
1.95,-4.46,1.26,-0.05,-0.01,-0.38
1.92,-4.5,1.24,-0.04,-0.01,-0.39
2.03,-4.39,1.21,-0.03,-0.01,-0.4
1.93,-4.33,1.24,-0.03,-0.01,-0.4
1.95,-4.35,1.21,-0.04,-0.01,-0.41
1.95,-4.29,1.17,-0.04,-0.0,-0.41
1.97,-4.37,1.19,-0.04,0.0,-0.41
2.01,-4.41,1.19,-0.04,0.01,-0.42
2.09,-4.41,1.17,-0.03,0.01,-0.42
1.95,-4.35,1.17,-0.03,0.0,-0.42
2.01,-4.35,1.17,-0.03,0.0,-0.43
1.95,-4.39,1.07,-0.03,0.0,-0.43
1.92,-4.42,1.23,-0.03,0.01,-0.44
2.03,-4.33,1.02,-0.02,0.0,-0.45
2.09,-4.29,1.15,-0.02,-0.0,-0.45
2.05,-4.27,1.07,-0.01,-0.0,-0.46
2.11,-4.29,1.07,-0.01,0.01,-0.46
2.13,-4.19,1.05,-0.01,0.02,-0.47
2.26,-4.21,1.05,-0.01,0.02,-0.47
2.2,-4.23,1.23,-0.0,0.03,-0.48
2.36,-4.18,1.13,0.0,0.03,-0.48
2.32,-4.18,1.19,0.0,0.03,-0.49
2.3,-4.08,1.3,0.01,0.03,-0.49
2.41,-4.06,1.21,0.01,0.02,-0.5
2.26,-4.06,1.32,0.02,0.03,-0.51
2.34,-4.04,1.21,0.02,0.03,-0.51
2.3,-4.12,1.28,0.02,0.03,-0.51
2.36,-4.04,1.23,0.03,0.03,-0.51
2.41,-4.04,1.28,0.02,0.03,-0.52
2.38,-4.0,1.36,0.03,0.03,-0.52
2.39,-3.96,1.28,0.02,0.02,-0.53
2.39,-4.06,1.34,0.02,0.02,-0.54
2.45,-3.98,1.15,0.02,0.02,-0.54
2.45,-4.0,1.24,0.02,0.02,-0.55
2.51,-3.89,1.32,0.03,0.02,-0.57
2.49,-3.81,1.28,0.03,0.02,-0.58
2.66,-3.81,1.32,0.04,0.02,-0.58
2.66,-3.75,1.28,0.03,0.02,-0.59
2.91,-3.83,1.28,0.03,0.03,-0.6
2.74,-3.73,1.32,0.03,0.03,-0.61
2.6,-3.7,1.53,0.03,0.04,-0.61
2.68,-3.77,1.61,0.03,0.03,-0.61
2.7,-3.81,1.65,0.02,0.02,-0.62
2.68,-3.91,1.59,0.02,0.02,-0.62
2.6,-3.95,1.61,0.02,0.02,-0.62
2.64,-4.04,1.55,0.03,0.01,-0.63
2.49,-3.98,1.61,0.04,0.02,-0.64
2.45,-3.91,1.53,0.05,0.02,-0.65
2.45,-3.89,1.3,0.06,0.02,-0.65
2.53,-3.75,1.17,0.06,0.03,-0.66
2.55,-3.68,1.3,0.06,0.04,-0.66
2.55,-3.58,1.26,0.06,0.04,-0.66
2.66,-3.58,1.32,0.05,0.04,-0.66
2.74,-3.54,1.42,0.04,0.04,-0.65
2.7,-3.52,1.38,0.03,0.03,-0.65
2.91,-3.49,1.44,0.02,0.01,-0.64
2.93,-3.6,1.24,0.0,0.0,-0.63
2.93,-3.64,1.32,-0.0,-0.01,-0.62
2.97,-3.64,1.38,-0.0,-0.01,-0.61
3.14,-3.66,1.44,-0.0,-0.02,-0.61
3.16,-3.66,1.4,-0.0,-0.03,-0.61
3.16,-3.56,1.4,-0.0,-0.03,-0.6
3.24,-3.56,1.4,0.01,-0.04,-0.61
3.26,-3.51,1.28,0.02,-0.04,-0.61
3.26,-3.35,1.34,0.03,-0.04,-0.61
3.31,-3.29,1.24,0.04,-0.05,-0.61
3.28,-3.18,1.3,0.05,-0.04,-0.62
3.28,-3.01,1.23,0.06,-0.04,-0.62
3.43,-3.12,1.21,0.06,-0.04,-0.63
3.43,-3.05,1.26,0.06,-0.04,-0.64
3.45,-2.93,1.23,0.07,-0.04,-0.64
3.47,-2.89,1.15,0.07,-0.03,-0.65
3.43,-2.87,1.34,0.06,-0.03,-0.66
3.43,-2.82,1.32,0.05,-0.03,-0.67
3.43,-2.76,1.26,0.04,-0.04,-0.68
3.49,-2.76,1.24,0.02,-0.04,-0.7
3.6,-2.82,1.17,0.01,-0.04,-0.71
3.56,-2.74,1.24,0.0,-0.03,-0.73
3.66,-2.72,1.26,-0.0,-0.03,-0.74
3.54,-2.7,1.23,-0.01,-0.03,-0.75
3.49,-2.78,1.3,-0.02,-0.04,-0.75
3.41,-2.83,1.42,-0.02,-0.05,-0.76
3.37,-2.78,1.42,-0.03,-0.06,-0.76
3.22,-2.78,1.51,-0.02,-0.07,-0.77
3.1,-2.78,1.49,-0.02,-0.09,-0.77
3.03,-2.76,1.44,-0.01,-0.11,-0.78
2.97,-2.6,1.34,-0.01,-0.13,-0.78
3.12,-2.66,1.21,-0.0,-0.14,-0.78
3.29,-2.7,1.21,0.0,-0.15,-0.79
3.51,-2.64,1.17,0.01,-0.16,-0.79
3.75,-2.53,1.07,0.02,-0.16,-0.79
3.89,-2.51,0.9,0.04,-0.17,-0.8
3.89,-2.32,0.94,0.06,-0.16,-0.8
3.93,-2.2,0.96,0.08,-0.16,-0.81
3.91,-2.07,0.98,0.09,-0.16,-0.81
3.89,-2.05,0.84,0.1,-0.17,-0.82
4.04,-2.05,0.65,0.1,-0.17,-0.82
4.1,-2.05,0.69,0.11,-0.17,-0.82
4.1,-2.03,0.56,0.14,-0.17,-0.83
4.08,-2.01,0.67,0.17,-0.17,-0.84
4.0,-2.07,0.63,0.19,-0.18,-0.84
4.06,-1.97,0.75,0.21,-0.2,-0.85
4.21,-1.8,1.05,0.25,-0.22,-0.86
4.41,-1.78,1.19,0.27,-0.23,-0.87
4.41,-1.69,1.34,0.26,-0.24,-0.88
4.41,-1.65,1.36,0.25,-0.25,-0.89
4.18,-1.63,1.3,0.23,-0.25,-0.89
4.06,-1.69,1.34,0.22,-0.25,-0.9
4.08,-1.69,1.32,0.21,-0.25,-0.9
4.14,-1.76,1.24,0.2,-0.26,-0.91
4.21,-1.67,1.11,0.19,-0.25,-0.92
4.44,-1.69,1.07,0.18,-0.23,-0.93
4.88,-1.7,1.09,0.17,-0.21,-0.93
5.23,-1.55,0.92,0.17,-0.2,-0.92
5.73,-1.4,0.8,0.18,-0.19,-0.9
6.11,-1.26,0.5,0.19,-0.18,-0.88
6.55,-1.09,0.13,0.24,-0.18,-0.85
6.84,-0.94,-0.29,0.3,-0.16,-0.81
6.95,-0.57,-0.71,0.37,-0.15,-0.76
6.59,-0.33,-1.15,0.43,-0.13,-0.7
6.74,0.69,-0.46,0.44,-0.1,-0.64
6.63,1.24,-0.02,0.43,-0.1,-0.58
6.44,1.7,0.61,0.31,-0.14,-0.51
6.3,1.69,0.92,0.15,-0.19,-0.45
6.01,1.69,1.3,-0.02,-0.23,-0.39
5.75,1.24,0.92,-0.12,-0.26,-0.32
5.48,1.07,0.92,-0.19,-0.26,-0.28
4.96,0.98,0.86,-0.23,-0.22,-0.25
4.88,0.84,0.82,-0.26,-0.18,-0.23
4.67,0.84,0.92,-0.3,-0.14,-0.2
4.46,0.8,1.07,-0.34,-0.09,-0.19
4.06,0.82,1.07,-0.36,-0.03,-0.19
3.81,0.73,0.96,-0.38,0.02,-0.19
3.73,0.52,0.88,-0.4,0.04,-0.18
3.66,0.34,0.69,-0.4,0.08,-0.17
3.7,0.15,0.42,-0.39,0.12,-0.17
3.64,0.13,0.61,-0.37,0.15,-0.18
3.62,-0.08,0.31,-0.33,0.18,-0.18
3.66,-0.02,0.29,-0.28,0.21,-0.18
3.77,-0.15,0.33,-0.25,0.23,-0.18
4.06,-0.33,0.44,-0.2,0.23,-0.18
4.21,-0.36,0.33,-0.15,0.22,-0.18
4.52,-0.33,0.57,-0.1,0.23,-0.19
4.46,-0.25,0.86,-0.06,0.24,-0.19
4.42,-0.11,1.03,-0.03,0.25,-0.18
4.48,0.1,1.13,-0.01,0.26,-0.17
4.46,0.29,1.24,-0.01,0.26,-0.16
4.5,0.56,1.15,-0.01,0.26,-0.14
4.46,0.73,1.07,-0.01,0.26,-0.13
4.56,0.86,1.0,-0.02,0.26,-0.11
4.67,0.98,1.11,-0.03,0.26,-0.1
4.6,0.88,1.28,-0.05,0.26,-0.09
4.65,0.8,1.51,-0.07,0.25,-0.08
4.73,0.52,1.55,-0.09,0.25,-0.08
4.75,0.21,1.61,-0.09,0.25,-0.07
4.77,0.15,1.57,-0.09,0.26,-0.06
4.79,0.0,1.59,-0.09,0.26,-0.06
4.9,-0.17,1.57,-0.08,0.26,-0.07
5.09,-0.21,1.46,-0.07,0.25,-0.07
5.19,-0.23,1.38,-0.06,0.23,-0.07
5.17,-0.17,1.34,-0.04,0.22,-0.07
5.15,-0.1,1.07,-0.02,0.22,-0.06
5.04,0.08,1.13,-0.0,0.22,-0.05
4.88,0.19,1.07,0.01,0.21,-0.04
4.85,0.17,1.24,0.0,0.2,-0.02
4.73,0.11,1.23,-0.01,0.17,0.0
4.73,0.1,1.24,-0.03,0.14,0.02
4.65,0.06,1.19,-0.04,0.12,0.03
4.71,0.02,1.21,-0.04,0.11,0.05
4.67,-0.08,1.24,-0.04,0.1,0.07
4.69,-0.19,1.23,-0.04,0.09,0.08
4.65,-0.19,1.23,-0.02,0.08,0.1
4.67,-0.17,1.23,-0.0,0.08,0.11
4.71,-0.23,1.15,0.02,0.08,0.12
4.81,-0.33,1.07,0.04,0.08,0.13
4.9,-0.4,1.17,0.05,0.08,0.14
4.9,-0.5,1.15,0.06,0.07,0.15
4.96,-0.69,1.15,0.06,0.05,0.16
4.92,-0.71,1.11,0.07,0.05,0.17
4.96,-0.92,1.15,0.07,0.04,0.18
5.0,-1.02,1.11,0.07,0.03,0.18
4.96,-1.07,1.19,0.07,0.02,0.19
5.0,-1.07,1.17,0.07,0.02,0.19
4.87,-1.05,1.09,0.08,0.02,0.2
4.81,-1.02,1.07,0.08,0.03,0.2
4.65,-0.96,1.0,0.08,0.03,0.2
4.69,-1.0,1.19,0.08,0.03,0.2
4.58,-0.92,1.11,0.09,0.03,0.2
4.58,-0.82,1.21,0.09,0.03,0.2
4.58,-0.82,1.26,0.08,0.03,0.2
4.52,-0.88,1.23,0.07,0.03,0.2
4.52,-0.9,1.21,0.07,0.02,0.19
4.6,-0.96,1.15,0.06,0.02,0.19
4.64,-0.96,1.19,0.05,0.03,0.18
4.6,-0.96,1.26,0.05,0.04,0.18
4.67,-0.96,1.36,0.04,0.04,0.17
4.67,-1.0,1.24,0.04,0.04,0.17
4.69,-0.94,1.21,0.03,0.04,0.16
4.6,-0.9,1.15,0.03,0.04,0.16
4.65,-1.02,1.21,0.03,0.04,0.16
4.69,-1.0,1.32,0.03,0.04,0.16
4.67,-1.0,1.38,0.02,0.04,0.16
4.67,-0.98,1.21,0.02,0.03,0.15
4.6,-1.02,1.21,0.02,0.03,0.15
4.62,-0.94,1.21,0.02,0.03,0.15
4.62,-0.92,1.26,0.03,0.03,0.14
4.83,-0.86,1.07,0.04,0.03,0.14
4.77,-0.79,1.17,0.04,0.04,0.14
4.71,-0.71,1.15,0.03,0.05,0.13
4.67,-0.73,1.17,0.02,0.05,0.12
4.69,-0.73,1.11,0.01,0.06,0.12
4.64,-0.61,1.11,-0.0,0.06,0.12
4.9,-0.73,1.19,-0.02,0.06,0.11
4.94,-0.92,1.4,-0.04,0.06,0.1
4.9,-0.98,1.4,-0.05,0.05,0.09
4.62,-0.8,1.3,-0.06,0.03,0.07
4.37,-0.79,1.19,-0.08,0.01,0.06
4.04,-1.09,1.09,-0.09,-0.0,0.05
3.91,-1.3,1.42,-0.1,-0.0,0.05
3.81,-1.65,1.72,-0.11,-0.02,0.04
3.73,-1.84,1.7,-0.11,-0.04,0.03
3.72,-1.97,1.65,-0.1,-0.05,0.02
3.75,-1.93,1.65,-0.09,-0.05,0.02
3.87,-1.9,1.49,-0.08,-0.05,0.01
3.98,-1.76,1.47,-0.08,-0.06,0.01
4.16,-1.59,1.36,-0.08,-0.06,0.01
4.27,-1.47,1.32,-0.08,-0.05,0.0
4.31,-1.36,1.26,-0.06,-0.05,0.0
4.54,-1.28,1.36,-0.03,-0.04,-0.0
4.6,-1.3,1.19,-0.01,-0.05,-0.01
4.79,-1.19,1.15,0.02,-0.05,-0.02
4.92,-1.19,1.11,0.04,-0.05,-0.03
5.0,-1.17,1.15,0.05,-0.04,-0.04
5.06,-1.09,1.09,0.05,-0.04,-0.04
5.02,-1.03,1.02,0.04,-0.04,-0.05
5.0,-1.03,0.96,0.04,-0.05,-0.05
5.0,-0.98,0.94,0.02,-0.05,-0.04
4.92,-0.94,1.02,0.01,-0.05,-0.04
4.92,-1.02,0.98,-0.01,-0.05,-0.03
4.88,-0.98,0.92,-0.03,-0.05,-0.03
4.85,-1.0,0.94,-0.05,-0.06,-0.04
4.83,-1.0,1.11,-0.07,-0.06,-0.04
4.75,-1.07,1.07,-0.08,-0.06,-0.04
4.77,-1.11,1.09,-0.09,-0.05,-0.04
4.71,-1.17,0.94,-0.09,-0.05,-0.04
4.6,-1.24,0.92,-0.09,-0.05,-0.03
4.62,-1.4,0.88,-0.08,-0.05,-0.03
4.6,-1.46,0.84,-0.07,-0.05,-0.02
4.56,-1.44,0.86,-0.05,-0.05,-0.01
4.6,-1.44,0.84,-0.03,-0.05,-0.01
4.79,-1.34,0.75,-0.01,-0.05,-0.0
4.64,-1.26,0.8,0.01,-0.05,-0.0
4.69,-1.17,0.84,0.03,-0.05,0.0
4.67,-1.11,0.9,0.04,-0.05,0.0
4.67,-1.02,0.84,0.06,-0.05,-0.0
4.71,-0.88,0.84,0.07,-0.05,-0.0
4.73,-0.82,0.9,0.07,-0.06,-0.01
4.71,-0.71,0.86,0.08,-0.06,-0.01
4.81,-0.63,0.84,0.08,-0.06,-0.02
4.83,-0.57,0.86,0.09,-0.06,-0.02
4.87,-0.48,0.77,0.09,-0.06,-0.02
4.9,-0.54,0.79,0.09,-0.06,-0.02
4.85,-0.5,0.82,0.1,-0.06,-0.03
4.87,-0.52,0.8,0.09,-0.06,-0.03
4.85,-0.61,0.8,0.09,-0.05,-0.03
4.85,-0.63,0.82,0.09,-0.04,-0.03
4.87,-0.65,0.86,0.08,-0.03,-0.03
4.79,-0.65,0.94,0.07,-0.03,-0.03
4.77,-0.61,1.07,0.06,-0.02,-0.03
4.73,-0.69,1.15,0.05,-0.01,-0.03
4.67,-0.71,1.05,0.03,-0.0,-0.03
4.69,-0.75,1.13,0.02,0.0,-0.03
4.62,-0.75,1.02,0.0,0.01,-0.02
4.73,-0.8,0.96,-0.0,0.01,-0.02
4.79,-0.79,0.88,-0.0,0.01,-0.01
4.83,-0.8,0.79,-0.0,0.01,-0.01
4.79,-0.75,0.8,0.0,0.01,-0.01
4.9,-0.77,0.79,0.01,0.01,-0.01
4.87,-0.73,0.86,0.01,0.01,-0.01
4.88,-0.75,0.79,0.01,0.01,-0.0
4.87,-0.69,0.73,0.01,0.01,0.0
4.9,-0.73,0.77,0.0,0.02,0.0
4.92,-0.71,0.77,-0.0,0.02,0.01
4.85,-0.75,0.77,-0.01,0.02,0.01
4.88,-0.77,0.69,-0.01,0.02,0.01
4.88,-0.86,0.71,-0.01,0.02,0.01
4.94,-0.82,0.65,-0.0,0.02,0.01
4.9,-0.84,0.79,0.0,0.02,0.01
4.85,-0.9,0.84,0.0,0.02,0.01
4.85,-0.86,0.82,0.0,0.02,0.01
4.85,-0.86,0.8,0.0,0.03,0.01
4.85,-0.98,0.88,0.0,0.03,0.01
4.75,-1.03,0.86,0.0,0.04,0.01
4.69,-0.98,0.8,0.0,0.04,0.01
4.85,-1.02,1.07,0.01,0.04,0.01
4.77,-1.05,0.82,0.01,0.03,0.01
4.69,-1.0,0.88,0.01,0.03,0.01
4.64,-1.02,0.86,0.01,0.03,0.01
4.67,-1.03,0.92,0.01,0.04,0.01
4.69,-1.05,0.88,0.01,0.04,0.01
4.67,-0.94,0.9,0.01,0.04,0.01
4.67,-1.0,0.98,0.0,0.05,0.01
4.67,-0.98,0.88,0.0,0.05,0.01
4.73,-1.07,0.84,0.0,0.06,0.01
4.75,-1.03,0.86,0.0,0.06,0.01
4.75,-1.02,0.88,0.0,0.07,0.01
4.71,-0.98,0.9,0.0,0.07,0.01
4.73,-0.98,0.98,0.0,0.07,0.01
4.75,-1.0,0.98,0.0,0.07,0.01
4.69,-1.0,0.98,0.0,0.07,0.01
4.67,-1.02,0.9,0.0,0.07,0.0
4.67,-1.05,1.0,0.0,0.07,0.0
4.67,-1.09,0.96,0.0,0.07,-0.0
4.65,-1.03,1.0,0.0,0.07,-0.0
4.65,-1.07,0.98,0.01,0.07,-0.01
4.71,-1.09,1.03,0.01,0.06,-0.01
4.62,-1.05,1.03,0.01,0.06,-0.01
4.56,-1.0,1.03,0.01,0.06,-0.01
4.65,-1.0,1.02,0.02,0.06,-0.01
4.69,-1.02,1.17,0.02,0.06,-0.01
4.65,-1.02,1.09,0.02,0.06,-0.01
4.65,-0.92,1.17,0.01,0.06,-0.01
4.64,-1.0,1.17,0.01,0.06,-0.01
4.58,-0.98,1.17,0.0,0.06,-0.02
4.6,-0.98,1.15,0.0,0.05,-0.02
4.56,-0.92,1.07,-0.0,0.05,-0.02
4.62,-0.9,1.03,-0.0,0.05,-0.02
4.62,-0.9,0.96,-0.0,0.04,-0.02
4.58,-0.84,1.0,-0.01,0.04,-0.01
4.6,-0.9,0.94,-0.01,0.04,-0.01
4.65,-0.9,0.94,-0.01,0.04,-0.02
4.65,-0.96,1.0,-0.01,0.04,-0.02
4.73,-0.9,1.0,-0.02,0.04,-0.02
4.73,-0.86,1.03,-0.02,0.04,-0.02
4.71,-0.92,0.98,-0.02,0.04,-0.02
4.77,-0.88,1.03,-0.02,0.03,-0.02
4.73,-0.9,1.03,-0.02,0.03,-0.02
4.48,-1.0,0.98,-0.02,0.03,-0.02
4.77,-0.88,0.94,-0.02,0.03,-0.02
4.75,-0.88,0.98,-0.01,0.03,-0.02
4.75,-0.88,0.94,-0.01,0.03,-0.01
4.73,-0.86,0.98,-0.01,0.03,-0.01
4.77,-0.9,0.96,-0.01,0.02,-0.01
4.75,-0.88,0.9,-0.01,0.02,-0.01
4.75,-0.92,1.02,-0.01,0.02,-0.01
4.77,-0.86,0.94,-0.01,0.02,-0.01
4.77,-0.8,0.96,-0.02,0.03,-0.01
4.75,-0.82,0.92,-0.02,0.03,-0.01
4.67,-0.8,0.84,-0.02,0.03,-0.01
4.71,-0.84,0.9,-0.02,0.03,-0.01
4.73,-0.86,0.98,-0.02,0.03,-0.01
4.75,-0.88,0.88,-0.03,0.03,-0.01
4.75,-0.86,0.9,-0.03,0.03,-0.01
4.73,-0.94,0.94,-0.03,0.03,-0.01
4.73,-0.88,1.0,-0.03,0.04,-0.01
4.71,-0.88,0.88,-0.03,0.04,-0.01
4.77,-0.86,0.86,-0.03,0.04,-0.01
4.67,-0.82,0.86,-0.03,0.04,-0.01
4.77,-0.86,0.82,-0.03,0.04,-0.01
4.75,-0.9,0.8,-0.02,0.04,-0.01
4.79,-0.86,0.9,-0.02,0.04,-0.01
4.81,-0.86,0.86,-0.02,0.05,-0.01
4.75,-0.84,0.84,-0.01,0.05,-0.01
4.77,-0.86,0.88,-0.01,0.05,-0.01
4.73,-0.84,0.88,-0.01,0.05,-0.01
4.75,-0.9,0.94,-0.01,0.05,-0.01
4.71,-0.9,0.86,-0.0,0.05,-0.0
4.73,-0.96,0.94,-0.0,0.05,-0.0
4.71,-0.92,0.88,-0.0,0.05,-0.0
4.71,-0.98,0.96,0.0,0.05,-0.0
4.69,-0.96,0.86,0.0,0.05,-0.0
4.67,-0.94,0.9,0.01,0.05,-0.0
4.67,-0.92,0.88,0.01,0.05,0.0
4.69,-0.92,0.94,0.01,0.05,0.0
4.71,-0.94,0.9,0.01,0.05,0.0
4.75,-0.94,0.96,0.01,0.05,0.0
4.71,-0.92,0.96,0.02,0.05,0.0
4.73,-0.96,0.92,0.02,0.05,0.0
4.71,-0.92,0.94,0.02,0.05,-0.0
4.79,-0.88,0.88,0.02,0.06,0.0
4.71,-0.96,0.9,0.02,0.06,0.0
4.77,-0.9,0.88,0.02,0.06,0.0
4.67,-0.84,0.98,0.02,0.07,0.0
4.69,-0.94,0.88,0.02,0.07,0.0
4.73,-0.92,0.98,0.03,0.07,0.0
4.75,-0.98,0.94,0.03,0.07,0.0
4.69,-0.94,0.94,0.03,0.07,0.0
4.77,-0.98,0.98,0.03,0.08,0.01
4.71,-0.92,0.98,0.04,0.08,0.01
4.73,-0.98,0.94,0.04,0.08,0.01
4.69,-0.96,0.96,0.04,0.07,0.01
4.69,-0.98,0.94,0.05,0.07,0.01
4.65,-0.94,1.03,0.05,0.07,0.01
4.67,-0.9,0.98,0.05,0.07,0.01
4.65,-0.88,0.94,0.05,0.07,0.01
4.71,-0.86,0.9,0.05,0.06,0.01
4.67,-0.9,0.9,0.04,0.06,0.01
4.65,-0.84,0.94,0.04,0.07,0.01
4.71,-0.82,0.96,0.04,0.07,0.01
4.62,-0.86,0.98,0.04,0.07,0.0
4.69,-0.82,0.94,0.04,0.07,0.0
4.69,-0.82,1.02,0.04,0.07,0.0
4.69,-0.86,0.98,0.04,0.06,0.0
4.65,-0.88,1.0,0.04,0.06,0.0
4.75,-0.82,1.0,0.04,0.06,0.0
4.67,-0.86,0.98,0.04,0.06,0.0
4.75,-0.8,1.05,0.03,0.06,-0.0
4.77,-0.92,1.09,0.03,0.07,-0.0
4.73,-0.88,1.07,0.03,0.06,-0.0
4.77,-0.96,1.11,0.03,0.06,-0.0
4.73,-0.98,1.13,0.03,0.06,-0.0
4.71,-0.96,1.21,0.03,0.05,-0.0
4.69,-0.92,1.07,0.03,0.05,-0.0
4.73,-0.92,1.07,0.04,0.05,-0.0
4.65,-0.86,1.11,0.04,0.05,-0.0
4.64,-0.9,1.05,0.04,0.05,-0.0
4.65,-0.9,1.09,0.05,0.05,-0.0
4.65,-0.92,1.11,0.05,0.05,-0.0
4.65,-0.96,1.09,0.05,0.05,-0.0
4.58,-0.86,1.09,0.05,0.05,-0.0
4.64,-0.9,1.0,0.05,0.05,-0.0
4.67,-0.86,1.13,0.05,0.05,-0.0
4.65,-0.9,1.09,0.06,0.05,-0.0
4.65,-0.86,1.07,0.05,0.05,-0.0
4.69,-0.82,1.38,0.05,0.04,0.0
4.71,-0.79,1.05,0.05,0.03,0.0
4.81,-0.9,1.0,0.04,0.03,0.0
4.65,-0.82,0.98,0.04,0.04,-0.0
4.69,-0.82,1.0,0.04,0.04,-0.0
4.75,-0.79,1.07,0.04,0.03,-0.0
4.77,-0.86,1.09,0.04,0.03,-0.0
4.73,-0.8,1.13,0.04,0.03,-0.0
4.77,-0.79,1.11,0.03,0.03,-0.0
4.79,-0.79,1.0,0.03,0.03,-0.0
4.73,-0.84,1.02,0.03,0.03,-0.0
4.67,-0.86,1.05,0.02,0.03,-0.0
4.71,-0.86,1.07,0.02,0.03,-0.0
4.73,-0.84,1.03,0.02,0.03,-0.0
4.71,-0.88,1.03,0.02,0.03,-0.0
4.71,-0.88,1.03,0.02,0.03,-0.0
4.73,-0.79,0.98,0.01,0.03,-0.0
4.69,-0.86,0.98,0.01,0.04,0.0
4.65,-0.84,1.05,0.01,0.04,0.0
4.67,-0.84,1.05,0.0,0.05,0.0
4.69,-0.86,1.05,0.0,0.05,0.0
4.75,-0.84,1.05,-0.0,0.04,0.0
4.65,-0.79,0.92,-0.0,0.04,0.0
4.73,-0.86,1.02,-0.01,0.04,0.01
4.67,-0.88,0.98,-0.01,0.04,0.0
4.81,-0.94,0.98,-0.0,0.04,0.01
4.67,-0.84,1.05,-0.0,0.04,0.01
4.73,-0.86,0.94,0.0,0.04,0.01
4.69,-0.96,0.96,0.0,0.04,0.01
4.69,-0.94,1.05,0.01,0.04,0.01
4.65,-0.94,1.05,0.01,0.04,0.01
4.73,-0.96,1.02,0.01,0.05,0.01
4.65,-0.94,1.11,0.01,0.05,0.01
4.69,-1.07,0.96,0.01,0.05,0.01
4.73,-0.9,1.11,0.01,0.04,0.01
4.69,-0.9,1.02,0.0,0.04,0.01
4.77,-0.98,1.09,0.0,0.04,0.01
4.73,-0.92,1.0,0.0,0.04,0.01
4.65,-0.9,0.98,0.0,0.04,0.01
4.71,-0.84,1.0,0.0,0.04,0.01
4.69,-0.84,1.0,0.0,0.04,0.01
4.69,-0.92,1.02,0.0,0.04,0.01
4.71,-0.82,1.0,0.0,0.04,0.01
4.69,-0.9,1.05,-0.0,0.03,0.01
4.77,-1.09,1.28,-0.0,0.03,0.01
4.69,-0.9,0.98,-0.01,0.03,0.01
4.73,-0.86,1.0,-0.01,0.03,0.02
4.65,-0.84,1.13,-0.01,0.03,0.02
4.6,-0.84,1.07,-0.01,0.03,0.02
4.67,-0.86,1.05,-0.01,0.02,0.02
4.71,-0.84,1.15,-0.01,0.02,0.01
4.71,-0.9,1.05,-0.01,0.02,0.01
4.71,-0.9,1.11,-0.01,0.02,0.01
4.64,-0.92,1.07,-0.0,0.03,0.01
4.65,-0.82,1.02,-0.0,0.02,0.0
4.69,-0.84,1.07,-0.0,0.03,0.0
4.69,-0.8,1.02,0.0,0.03,0.0
4.73,-0.82,1.03,0.0,0.03,0.0
4.65,-0.77,1.09,0.0,0.03,-0.0
4.73,-0.8,1.09,0.0,0.03,-0.0
4.69,-0.79,1.11,0.0,0.03,-0.0
4.73,-0.8,1.09,0.0,0.03,-0.0
4.67,-0.71,1.11,0.0,0.03,-0.0
4.65,-0.73,1.11,0.0,0.03,-0.0
4.62,-0.75,1.03,-0.0,0.02,-0.0
4.65,-0.79,1.07,-0.0,0.02,0.0
4.67,-0.77,0.94,-0.01,0.02,0.0
4.6,-0.8,1.13,-0.01,0.01,0.0
4.62,-0.86,1.13,-0.01,0.01,0.01
4.67,-0.9,1.15,-0.01,0.01,0.01
4.69,-0.94,1.13,-0.01,0.01,0.01
4.67,-0.86,1.19,-0.01,0.01,0.01
4.71,-0.94,1.05,-0.01,0.02,0.01
4.73,-0.9,1.02,-0.01,0.02,0.01
4.69,-0.9,1.05,-0.01,0.02,0.01
4.77,-0.94,1.07,-0.01,0.02,0.01
4.73,-0.9,1.11,-0.01,0.02,0.01
4.71,-0.9,1.11,-0.01,0.02,0.0
4.71,-0.9,1.02,-0.0,0.02,0.0
4.71,-0.9,1.09,0.0,0.02,0.01
4.71,-0.92,1.03,0.0,0.02,0.01
4.67,-0.9,1.05,0.01,0.02,0.01
4.67,-0.9,1.02,0.01,0.02,0.01
4.69,-0.98,1.03,0.01,0.01,0.01
4.65,-0.9,1.03,0.01,0.01,0.01
4.69,-0.98,1.0,0.01,0.01,0.01
4.71,-0.96,1.07,0.01,0.01,0.01
4.6,-0.94,1.07,0.01,0.01,0.01
4.69,-0.94,0.96,0.01,0.01,0.0
4.67,-0.94,1.09,0.01,0.01,0.0
4.62,-0.86,0.96,0.01,0.01,0.0
4.64,-0.86,1.0,0.01,0.02,0.0
4.71,-0.92,1.03,0.0,0.02,0.0
4.73,-0.94,1.0,0.0,0.02,0.0
4.73,-0.84,0.92,0.0,0.02,0.0
4.77,-0.9,0.96,-0.0,0.03,0.0
4.75,-0.88,1.03,-0.0,0.03,0.0
4.71,-0.94,0.98,-0.01,0.03,0.0
4.77,-0.96,0.96,-0.01,0.03,0.0
4.69,-0.96,0.92,-0.01,0.03,0.0
4.67,-0.96,0.98,-0.01,0.03,-0.0
4.73,-0.96,0.94,-0.01,0.03,-0.0
4.71,-0.98,0.96,-0.01,0.03,-0.0
4.79,-0.92,0.92,-0.01,0.03,-0.0
4.73,-0.96,0.94,-0.01,0.03,-0.0
4.73,-0.98,1.0,-0.01,0.03,-0.0
4.79,-0.98,1.02,-0.0,0.04,-0.0
4.67,-0.88,1.03,-0.0,0.04,-0.0
4.75,-0.94,0.98,-0.0,0.04,-0.0
4.62,-0.9,0.8,-0.0,0.04,-0.0
4.64,-0.94,0.96,-0.0,0.04,-0.0
4.69,-0.9,0.98,-0.0,0.04,-0.0
4.71,-0.92,1.0,-0.0,0.04,-0.0
4.71,-0.98,0.92,-0.0,0.03,-0.0
4.75,-0.94,0.96,-0.0,0.03,-0.0
4.75,-0.96,1.02,-0.0,0.03,-0.0
4.77,-0.88,1.0,0.0,0.03,-0.0
4.75,-0.92,1.0,0.0,0.03,-0.01
4.73,-0.94,1.03,0.0,0.03,-0.01
4.71,-0.88,1.09,0.01,0.03,-0.01
4.77,-0.88,1.05,0.01,0.04,-0.01
4.69,-0.86,1.0,0.01,0.04,-0.01
4.69,-0.84,1.03,0.0,0.04,-0.01
4.69,-0.9,1.07,-0.0,0.04,-0.01
4.67,-0.8,1.05,-0.01,0.04,-0.0
4.71,-0.82,1.03,-0.01,0.04,-0.0
4.65,-0.86,1.11,-0.01,0.04,-0.0
4.69,-0.84,1.02,-0.02,0.04,-0.0
4.71,-0.88,1.03,-0.02,0.04,-0.0
4.69,-0.92,1.05,-0.02,0.04,-0.0
4.69,-0.88,1.03,-0.02,0.04,-0.0
4.52,-1.09,1.13,-0.02,0.04,0.0
4.67,-0.9,1.05,-0.02,0.04,0.0
4.69,-0.92,1.07,-0.02,0.04,0.0
4.65,-0.92,1.05,-0.02,0.04,0.0
4.67,-0.92,1.02,-0.02,0.04,0.0
4.69,-0.94,1.0,-0.02,0.04,0.0
4.71,-0.92,1.05,-0.01,0.04,0.0
4.65,-0.92,1.0,-0.01,0.04,0.0
4.73,-0.94,1.0,-0.0,0.04,0.0
4.67,-0.98,0.98,-0.0,0.04,0.0
4.73,-0.94,1.05,0.0,0.03,0.0
4.67,-0.9,1.0,0.0,0.03,-0.0
4.71,-0.92,1.0,0.01,0.03,-0.0
4.65,-0.86,1.03,0.01,0.03,-0.0
4.64,-0.84,1.05,0.01,0.03,-0.0
4.75,-0.86,1.0,0.01,0.03,-0.0
4.69,-0.84,1.07,0.01,0.02,-0.0
4.67,-0.84,1.0,0.01,0.02,-0.0
4.71,-0.86,1.09,0.01,0.02,-0.0
4.67,-0.8,0.96,0.01,0.02,-0.01
4.73,-0.82,0.98,0.01,0.02,-0.0
4.69,-0.84,1.02,0.01,0.02,-0.0
4.79,-0.77,0.96,0.01,0.02,-0.0
4.64,-0.9,0.98,0.0,0.02,-0.01
4.75,-0.94,0.98,0.0,0.02,-0.01
4.69,-0.82,1.03,0.01,0.02,-0.0
4.75,-0.92,1.09,0.01,0.02,-0.0
4.67,-0.9,0.96,0.01,0.02,-0.0
4.69,-0.9,0.98,0.01,0.02,-0.0
4.65,-0.86,1.03,0.01,0.02,-0.0
4.71,-0.84,0.96,0.01,0.02,0.0
4.75,-0.82,1.0,0.01,0.02,0.0
4.73,-0.88,1.03,0.01,0.02,0.0
4.69,-0.88,0.96,0.01,0.03,0.01
4.75,-0.88,1.02,0.01,0.03,0.01
4.67,-0.88,1.02,0.01,0.03,0.01
4.73,-0.88,0.96,0.0,0.03,0.01
4.67,-0.9,0.98,0.0,0.03,0.01
4.69,-0.92,1.0,0.0,0.03,0.01
4.75,-0.84,1.0,-0.0,0.03,0.01
4.75,-0.88,1.0,-0.0,0.03,0.01
4.71,-0.92,0.98,-0.01,0.03,0.01
4.71,-0.88,1.03,-0.01,0.03,0.01
4.65,-0.9,0.98,-0.01,0.03,0.01
4.67,-0.86,0.92,-0.01,0.03,0.01
4.71,-0.94,0.98,-0.02,0.03,0.01
4.69,-0.92,0.96,-0.02,0.03,0.01
4.69,-0.96,0.94,-0.02,0.03,0.0
4.67,-0.9,0.98,-0.02,0.03,0.0
4.67,-0.92,0.98,-0.02,0.03,0.0
4.69,-0.92,0.94,-0.02,0.03,0.0
4.71,-0.98,0.98,-0.02,0.03,0.0
4.69,-1.02,0.96,-0.02,0.03,0.0
4.67,-0.98,1.02,-0.01,0.03,0.0
4.67,-0.92,1.05,-0.01,0.03,-0.0
4.71,-0.9,1.07,-0.01,0.03,-0.0
4.67,-0.88,1.05,-0.01,0.03,-0.0
4.69,-0.9,1.0,-0.01,0.03,-0.0
4.67,-0.9,1.02,-0.01,0.03,-0.0
4.65,-0.88,0.96,-0.01,0.03,-0.0
4.73,-0.9,0.96,-0.01,0.03,-0.0
4.71,-0.9,1.0,-0.01,0.02,0.0
4.69,-0.88,0.98,-0.01,0.02,0.0
4.71,-0.9,1.05,-0.01,0.01,-0.0
4.67,-0.84,1.07,-0.02,0.01,-0.0
4.56,-1.03,1.07,-0.02,0.0,-0.0
4.67,-0.92,1.07,-0.02,-0.0,-0.0
4.65,-0.94,1.09,-0.02,-0.01,-0.0
4.64,-0.94,1.03,-0.03,-0.01,-0.0
4.64,-0.86,1.03,-0.03,-0.01,-0.0
4.65,-0.86,1.09,-0.03,-0.02,-0.0
4.69,-0.9,1.13,-0.03,-0.02,-0.01
4.65,-0.98,1.05,-0.04,-0.02,-0.01
4.64,-0.88,1.02,-0.03,-0.02,-0.01
4.67,-1.0,1.05,-0.03,-0.03,-0.01
4.64,-0.98,1.07,-0.03,-0.03,-0.01
4.65,-0.9,1.0,-0.03,-0.04,-0.01
4.6,-0.9,1.0,-0.03,-0.04,-0.01
4.65,-0.98,0.98,-0.03,-0.04,-0.01
4.64,-0.92,0.94,-0.03,-0.04,-0.01
4.65,-0.9,0.96,-0.03,-0.04,-0.02
4.65,-0.9,0.92,-0.02,-0.04,-0.02
4.71,-0.92,0.94,-0.02,-0.04,-0.02
4.73,-0.82,0.94,-0.02,-0.04,-0.02
4.75,-0.82,0.96,-0.02,-0.03,-0.01
4.67,-0.77,0.88,-0.02,-0.02,-0.01
4.75,-0.8,0.82,-0.02,-0.01,-0.01
4.83,-0.86,1.07,-0.02,-0.01,-0.01
4.75,-0.79,0.88,-0.02,-0.01,-0.01
4.79,-0.84,0.88,-0.02,-0.01,-0.01
4.79,-0.84,0.96,-0.02,-0.0,-0.01
4.81,-0.8,0.88,-0.02,-0.0,-0.01
4.83,-0.84,0.9,-0.02,0.0,-0.01
4.69,-0.8,0.88,-0.02,0.0,-0.0
4.79,-0.82,0.86,-0.02,0.0,-0.0
4.77,-0.84,0.86,-0.02,0.01,-0.0
4.75,-0.9,0.84,-0.02,0.01,0.0
4.79,-0.82,0.86,-0.03,0.01,0.0
4.77,-0.82,0.82,-0.03,0.01,0.0
4.77,-0.82,0.88,-0.03,0.02,0.0
4.83,-0.8,0.84,-0.03,0.02,0.0
4.83,-0.8,0.9,-0.04,0.02,0.01
4.81,-0.88,0.88,-0.05,0.02,0.01
4.81,-0.9,0.88,-0.05,0.01,0.01
4.75,-0.9,0.9,-0.05,0.01,0.01
4.81,-0.9,0.9,-0.06,0.02,0.01
4.75,-0.88,0.9,-0.06,0.02,0.01
4.75,-0.9,0.86,-0.07,0.02,0.01
4.81,-0.94,0.82,-0.07,0.02,0.0
4.71,-0.92,0.67,-0.07,0.02,0.0
4.65,-0.94,0.84,-0.07,0.03,0.0
4.73,-1.0,0.86,-0.06,0.02,0.0
4.67,-0.96,0.86,-0.06,0.02,0.0
4.77,-0.94,0.86,-0.06,0.02,0.0
4.73,-0.96,0.8,-0.06,0.02,0.0
4.71,-0.92,0.88,-0.06,0.02,0.0
4.65,-0.94,0.86,-0.06,0.02,0.0
4.75,-0.92,0.84,-0.06,0.02,0.0
4.71,-0.96,0.86,-0.07,0.02,0.0
4.75,-0.94,0.84,-0.07,0.02,0.0
4.71,-0.98,0.86,-0.07,0.02,0.0
4.73,-0.86,0.86,-0.07,0.03,0.0
4.73,-0.86,0.86,-0.07,0.03,0.0
4.79,-0.92,0.82,-0.07,0.02,0.0
4.73,-0.86,0.84,-0.07,0.02,0.0
4.75,-0.88,0.84,-0.06,0.02,0.0
4.73,-0.94,0.86,-0.06,0.02,0.0
4.75,-0.94,0.84,-0.06,0.02,0.0
4.77,-0.92,0.9,-0.06,0.01,0.0
4.71,-0.9,0.86,-0.06,0.01,0.0
4.77,-0.9,0.84,-0.06,0.01,0.0
4.56,-0.94,0.84,-0.07,0.01,0.0
4.77,-0.86,0.88,-0.07,0.01,0.01
4.69,-0.84,0.84,-0.07,0.01,0.01
4.71,-0.92,0.9,-0.07,0.02,0.0
4.73,-0.9,0.86,-0.08,0.02,0.0
4.73,-0.92,0.94,-0.08,0.02,0.0
4.71,-0.92,0.94,-0.08,0.01,-0.0
4.73,-0.96,0.88,-0.08,0.02,-0.0
4.75,-0.92,0.88,-0.09,0.02,-0.0
4.75,-0.92,0.8,-0.09,0.02,-0.0
4.77,-0.96,0.84,-0.09,0.02,-0.0
4.81,-0.94,0.8,-0.1,0.02,-0.0
4.77,-0.9,0.9,-0.1,0.02,-0.01
4.81,-0.92,0.8,-0.11,0.02,-0.01
4.81,-0.92,0.77,-0.12,0.02,-0.01
4.73,-0.92,0.73,-0.12,0.02,-0.01
4.77,-0.94,0.69,-0.13,0.02,-0.01
4.79,-0.94,0.73,-0.13,0.02,-0.01
4.75,-0.9,0.73,-0.14,0.02,-0.01
4.73,-0.98,0.71,-0.13,0.03,-0.01
4.73,-0.98,0.71,-0.13,0.03,-0.01
4.75,-1.02,0.71,-0.12,0.03,-0.01
4.77,-1.0,0.94,-0.11,0.02,-0.01
4.81,-1.02,0.77,-0.1,0.02,-0.01
4.83,-1.0,0.77,-0.1,0.02,-0.01
4.79,-1.0,0.65,-0.09,0.02,-0.01
4.83,-1.03,0.69,-0.09,0.02,-0.02
4.87,-0.94,0.71,-0.09,0.02,-0.02
4.83,-0.92,0.71,-0.09,0.02,-0.02
4.85,-0.9,0.75,-0.08,0.02,-0.02
4.81,-0.86,0.71,-0.08,0.03,-0.02
4.79,-0.86,0.73,-0.08,0.03,-0.01
4.73,-0.86,0.75,-0.08,0.03,-0.01
4.73,-0.9,0.75,-0.08,0.03,-0.01
4.67,-0.86,0.73,-0.08,0.03,-0.02
4.73,-0.92,0.79,-0.08,0.03,-0.02
4.69,-0.86,0.73,-0.08,0.02,-0.02
4.73,-0.88,0.82,-0.07,0.02,-0.02
4.73,-0.86,0.88,-0.07,0.02,-0.02
4.69,-0.92,0.86,-0.07,0.03,-0.02
4.69,-0.92,0.9,-0.07,0.03,-0.02
4.64,-0.9,0.92,-0.07,0.02,-0.02
4.64,-0.86,0.96,-0.07,0.02,-0.01
4.56,-0.73,1.07,-0.06,0.01,-0.01
4.64,-0.82,0.88,-0.06,0.01,-0.01
4.6,-0.79,0.9,-0.06,0.0,-0.0
4.65,-0.82,0.92,-0.06,0.0,0.0
4.69,-0.86,0.94,-0.06,0.0,0.0
4.69,-0.79,1.05,-0.07,-0.0,-0.0
4.69,-0.86,1.03,-0.07,-0.0,0.0
4.67,-0.8,0.98,-0.08,-0.0,0.0
4.75,-0.69,0.98,-0.08,0.0,0.01
4.69,-0.77,0.86,-0.09,0.01,0.01
4.67,-0.71,0.9,-0.09,0.01,0.02
4.71,-0.79,0.86,-0.09,0.02,0.02
4.75,-0.86,0.9,-0.09,0.02,0.02
4.75,-0.82,0.75,-0.08,0.02,0.02
4.77,-0.84,0.75,-0.07,0.02,0.03
4.71,-0.71,0.75,-0.06,0.01,0.03
4.75,-0.69,0.82,-0.05,0.01,0.03
4.81,-0.63,0.84,-0.05,0.01,0.03
4.81,-0.69,0.86,-0.06,0.01,0.04
4.83,-0.67,0.9,-0.07,0.01,0.04
4.79,-0.73,0.82,-0.07,0.01,0.04
4.75,-0.71,0.8,-0.08,0.01,0.05
4.77,-0.79,0.75,-0.09,0.01,0.05
4.75,-0.65,0.8,-0.1,0.01,0.05
4.83,-0.65,0.77,-0.12,0.01,0.05
4.85,-0.65,0.8,-0.13,0.01,0.05
4.85,-0.63,0.82,-0.15,0.01,0.05
4.88,-0.63,0.82,-0.17,0.0,0.05
4.85,-0.65,0.75,-0.19,0.0,0.06
4.88,-0.71,0.69,-0.2,-0.0,0.06
4.87,-0.75,0.63,-0.2,-0.0,0.06
4.9,-0.69,0.59,-0.2,-0.01,0.07
4.9,-0.71,0.63,-0.2,-0.0,0.07
4.85,-0.73,0.61,-0.2,-0.0,0.08
4.87,-0.73,0.5,-0.19,-0.0,0.08
4.85,-0.84,0.57,-0.19,-0.0,0.09
4.77,-0.8,0.57,-0.18,-0.01,0.09
4.81,-0.82,0.54,-0.16,-0.03,0.09
4.77,-0.77,0.63,-0.15,-0.04,0.09
4.73,-0.86,0.61,-0.13,-0.06,0.1
4.75,-0.96,0.48,-0.12,-0.08,0.11
4.73,-1.0,0.38,-0.1,-0.09,0.12
4.81,-0.96,0.46,-0.08,-0.09,0.13
4.64,-0.9,0.46,-0.06,-0.1,0.14
4.75,-0.92,0.46,-0.04,-0.11,0.15
4.69,-0.77,0.48,-0.02,-0.12,0.15
4.81,-0.82,0.54,-0.01,-0.14,0.16
4.81,-0.8,0.44,-0.01,-0.15,0.17
4.79,-0.88,0.44,0.0,-0.16,0.18
4.81,-0.9,0.34,0.01,-0.18,0.2
4.87,-0.73,0.44,0.02,-0.19,0.21
4.81,-0.84,0.61,0.02,-0.19,0.22
4.92,-0.86,0.75,0.02,-0.19,0.23
4.92,-1.02,0.67,0.02,-0.17,0.24
4.81,-1.09,0.69,0.02,-0.14,0.24
4.71,-1.11,0.65,0.03,-0.14,0.25
4.6,-1.0,0.71,0.04,-0.13,0.25
4.56,-0.96,0.75,0.04,-0.13,0.26
4.64,-1.0,0.69,0.03,-0.12,0.26
4.64,-1.02,0.61,0.03,-0.12,0.26
4.67,-1.07,0.44,0.03,-0.12,0.26
4.69,-1.02,0.5,0.04,-0.11,0.26
4.65,-1.0,0.67,0.04,-0.1,0.27
4.85,-1.05,0.63,0.04,-0.09,0.27
4.94,-1.13,0.42,0.04,-0.06,0.27
5.0,-1.07,0.54,0.04,-0.02,0.27
5.06,-1.21,0.61,0.04,0.02,0.27
5.15,-1.24,0.52,0.03,0.07,0.27
5.13,-1.28,0.48,0.03,0.1,0.27
5.13,-1.32,0.34,0.04,0.12,0.28
5.11,-1.24,0.34,0.07,0.12,0.29
5.08,-1.17,0.38,0.08,0.12,0.3
4.96,-1.13,0.46,0.08,0.11,0.31
4.87,-1.17,0.54,0.08,0.1,0.32
4.75,-1.32,0.44,0.06,0.08,0.34
4.73,-1.34,0.38,0.05,0.06,0.35
4.6,-1.34,0.52,0.04,0.05,0.36
4.6,-1.46,0.59,0.02,0.04,0.37
4.56,-1.57,0.57,0.01,0.05,0.38
4.54,-1.69,0.38,0.01,0.05,0.39
4.6,-1.49,0.23,0.02,0.05,0.39
4.64,-1.26,0.21,0.02,0.05,0.39
4.64,-1.21,0.17,0.0,0.05,0.39
4.69,-1.36,0.0,-0.03,0.06,0.4
4.69,-1.51,-0.23,-0.05,0.06,0.41
4.65,-1.53,-0.27,-0.05,0.06,0.43
4.62,-1.49,-0.13,-0.04,0.06,0.43
4.44,-1.4,-0.23,-0.06,0.05,0.44
4.64,-1.42,0.1,-0.09,0.06,0.44
4.65,-1.53,0.04,-0.12,0.06,0.45
4.64,-1.63,0.04,-0.14,0.07,0.46
4.64,-1.69,-0.06,-0.14,0.08,0.48
4.58,-1.72,-0.02,-0.14,0.09,0.49
4.58,-1.8,-0.13,-0.15,0.1,0.5
4.62,-1.78,-0.15,-0.15,0.12,0.51
4.71,-1.76,-0.15,-0.15,0.14,0.52
4.73,-1.55,0.04,-0.16,0.16,0.53
4.67,-1.47,0.06,-0.18,0.18,0.54
4.64,-1.47,0.23,-0.21,0.19,0.56
4.73,-1.7,0.04,-0.24,0.19,0.57
4.64,-1.99,-0.17,-0.25,0.2,0.6
4.48,-2.05,-0.1,-0.23,0.19,0.61
4.44,-2.11,-0.23,-0.19,0.18,0.63
4.31,-2.05,-0.02,-0.17,0.17,0.65
4.33,-2.03,0.08,-0.16,0.17,0.66
4.25,-2.11,0.15,-0.16,0.17,0.66
4.29,-2.16,0.11,-0.17,0.18,0.67
4.19,-2.3,0.02,-0.18,0.19,0.68
4.04,-2.3,0.06,-0.17,0.2,0.69
4.06,-2.3,-0.13,-0.16,0.21,0.7
4.06,-2.26,0.02,-0.16,0.2,0.7
4.04,-2.16,0.04,-0.15,0.2,0.71
4.1,-2.18,0.11,-0.16,0.21,0.72
4.14,-2.01,0.31,-0.17,0.22,0.72
4.18,-2.07,0.31,-0.18,0.24,0.73
4.25,-2.09,0.29,-0.19,0.25,0.74
4.27,-2.13,0.23,-0.19,0.26,0.74
4.31,-2.24,0.29,-0.19,0.28,0.74
4.35,-2.26,0.29,-0.18,0.3,0.74
4.25,-2.3,0.48,-0.18,0.32,0.74
4.16,-2.32,0.5,-0.17,0.34,0.74
4.14,-2.49,0.48,-0.17,0.34,0.75
4.02,-2.68,0.48,-0.16,0.34,0.75
3.77,-2.68,0.5,-0.15,0.35,0.76
3.66,-2.78,0.57,-0.14,0.35,0.76
3.64,-2.89,0.67,-0.13,0.36,0.76
3.51,-3.01,0.67,-0.13,0.36,0.76
3.49,-3.08,0.61,-0.13,0.37,0.76
3.41,-3.08,0.67,-0.12,0.37,0.76
3.37,-2.97,0.65,-0.1,0.38,0.75
3.33,-2.97,0.69,-0.08,0.38,0.75
3.18,-2.89,0.63,-0.06,0.38,0.75
3.33,-2.95,0.82,-0.04,0.38,0.74
3.31,-2.97,0.88,-0.03,0.37,0.74
3.33,-3.01,0.98,-0.01,0.36,0.73
3.28,-3.03,1.05,0.01,0.35,0.72
3.24,-3.08,1.09,0.03,0.34,0.72
3.26,-3.12,1.13,0.05,0.33,0.71
3.22,-3.16,1.23,0.06,0.33,0.7
3.06,-3.24,1.28,0.06,0.32,0.7
3.05,-3.29,1.26,0.06,0.32,0.69
2.97,-3.49,1.32,0.06,0.31,0.69
2.95,-3.52,1.26,0.06,0.3,0.69
2.95,-3.64,1.23,0.06,0.29,0.68
2.89,-3.73,1.17,0.06,0.28,0.68
2.91,-3.73,1.24,0.07,0.28,0.67
2.85,-3.72,1.28,0.08,0.27,0.67
2.78,-3.75,1.34,0.08,0.26,0.66
2.74,-3.85,1.32,0.08,0.25,0.66
2.68,-3.83,1.4,0.09,0.24,0.66
2.59,-3.89,1.47,0.09,0.23,0.65
2.6,-3.95,1.47,0.09,0.22,0.65
2.53,-4.1,1.57,0.09,0.22,0.64
2.45,-4.1,1.57,0.09,0.22,0.64
2.3,-4.19,1.47,0.1,0.22,0.64
2.18,-4.25,1.24,0.11,0.22,0.64
2.2,-4.19,1.15,0.11,0.21,0.64
2.07,-4.27,1.19,0.11,0.2,0.62
2.05,-4.25,1.3,0.1,0.19,0.61
2.05,-4.35,1.42,0.09,0.18,0.61
2.03,-4.39,1.21,0.09,0.18,0.61
2.03,-4.35,1.23,0.07,0.17,0.61
2.05,-4.41,1.21,0.06,0.16,0.61
1.97,-4.42,1.11,0.06,0.15,0.6
2.05,-4.54,1.09,0.07,0.14,0.6
1.99,-4.48,0.96,0.08,0.13,0.6
2.01,-4.5,1.0,0.09,0.13,0.6
1.99,-4.56,1.02,0.11,0.14,0.59
1.95,-4.56,0.94,0.12,0.14,0.59
1.99,-4.52,0.94,0.13,0.14,0.58
1.93,-4.52,0.96,0.15,0.15,0.58
1.88,-4.48,0.88,0.15,0.15,0.57
1.86,-4.35,0.98,0.15,0.15,0.56
1.86,-4.41,0.92,0.15,0.14,0.56
1.84,-4.31,1.0,0.14,0.14,0.55
1.8,-4.42,1.11,0.13,0.15,0.54
1.86,-4.27,1.02,0.13,0.15,0.53
1.9,-4.35,0.94,0.12,0.15,0.53
1.9,-4.33,0.88,0.12,0.16,0.52
1.95,-4.41,0.86,0.13,0.17,0.52
1.93,-4.39,0.86,0.13,0.17,0.51
1.76,-4.39,0.8,0.13,0.18,0.5
1.72,-4.5,0.84,0.14,0.18,0.49
1.69,-4.5,0.8,0.14,0.19,0.49
1.69,-4.44,0.9,0.14,0.18,0.48
1.61,-4.46,1.0,0.14,0.18,0.48
1.63,-4.52,0.98,0.14,0.18,0.47
1.57,-4.5,1.05,0.13,0.17,0.47
1.53,-4.54,1.13,0.13,0.16,0.46
1.49,-4.44,1.17,0.12,0.15,0.46
1.51,-4.52,1.17,0.11,0.14,0.45
1.53,-4.52,1.19,0.1,0.14,0.45
1.57,-4.52,1.15,0.1,0.13,0.44
1.55,-4.48,1.23,0.1,0.13,0.44
1.55,-4.46,1.11,0.11,0.13,0.44
1.61,-4.48,1.03,0.11,0.12,0.43
1.8,-4.42,1.09,0.11,0.13,0.43
1.74,-4.46,1.09,0.11,0.13,0.42
1.78,-4.39,1.13,0.11,0.13,0.41
1.82,-4.42,1.24,0.11,0.14,0.4
1.92,-4.42,1.24,0.1,0.14,0.4
1.9,-4.41,1.32,0.1,0.14,0.39
1.93,-4.44,1.36,0.11,0.15,0.38
1.9,-4.48,1.49,0.11,0.15,0.37
1.84,-4.44,1.42,0.11,0.15,0.37
1.76,-4.41,1.59,0.11,0.15,0.36
1.7,-4.48,1.55,0.11,0.15,0.36
1.74,-4.44,1.72,0.11,0.15,0.35
1.69,-4.42,1.61,0.1,0.15,0.35
1.63,-4.42,1.63,0.1,0.16,0.34
1.63,-4.39,1.63,0.1,0.16,0.34
1.53,-4.39,1.63,0.1,0.16,0.33
1.47,-4.37,1.67,0.09,0.16,0.33
1.44,-4.42,1.65,0.09,0.15,0.32
1.51,-4.33,1.7,0.08,0.14,0.32
1.46,-4.39,1.63,0.08,0.14,0.31
1.47,-4.41,1.65,0.07,0.13,0.31
1.44,-4.33,1.76,0.07,0.12,0.31
1.47,-4.37,1.65,0.07,0.11,0.31
1.67,-4.33,1.7,0.07,0.11,0.3
1.55,-4.37,1.59,0.07,0.12,0.3
1.55,-4.44,1.59,0.07,0.12,0.3
1.57,-4.41,1.78,0.08,0.12,0.3
1.59,-4.69,1.59,0.09,0.12,0.29
1.44,-4.64,1.84,0.09,0.12,0.29
1.47,-4.33,1.72,0.09,0.11,0.29
1.38,-4.44,1.51,0.09,0.11,0.29
1.42,-4.29,1.86,0.09,0.11,0.3
1.3,-4.21,1.4,0.08,0.11,0.3
1.24,-4.39,1.69,0.07,0.11,0.3
1.28,-4.35,1.69,0.06,0.11,0.3
1.13,-4.33,1.63,0.06,0.1,0.29
1.19,-4.44,1.59,0.05,0.1,0.29
1.05,-4.44,1.65,0.05,0.1,0.29
1.11,-4.52,1.47,0.05,0.1,0.29
1.11,-4.16,1.42,0.05,0.09,0.29
1.17,-4.39,1.49,0.05,0.1,0.29
1.13,-4.64,1.65,0.05,0.1,0.29
1.21,-4.46,1.46,0.05,0.1,0.29
1.24,-4.69,1.38,0.05,0.1,0.28
0.82,-4.75,1.57,0.04,0.11,0.28
0.94,-4.64,1.67,0.05,0.11,0.27
0.84,-4.77,1.82,0.05,0.11,0.27
0.86,-4.85,1.92,0.05,0.12,0.26
0.71,-4.83,1.7,0.05,0.12,0.26
0.75,-4.67,1.61,0.06,0.13,0.25
0.69,-4.58,1.72,0.06,0.13,0.25
0.67,-4.5,1.67,0.05,0.14,0.25
0.59,-4.42,1.47,0.05,0.15,0.25
0.63,-4.37,1.51,0.05,0.15,0.25
0.52,-4.52,1.61,0.05,0.16,0.25
0.46,-4.5,1.47,0.05,0.16,0.25
0.69,-4.58,1.49,0.05,0.16,0.25
0.52,-4.44,1.38,0.05,0.16,0.25
0.34,-4.5,1.69,0.04,0.17,0.25
0.77,-4.64,1.53,0.04,0.17,0.25
0.65,-4.48,1.59,0.03,0.18,0.25
0.44,-4.67,1.53,0.03,0.18,0.25
0.38,-4.42,1.74,0.03,0.19,0.25
0.34,-4.62,1.59,0.03,0.19,0.25
0.4,-4.58,1.69,0.03,0.19,0.25
0.31,-4.64,1.72,0.03,0.2,0.25
0.25,-4.62,1.7,0.03,0.19,0.25
0.36,-4.67,1.74,0.04,0.19,0.25
0.27,-4.96,1.97,0.04,0.19,0.25
0.4,-4.73,1.46,0.04,0.19,0.24
0.33,-4.83,1.65,0.04,0.18,0.24
0.13,-4.75,1.78,0.03,0.18,0.23
0.25,-4.54,1.78,0.03,0.18,0.23
0.04,-4.81,1.8,0.03,0.18,0.22
0.44,-4.25,1.67,0.03,0.17,0.22
0.19,-4.73,1.82,0.03,0.17,0.21
0.1,-4.56,1.99,0.04,0.16,0.2
0.1,-4.54,1.32,0.04,0.16,0.2
0.0,-4.69,1.32,0.04,0.15,0.19
0.11,-4.64,1.69,0.04,0.14,0.19
0.06,-4.64,1.7,0.04,0.14,0.19
0.15,-4.67,1.63,0.03,0.13,0.18
0.06,-4.6,1.63,0.03,0.12,0.18
0.11,-4.71,1.65,0.03,0.12,0.18
0.08,-4.65,1.53,0.02,0.12,0.17
0.11,-4.65,1.8,0.02,0.12,0.17
0.17,-4.6,1.69,0.03,0.12,0.17
0.17,-4.5,1.69,0.03,0.11,0.17
0.21,-4.58,1.7,0.03,0.11,0.16
0.1,-4.67,1.65,0.04,0.11,0.16
0.02,-4.52,1.7,0.04,0.1,0.16
0.1,-4.71,1.72,0.03,0.1,0.17
0.04,-4.58,1.84,0.03,0.09,0.16
-0.23,-4.94,1.97,0.03,0.09,0.16
-0.1,-4.54,1.74,0.03,0.09,0.16
-0.06,-4.58,1.76,0.03,0.08,0.16
-0.02,-4.6,1.78,0.03,0.08,0.15
0.06,-4.64,1.8,0.03,0.08,0.15
0.0,-4.65,1.78,0.04,0.07,0.15
0.0,-4.73,1.92,0.04,0.07,0.14
0.27,-4.56,1.99,0.05,0.07,0.13
0.06,-4.94,1.78,0.05,0.07,0.12
-0.11,-4.75,1.92,0.06,0.07,0.11
-0.02,-4.85,1.72,0.06,0.07,0.1
0.0,-4.9,1.95,0.06,0.06,0.09
0.02,-4.65,1.67,0.06,0.06,0.08
-0.21,-4.69,1.93,0.06,0.06,0.07
0.48,-4.54,1.7,0.07,0.06,0.06
0.19,-4.37,1.67,0.08,0.06,0.06
0.17,-4.56,1.84,0.08,0.07,0.05
0.08,-4.39,1.78,0.07,0.07,0.04
0.04,-4.41,1.82,0.06,0.07,0.04
0.02,-4.35,1.8,0.06,0.08,0.04
0.04,-4.39,1.88,0.05,0.09,0.04
0.25,-4.31,1.76,0.05,0.09,0.04
-0.06,-4.39,1.92,0.05,0.09,0.04
-0.08,-4.33,1.95,0.04,0.1,0.05
-0.15,-4.44,1.69,0.04,0.1,0.05
-0.15,-4.31,1.8,0.03,0.1,0.05
-0.17,-4.35,1.74,0.02,0.1,0.05
-0.1,-4.35,1.86,0.01,0.09,0.05
-0.1,-4.41,1.84,0.0,0.09,0.05
-0.02,-4.29,1.93,-0.0,0.09,0.05
-0.04,-4.37,1.84,-0.01,0.09,0.06
-0.04,-4.44,1.9,-0.01,0.09,0.06
0.02,-4.52,1.8,-0.01,0.09,0.06
-0.04,-4.48,1.93,-0.01,0.09,0.06
0.06,-4.44,1.76,-0.01,0.08,0.07
0.0,-4.56,2.01,-0.0,0.08,0.07
0.0,-4.6,1.97,0.0,0.07,0.07
0.02,-4.56,2.01,0.01,0.06,0.07
0.0,-4.58,1.95,0.02,0.05,0.07
0.0,-4.42,2.05,0.03,0.05,0.07
0.0,-4.46,1.97,0.03,0.04,0.07
0.02,-4.39,1.95,0.03,0.04,0.07
0.02,-4.39,1.95,0.03,0.04,0.06
0.13,-4.56,2.07,0.03,0.04,0.06
0.11,-4.44,1.99,0.03,0.04,0.06
0.1,-4.44,1.95,0.02,0.04,0.06
0.08,-4.46,2.01,0.02,0.05,0.06
0.04,-4.44,1.99,0.02,0.05,0.06
0.08,-4.52,2.01,0.02,0.05,0.07
0.06,-4.41,2.01,0.02,0.05,0.07
0.02,-4.54,1.92,0.01,0.05,0.06
0.08,-4.56,1.93,0.01,0.05,0.06
0.02,-4.54,1.86,0.01,0.05,0.06
0.08,-4.48,1.99,0.01,0.04,0.05
0.04,-4.46,1.95,0.01,0.04,0.05
0.06,-4.54,1.93,0.01,0.04,0.05
0.02,-4.52,1.95,0.01,0.03,0.05
0.06,-4.48,1.93,0.01,0.03,0.05
0.06,-4.48,1.95,0.01,0.03,0.06
0.15,-4.48,1.86,0.01,0.03,0.06
0.25,-4.6,1.86,0.01,0.03,0.06
0.17,-4.39,1.82,0.01,0.04,0.06
0.17,-4.41,1.76,0.01,0.04,0.06
0.19,-4.46,1.8,0.01,0.04,0.06
0.23,-4.5,1.78,0.01,0.04,0.06
0.23,-4.42,1.8,0.01,0.04,0.06
0.21,-4.42,1.74,0.01,0.04,0.06
0.19,-4.48,1.78,0.0,0.03,0.05
0.25,-4.56,1.84,0.0,0.03,0.04
0.15,-4.58,1.76,-0.0,0.03,0.04
0.08,-4.58,1.84,0.0,0.03,0.04
0.02,-4.64,1.84,0.01,0.02,0.04
-0.06,-4.6,1.82,0.02,0.02,0.04
0.0,-4.54,1.82,0.03,0.02,0.05
-0.06,-4.58,1.82,0.03,0.02,0.05
-0.06,-4.52,1.84,0.03,0.02,0.05
-0.1,-4.44,1.84,0.03,0.02,0.05
-0.08,-4.46,1.69,0.02,0.02,0.05
-0.02,-4.31,1.69,0.01,0.03,0.05
-0.08,-4.39,1.72,0.0,0.03,0.05
-0.06,-4.44,1.72,-0.01,0.03,0.05
-0.02,-4.37,1.69,-0.01,0.04,0.05
-0.13,-4.54,1.86,-0.02,0.03,0.05
0.0,-4.46,1.76,-0.02,0.03,0.05
0.04,-4.46,1.76,-0.02,0.03,0.05
-0.04,-4.48,1.78,-0.02,0.03,0.06
0.0,-4.54,1.74,-0.02,0.03,0.06
-0.02,-4.56,1.76,-0.01,0.02,0.05
-0.02,-4.6,1.84,-0.0,0.03,0.05
-0.1,-4.58,1.86,0.0,0.03,0.05
-0.06,-4.62,1.82,0.01,0.03,0.05
0.0,-4.62,1.84,0.02,0.03,0.05
-0.04,-4.56,1.9,0.02,0.04,0.05
-0.06,-4.6,1.88,0.02,0.03,0.05
-0.08,-4.54,1.92,0.02,0.03,0.05
-0.02,-4.58,1.9,0.02,0.03,0.05
-0.04,-4.48,1.84,0.02,0.03,0.05
-0.08,-4.44,1.82,0.02,0.03,0.05
-0.08,-4.42,1.82,0.02,0.03,0.05
-0.11,-4.42,1.78,0.02,0.03,0.05
-0.13,-4.44,1.76,0.02,0.03,0.05
-0.11,-4.48,1.88,0.02,0.03,0.05
-0.13,-4.44,1.86,0.02,0.03,0.05
-0.08,-4.41,1.88,0.01,0.02,0.05
-0.1,-4.48,1.88,0.01,0.02,0.05
-0.13,-4.52,1.82,0.01,0.02,0.05
-0.04,-4.52,1.88,0.01,0.02,0.05
-0.06,-4.48,1.84,0.01,0.02,0.05
-0.19,-4.5,1.9,0.01,0.02,0.05
-0.11,-4.46,1.84,0.01,0.02,0.04
-0.08,-4.5,1.84,0.01,0.01,0.04
-0.11,-4.52,1.95,0.01,0.01,0.04
-0.11,-4.64,1.97,0.01,0.01,0.04
-0.21,-4.54,2.01,0.01,0.01,0.04
-0.25,-4.64,2.03,0.02,0.0,0.04
-0.23,-4.58,1.99,0.02,-0.0,0.04
-0.19,-4.58,2.03,0.02,-0.01,0.04
-0.17,-4.6,2.05,0.02,-0.01,0.04
-0.29,-4.58,1.97,0.02,-0.01,0.04
-0.21,-4.6,1.99,0.02,-0.02,0.04
-0.19,-4.54,1.78,0.02,-0.02,0.04
-0.21,-4.58,1.76,0.02,-0.02,0.03
-0.27,-4.54,1.9,0.02,-0.02,0.03
-0.19,-4.46,1.78,0.03,-0.02,0.03
-0.23,-4.46,1.82,0.03,-0.01,0.03
-0.25,-4.42,1.78,0.03,-0.01,0.03
-0.27,-4.37,1.78,0.04,-0.0,0.03
-0.31,-4.33,1.86,0.04,0.0,0.03
-0.31,-4.39,1.86,0.04,0.01,0.03
-0.27,-4.39,1.88,0.04,0.01,0.03
-0.13,-4.41,1.92,0.04,0.0,0.04
-0.21,-4.41,1.88,0.04,-0.0,0.04
-0.17,-4.46,1.88,0.04,-0.0,0.04
-0.02,-4.35,1.92,0.05,-0.01,0.05
0.02,-4.41,1.99,0.05,-0.01,0.04
-0.04,-4.35,1.93,0.05,-0.01,0.04
0.0,-4.33,1.95,0.05,-0.01,0.04
-0.04,-4.41,2.03,0.05,-0.01,0.04
0.04,-4.37,2.07,0.05,-0.01,0.03
0.04,-4.48,2.05,0.05,-0.01,0.03
0.04,-4.42,2.07,0.05,-0.01,0.03
0.02,-4.48,2.16,0.05,-0.01,0.03
0.06,-4.5,2.09,0.06,-0.0,0.03
0.02,-4.52,2.07,0.06,-0.0,0.03
0.0,-4.48,2.03,0.07,-0.0,0.03
-0.04,-4.44,2.07,0.07,-0.0,0.02
-0.08,-4.42,2.09,0.08,-0.0,0.02
-0.02,-4.39,2.07,0.09,-0.0,0.02
-0.02,-4.27,1.99,0.09,-0.0,0.01
-0.04,-4.29,2.01,0.09,-0.0,0.01
-0.02,-4.21,1.99,0.09,-0.0,0.01
-0.11,-4.27,1.93,0.08,-0.0,0.01
-0.13,-4.21,2.01,0.08,-0.01,0.01
-0.13,-4.25,1.99,0.08,-0.01,0.0
-0.11,-4.21,2.03,0.07,-0.01,0.0
-0.13,-4.31,2.09,0.07,-0.01,0.0
-0.15,-4.27,2.13,0.07,-0.01,0.01
-0.17,-4.27,2.13,0.07,-0.0,0.01
-0.15,-4.23,2.13,0.06,-0.0,0.01
-0.19,-4.33,2.13,0.06,-0.01,0.01
-0.17,-4.29,2.22,0.05,-0.01,0.01
-0.21,-4.35,2.18,0.04,-0.01,0.01
-0.13,-4.33,2.24,0.03,-0.01,0.02
-0.17,-4.37,2.15,0.02,-0.01,0.02
-0.08,-4.44,2.15,0.01,-0.01,0.02
-0.13,-4.56,2.15,0.01,-0.0,0.02
-0.15,-4.52,2.07,0.01,-0.01,0.02
-0.21,-4.54,2.09,0.02,-0.01,0.02
0.02,-4.56,2.05,0.03,-0.01,0.03
-0.11,-4.62,1.93,0.04,-0.02,0.03
-0.1,-4.46,1.9,0.03,-0.01,0.02
-0.15,-4.46,1.97,0.02,-0.0,0.02
-0.19,-4.48,1.93,0.02,-0.0,0.02
-0.17,-4.44,1.93,0.01,0.0,0.01
-0.17,-4.44,2.01,0.0,0.01,0.01
-0.15,-4.44,1.92,-0.0,0.01,0.01
-0.17,-4.41,1.97,-0.0,0.01,0.01
-0.1,-4.46,1.95,-0.01,0.01,0.01
-0.06,-4.44,1.9,-0.01,0.01,0.0
-0.11,-4.46,1.9,-0.0,0.02,0.0
-0.1,-4.5,1.93,-0.0,0.02,0.0
-0.11,-4.44,1.95,-0.0,0.02,0.0
-0.1,-4.39,2.05,-0.0,0.02,0.0
-0.15,-4.42,2.03,-0.0,0.02,0.01
-0.17,-4.44,2.03,-0.01,0.02,0.01
-0.06,-4.5,2.01,-0.01,0.02,0.01
-0.1,-4.5,2.03,-0.01,0.01,0.01
-0.08,-4.44,1.97,-0.0,0.02,0.01
-0.04,-4.48,2.05,0.0,0.02,0.01
0.0,-4.39,2.05,0.01,0.02,0.01
-0.04,-4.41,2.03,0.01,0.02,0.01
0.02,-4.42,2.11,0.01,0.02,0.01
-0.02,-4.31,2.13,0.01,0.02,0.01
-0.02,-4.25,2.13,0.0,0.02,0.0
0.0,-4.33,2.11,0.0,0.02,0.0
-0.08,-4.33,2.11,0.0,0.02,-0.0
-0.08,-4.33,2.16,0.0,0.02,-0.0
-0.04,-4.35,2.13,0.0,0.02,-0.0
-0.1,-4.37,2.18,0.01,0.02,-0.0
-0.11,-4.27,2.16,0.01,0.02,-0.0
-0.06,-4.35,2.07,0.01,0.02,-0.01
-0.06,-4.33,2.15,0.0,0.02,-0.01
-0.1,-4.27,2.11,0.0,0.02,-0.01
-0.06,-4.31,2.07,0.0,0.02,-0.01
-0.08,-4.37,2.07,-0.0,0.02,-0.0
-0.17,-4.35,2.07,-0.0,0.02,-0.0
-0.13,-4.37,2.07,-0.0,0.01,-0.0
-0.06,-4.39,2.07,0.0,0.01,0.0
-0.13,-4.33,2.07,0.0,0.01,0.0
-0.13,-4.31,2.07,0.0,0.01,0.0
-0.11,-4.35,2.16,0.0,0.01,0.01
-0.08,-4.33,2.13,0.0,0.01,0.01
-0.06,-4.31,2.15,-0.0,0.01,0.01
-0.1,-4.37,2.16,-0.0,0.01,0.0
-0.06,-4.35,2.16,-0.01,0.0,0.0
-0.15,-4.35,2.16,-0.01,0.0,0.0
-0.11,-4.41,2.09,-0.01,0.0,0.0
-0.11,-4.39,2.09,-0.01,0.0,0.01
-0.13,-4.42,2.09,-0.01,0.0,0.0
-0.13,-4.41,2.11,-0.01,0.0,0.0
-0.17,-4.42,2.07,-0.01,0.0,0.0
-0.17,-4.39,2.11,-0.0,-0.0,0.0
-0.13,-4.39,2.11,-0.0,-0.0,-0.0
-0.04,-4.37,2.05,0.0,-0.01,-0.0
-0.1,-4.37,2.05,-0.0,-0.01,-0.0
-0.1,-4.44,2.07,-0.0,-0.01,-0.0
-0.11,-4.37,2.03,-0.0,-0.01,-0.0
-0.13,-4.39,2.01,-0.01,-0.01,-0.0
-0.06,-4.33,2.05,-0.01,-0.01,-0.0
-0.02,-4.44,2.03,-0.01,-0.01,-0.0
-0.04,-4.35,2.16,-0.01,-0.0,-0.0
0.0,-4.39,2.01,-0.01,-0.0,0.0
0.0,-4.35,2.07,-0.01,-0.0,0.0
0.0,-4.39,1.97,-0.01,0.0,0.01
-0.21,-4.54,1.95,-0.01,0.0,0.01
-0.21,-4.39,2.01,-0.01,0.01,0.01
-0.13,-4.44,2.07,-0.01,0.0,0.01
-0.13,-4.42,2.05,-0.01,0.0,0.01
-0.13,-4.42,1.99,-0.01,-0.0,0.01
-0.15,-4.37,2.09,-0.01,-0.0,0.01
-0.1,-4.35,2.01,-0.01,-0.0,0.0
-0.11,-4.35,2.01,-0.01,0.0,0.01
-0.1,-4.37,2.05,-0.02,0.0,0.01
-0.13,-4.41,1.99,-0.02,-0.0,0.01
-0.08,-4.35,2.01,-0.02,0.0,0.01
-0.1,-4.41,2.09,-0.02,-0.0,0.01
-0.08,-4.35,2.07,-0.02,-0.0,0.01
-0.15,-4.35,2.03,-0.02,-0.0,0.01
-0.1,-4.37,2.05,-0.02,-0.0,0.01
-0.1,-4.37,2.09,-0.01,-0.0,0.0
-0.08,-4.37,2.07,-0.01,-0.0,0.0
0.0,-4.39,2.18,-0.02,-0.0,0.0
-0.02,-4.42,2.03,-0.02,-0.0,0.0
0.06,-4.41,2.07,-0.02,0.0,0.0
-0.04,-4.31,2.07,-0.02,0.0,0.0
-0.02,-4.35,2.09,-0.02,-0.0,0.0
-0.02,-4.52,1.99,-0.02,-0.01,0.01
-0.04,-4.27,2.03,-0.02,-0.01,0.01
-0.02,-4.35,2.05,-0.02,-0.0,0.0
-0.13,-4.33,2.11,-0.03,-0.0,0.0
-0.04,-4.33,2.05,-0.03,0.0,0.0
-0.04,-4.33,2.01,-0.03,0.01,0.0
-0.06,-4.37,2.05,-0.03,0.01,0.0
-0.02,-4.39,2.09,-0.04,0.01,0.0
0.02,-4.41,2.03,-0.04,0.01,0.0
0.0,-4.41,2.07,-0.04,0.01,0.0
0.02,-4.5,2.05,-0.04,0.01,0.0
0.0,-4.44,2.07,-0.04,0.01,0.0
0.0,-4.46,2.05,-0.03,0.01,0.0
-0.1,-4.37,2.09,-0.03,0.01,-0.0
-0.06,-4.44,2.05,-0.03,0.01,-0.0
0.0,-4.42,2.03,-0.03,0.01,-0.0
-0.02,-4.42,2.05,-0.03,0.01,-0.0
-0.06,-4.42,2.05,-0.03,0.01,-0.0
-0.11,-4.33,2.01,-0.04,0.0,-0.0
0.0,-4.41,1.97,-0.04,0.0,-0.0
0.0,-4.39,2.03,-0.04,0.0,-0.0
-0.06,-4.39,1.99,-0.04,0.0,-0.0
0.11,-4.25,2.11,-0.04,0.0,-0.0
-0.06,-4.35,2.03,-0.04,0.0,0.0
-0.06,-4.35,2.01,-0.04,0.0,0.0
-0.08,-4.41,2.05,-0.04,0.0,0.0
-0.02,-4.39,2.05,-0.04,-0.0,0.0
-0.08,-4.35,2.09,-0.04,0.0,0.0
-0.08,-4.41,2.05,-0.04,0.0,0.0
-0.1,-4.31,2.03,-0.04,0.0,0.01
-0.11,-4.35,2.03,-0.04,0.0,0.01
-0.02,-4.31,2.03,-0.05,0.0,0.01
-0.06,-4.37,2.05,-0.05,0.01,0.0
-0.04,-4.35,2.01,-0.05,0.01,0.0
-0.04,-4.35,1.99,-0.05,0.01,0.0
-0.06,-4.37,1.99,-0.05,0.01,0.0
0.0,-4.33,1.95,-0.05,0.01,0.0
-0.04,-4.41,2.01,-0.05,0.02,0.0
-0.02,-4.44,2.03,-0.05,0.02,0.0
0.0,-4.46,1.97,-0.05,0.02,0.0
-0.02,-4.5,1.99,-0.05,0.03,0.0
-0.04,-4.5,2.07,-0.04,0.03,0.0
-0.04,-4.42,1.95,-0.04,0.03,0.0
-0.08,-4.46,2.03,-0.04,0.03,0.0
0.0,-4.48,2.2,-0.04,0.04,0.0
0.0,-4.44,2.01,-0.04,0.03,0.0
-0.04,-4.39,1.99,-0.04,0.04,0.0
-0.08,-4.42,2.01,-0.04,0.04,0.0
-0.04,-4.42,1.92,-0.05,0.04,0.0
-0.08,-4.42,1.93,-0.05,0.03,0.0
-0.02,-4.44,1.97,-0.05,0.03,0.0
-0.04,-4.44,1.92,-0.05,0.03,0.0
0.0,-4.5,1.93,-0.05,0.03,-0.0
-0.04,-4.52,1.95,-0.05,0.03,-0.0
-0.04,-4.5,1.93,-0.05,0.03,-0.0
0.0,-4.5,1.93,-0.04,0.03,-0.0
-0.06,-4.48,1.97,-0.04,0.03,-0.0
-0.04,-4.52,1.97,-0.04,0.03,-0.0
-0.08,-4.54,1.95,-0.04,0.03,-0.0
-0.08,-4.54,1.97,-0.04,0.03,-0.0
-0.08,-4.58,1.93,-0.04,0.03,-0.0
-0.06,-4.56,1.95,-0.03,0.03,0.0
-0.04,-4.46,1.8,-0.03,0.03,0.0
-0.02,-4.42,1.9,-0.03,0.03,0.0
-0.06,-4.46,1.93,-0.03,0.04,0.0
-0.11,-4.5,2.11,-0.02,0.03,0.01
-0.02,-4.41,1.9,-0.02,0.03,0.01
-0.02,-4.46,1.92,-0.02,0.03,0.01
0.0,-4.48,1.95,-0.02,0.03,0.01
-0.04,-4.42,1.9,-0.02,0.03,0.01
-0.02,-4.41,1.99,-0.02,0.03,0.0
-0.06,-4.42,1.92,-0.02,0.03,0.0
0.0,-4.41,1.97,-0.02,0.03,0.0
-0.06,-4.44,1.95,-0.02,0.03,0.0
0.0,-4.44,1.92,-0.02,0.03,0.0
-0.04,-4.41,1.93,-0.02,0.03,0.0
0.0,-4.46,2.03,-0.02,0.04,0.0
0.0,-4.44,1.97,-0.02,0.04,0.0
-0.04,-4.44,1.93,-0.02,0.04,0.0
-0.08,-4.46,1.95,-0.02,0.04,0.0
-0.06,-4.46,1.88,-0.02,0.03,0.01
0.0,-4.46,1.95,-0.02,0.03,0.01
-0.02,-4.48,1.88,-0.02,0.04,0.01
0.0,-4.46,1.95,-0.02,0.04,0.01
0.02,-4.44,1.97,-0.02,0.04,0.0
0.0,-4.39,1.93,-0.02,0.04,0.0
0.0,-4.42,1.99,-0.02,0.04,0.0
0.04,-4.39,1.92,-0.02,0.04,0.0
0.0,-4.46,1.99,-0.02,0.04,0.0
-0.02,-4.44,1.92,-0.02,0.04,0.0
0.0,-4.54,1.99,-0.02,0.04,0.0
-0.02,-4.48,1.95,-0.02,0.04,0.0
-0.04,-4.46,1.92,-0.01,0.04,0.0
0.0,-4.5,1.97,-0.01,0.04,0.0
-0.06,-4.44,1.93,-0.01,0.04,0.0
-0.11,-4.39,1.92,-0.01,0.04,0.0
-0.04,-4.46,1.93,-0.01,0.04,0.0
-0.1,-4.42,1.93,-0.02,0.04,0.0
-0.04,-4.42,1.99,-0.02,0.04,0.0
-0.06,-4.42,1.92,-0.02,0.04,0.0
-0.11,-4.44,1.93,-0.02,0.04,0.0
-0.02,-4.42,1.88,-0.02,0.04,0.0
-0.06,-4.42,1.93,-0.02,0.04,0.0
0.0,-4.46,1.99,-0.02,0.04,0.0
-0.06,-4.5,2.01,-0.02,0.04,0.0
-0.04,-4.48,1.97,-0.02,0.04,0.0
-0.1,-4.41,1.88,-0.02,0.04,0.0
-0.08,-4.42,1.95,-0.02,0.04,0.0
-0.1,-4.44,1.92,-0.02,0.04,0.0
-0.06,-4.6,1.92,-0.02,0.04,0.0
0.02,-4.52,1.99,-0.02,0.04,0.0
-0.02,-4.52,1.9,-0.02,0.04,0.0
-0.06,-4.54,1.95,-0.02,0.04,0.0
-0.06,-4.5,1.95,-0.02,0.04,0.0
-0.06,-4.46,1.97,-0.02,0.04,0.0
-0.06,-4.48,1.99,-0.02,0.04,0.0
-0.06,-4.46,1.92,-0.02,0.04,0.0
-0.06,-4.48,1.9,-0.02,0.04,0.0
-0.06,-4.46,1.95,-0.02,0.04,0.0
-0.11,-4.41,1.9,-0.01,0.04,0.0
-0.06,-4.5,1.95,-0.02,0.04,0.0
-0.13,-4.42,1.9,-0.02,0.04,0.0
-0.06,-4.52,1.92,-0.02,0.04,0.0
-0.11,-4.48,1.97,-0.02,0.04,0.0
-0.04,-4.46,1.95,-0.02,0.04,0.0
-0.08,-4.54,1.97,-0.02,0.04,0.0
-0.1,-4.46,1.86,-0.02,0.04,0.0
-0.08,-4.48,1.92,-0.02,0.04,0.0
-0.02,-4.46,1.88,-0.02,0.04,0.0
-0.11,-4.42,1.86,-0.02,0.04,0.0
-0.1,-4.44,1.86,-0.02,0.04,0.0
-0.1,-4.5,1.7,-0.02,0.04,0.0
-0.02,-4.44,1.88,-0.02,0.04,0.0
-0.11,-4.5,1.9,-0.02,0.04,0.0
-0.1,-4.46,1.92,-0.02,0.04,0.0
-0.08,-4.46,1.95,-0.02,0.04,0.0
-0.04,-4.5,1.92,-0.02,0.04,0.0
-0.1,-4.5,1.84,-0.02,0.04,0.0
-0.02,-4.5,1.9,-0.02,0.04,0.0
-0.06,-4.42,1.82,-0.02,0.04,0.0
-0.08,-4.48,1.9,-0.02,0.04,0.0
-0.06,-4.5,1.92,-0.02,0.04,0.0
-0.04,-4.46,1.92,-0.02,0.04,0.0
0.0,-4.5,1.9,-0.02,0.04,0.0
0.0,-4.46,1.88,-0.02,0.04,0.0
-0.06,-4.48,1.9,-0.02,0.04,0.0
-0.06,-4.48,1.93,-0.02,0.04,0.0
-0.04,-4.5,1.88,-0.02,0.04,-0.0
-0.13,-4.48,1.92,-0.02,0.04,-0.0
-0.08,-4.52,1.9,-0.02,0.04,-0.0
-0.04,-4.5,1.86,-0.02,0.04,-0.0
-0.1,-4.48,1.99,-0.02,0.04,-0.0
-0.13,-4.44,1.86,-0.02,0.04,-0.0
0.04,-4.5,1.9,-0.02,0.04,-0.0
-0.1,-4.48,1.82,-0.02,0.04,-0.0
-0.1,-4.48,1.88,-0.02,0.04,-0.0
-0.06,-4.54,1.92,-0.02,0.04,-0.0
-0.08,-4.5,1.88,-0.02,0.04,-0.0
-0.11,-4.46,1.88,-0.02,0.04,-0.0
-0.13,-4.46,1.93,-0.02,0.04,-0.0
-0.08,-4.54,1.88,-0.02,0.04,-0.0
-0.1,-4.44,1.82,-0.02,0.04,-0.0
-0.06,-4.48,1.86,-0.01,0.04,-0.0
-0.02,-4.5,1.88,-0.01,0.04,-0.0
-0.11,-4.5,1.92,-0.01,0.03,-0.0
-0.08,-4.46,1.95,-0.01,0.04,-0.0
-0.02,-4.48,1.86,-0.01,0.04,-0.0
-0.06,-4.46,1.92,-0.01,0.03,-0.0
-0.11,-4.46,1.95,-0.01,0.03,-0.0
-0.11,-4.44,1.93,-0.01,0.03,-0.0
-0.08,-4.5,1.8,-0.01,0.03,-0.0
-0.04,-4.48,1.93,-0.01,0.03,-0.0
-0.13,-4.46,1.9,-0.01,0.03,-0.0
-0.1,-4.5,1.88,-0.01,0.04,-0.0
-0.11,-4.42,1.72,-0.01,0.04,-0.0
-0.06,-4.48,1.84,-0.01,0.04,-0.0
-0.1,-4.42,1.84,-0.01,0.04,-0.0
-0.08,-4.41,1.82,-0.01,0.03,-0.0
-0.02,-4.48,1.9,-0.01,0.03,-0.0
-0.08,-4.44,1.92,-0.01,0.03,-0.0
-0.08,-4.44,1.95,-0.01,0.03,-0.0
-0.02,-4.46,1.82,-0.02,0.03,0.0
-0.02,-4.39,1.86,-0.02,0.03,0.0
-0.04,-4.46,1.84,-0.02,0.03,0.0
-0.08,-4.46,1.84,-0.02,0.03,0.0
-0.08,-4.48,1.84,-0.02,0.03,0.0
-0.06,-4.48,1.84,-0.02,0.03,0.0
-0.04,-4.5,1.82,-0.02,0.03,0.0
-0.04,-4.46,1.9,-0.02,0.03,0.0
-0.04,-4.52,1.88,-0.02,0.03,0.0
-0.11,-4.46,1.9,-0.01,0.03,0.0
-0.04,-4.5,1.86,-0.01,0.03,0.0
-0.06,-4.48,1.9,-0.01,0.03,0.0
0.0,-4.48,1.86,-0.01,0.03,0.0
-0.04,-4.54,1.84,-0.01,0.03,0.0
-0.04,-4.52,1.84,-0.01,0.03,-0.0
-0.04,-4.5,1.86,-0.01,0.03,0.0
-0.06,-4.5,1.88,-0.01,0.03,-0.0
-0.06,-4.5,1.93,-0.01,0.04,-0.0
-0.02,-4.48,1.78,-0.01,0.04,-0.0
-0.06,-4.46,1.86,-0.01,0.04,-0.0
-0.04,-4.56,1.84,-0.01,0.04,-0.0
-0.15,-4.52,1.9,-0.01,0.04,-0.0
-0.11,-4.52,1.93,-0.01,0.04,-0.0
-0.08,-4.5,1.88,-0.01,0.04,-0.0
-0.06,-4.42,1.84,-0.01,0.04,-0.0
-0.04,-4.5,1.88,-0.01,0.04,-0.0
-0.06,-4.52,1.88,-0.01,0.04,-0.0
-0.08,-4.46,1.84,-0.01,0.04,-0.0
-0.04,-4.5,1.9,-0.01,0.04,-0.0
-0.1,-4.54,1.86,-0.01,0.04,-0.0
-0.06,-4.46,1.88,-0.01,0.04,-0.0
-0.11,-4.44,1.88,-0.01,0.04,-0.0
-0.08,-4.44,1.86,-0.01,0.04,-0.0
-0.11,-4.46,1.88,-0.01,0.04,-0.0
-0.08,-4.48,1.8,-0.01,0.04,-0.0
-0.06,-4.48,1.92,-0.01,0.04,-0.0
-0.02,-4.52,1.86,-0.01,0.03,-0.0
-0.06,-4.44,2.03,-0.01,0.04,-0.0
-0.04,-4.42,1.84,-0.01,0.04,-0.0
-0.06,-4.44,1.92,-0.01,0.04,-0.0
-0.1,-4.46,1.84,-0.01,0.04,-0.0
-0.02,-4.46,1.88,-0.01,0.04,-0.0
-0.08,-4.48,1.86,-0.01,0.04,-0.0
-0.1,-4.5,1.84,-0.01,0.04,-0.0
-0.08,-4.46,1.9,-0.01,0.04,-0.0
-0.06,-4.5,1.88,-0.0,0.04,-0.0
-0.02,-4.46,1.9,-0.01,0.04,-0.0
0.0,-4.46,1.9,-0.0,0.04,-0.0
-0.1,-4.44,1.84,-0.0,0.04,-0.0
-0.04,-4.42,1.93,-0.0,0.04,-0.0
-0.02,-4.46,1.82,-0.0,0.04,-0.0
-0.04,-4.5,1.93,-0.0,0.04,-0.0
-0.1,-4.48,1.93,-0.01,0.04,-0.0
-0.06,-4.46,1.86,-0.01,0.04,-0.0
-0.1,-4.44,1.86,-0.01,0.04,-0.0
0.0,-4.5,1.9,-0.01,0.04,-0.0
-0.04,-4.5,1.88,-0.01,0.04,-0.0
-0.04,-4.5,1.88,-0.01,0.04,-0.0
-0.1,-4.44,1.92,-0.01,0.04,-0.0
-0.1,-4.54,1.92,-0.01,0.04,-0.0
-0.06,-4.5,1.9,-0.01,0.04,-0.0
-0.04,-4.52,1.92,-0.01,0.04,-0.0
-0.06,-4.46,1.9,-0.0,0.04,-0.0
-0.06,-4.41,1.88,-0.01,0.04,-0.0
-0.02,-4.52,1.95,-0.0,0.03,-0.0
-0.1,-4.48,1.8,-0.0,0.04,-0.0
-0.06,-4.5,1.8,-0.01,0.04,-0.0
-0.1,-4.5,1.86,-0.01,0.04,-0.0
-0.06,-4.52,1.84,-0.01,0.04,-0.0
-0.11,-4.52,1.86,-0.01,0.04,-0.0
-0.02,-4.54,1.86,-0.0,0.04,-0.0
-0.06,-4.5,1.92,-0.0,0.04,-0.0
-0.11,-4.46,1.88,-0.0,0.04,-0.0
-0.08,-4.44,1.92,-0.0,0.04,-0.0
-0.1,-4.46,1.92,-0.0,0.04,-0.0
-0.04,-4.48,1.9,-0.0,0.04,-0.0
-0.1,-4.52,1.88,-0.0,0.04,-0.0
-0.04,-4.5,1.9,-0.0,0.04,-0.0
-0.08,-4.54,1.84,-0.0,0.04,-0.0
-0.06,-4.42,1.92,-0.0,0.04,-0.0
-0.04,-4.42,1.7,-0.0,0.04,-0.0
-0.02,-4.54,1.86,-0.0,0.04,-0.0
-0.02,-4.52,1.9,-0.0,0.04,-0.0
-0.11,-4.5,1.95,-0.0,0.04,-0.0
-0.04,-4.46,1.92,-0.0,0.04,-0.0
-0.08,-4.46,1.82,-0.0,0.04,-0.0
-0.08,-4.48,1.88,-0.0,0.04,-0.0
-0.06,-4.52,1.88,-0.0,0.04,-0.0
-0.06,-4.42,1.97,-0.0,0.04,-0.0
-0.02,-4.54,1.84,-0.0,0.04,-0.0
-0.02,-4.46,1.8,-0.0,0.04,-0.0
-0.08,-4.48,1.9,-0.0,0.04,-0.0
-0.08,-4.52,1.88,-0.0,0.04,-0.0
-0.02,-4.5,1.8,-0.0,0.04,-0.0
-0.08,-4.46,1.92,-0.0,0.04,-0.0
-0.08,-4.44,1.86,-0.0,0.04,-0.0
-0.1,-4.42,1.84,-0.0,0.04,-0.0
-0.02,-4.5,1.95,-0.0,0.04,-0.0
-0.04,-4.48,1.9,-0.0,0.04,-0.0
-0.06,-4.52,1.9,-0.0,0.04,-0.0
-0.02,-4.52,1.84,-0.0,0.03,-0.0
-0.04,-4.46,1.92,-0.0,0.04,-0.0
0.02,-4.64,1.72,-0.0,0.04,-0.0
-0.08,-4.46,1.88,-0.0,0.04,-0.0
-0.04,-4.48,1.84,-0.0,0.03,-0.0
-0.06,-4.44,1.97,-0.0,0.04,-0.0
-0.04,-4.48,1.9,-0.0,0.04,-0.0
-0.1,-4.46,1.93,-0.0,0.04,-0.0
-0.1,-4.5,1.88,-0.01,0.04,-0.0
-0.11,-4.42,1.92,-0.01,0.04,-0.0
0.0,-4.5,1.86,-0.01,0.04,-0.0
-0.08,-4.46,1.88,-0.01,0.04,-0.0
-0.04,-4.48,1.92,-0.0,0.04,-0.0
-0.04,-4.46,1.84,-0.01,0.04,0.0
-0.11,-4.5,1.84,-0.01,0.04,-0.0
0.0,-4.44,1.9,-0.01,0.04,-0.0
-0.06,-4.44,1.9,-0.01,0.04,0.0
-0.06,-4.44,1.88,-0.01,0.04,0.0
-0.06,-4.52,1.84,-0.01,0.04,-0.0
-0.04,-4.48,1.84,-0.01,0.04,0.0
0.0,-4.5,1.86,-0.01,0.04,0.0
-0.06,-4.46,1.84,-0.01,0.04,0.0
-0.02,-4.5,1.88,-0.01,0.04,0.0
-0.08,-4.44,1.92,-0.01,0.04,0.0
-0.11,-4.48,1.84,-0.01,0.04,0.0
-0.04,-4.5,1.9,-0.01,0.04,-0.0
0.0,-4.48,1.88,-0.01,0.04,-0.0
-0.02,-4.46,1.88,-0.01,0.04,0.0
-0.06,-4.48,1.88,-0.01,0.04,-0.0
-0.08,-4.48,1.86,-0.01,0.04,-0.0
-0.02,-4.46,1.86,-0.01,0.04,-0.0
-0.06,-4.48,1.86,-0.01,0.04,-0.0
-0.1,-4.46,1.88,-0.01,0.04,-0.0
-0.08,-4.5,1.95,-0.01,0.04,-0.0
-0.1,-4.48,1.86,-0.01,0.04,-0.0
-0.02,-4.48,1.86,-0.01,0.04,-0.0
-0.08,-4.46,1.88,-0.01,0.04,-0.0
-0.1,-4.48,1.93,-0.01,0.04,-0.0
0.0,-4.54,1.9,-0.01,0.04,-0.0
-0.13,-4.5,1.88,-0.01,0.04,-0.0
-0.04,-4.52,1.88,-0.01,0.04,-0.0
-0.08,-4.44,1.86,-0.01,0.04,-0.0
0.0,-4.5,1.93,-0.01,0.04,-0.0
-0.08,-4.46,1.8,-0.01,0.04,-0.0
-0.1,-4.46,1.88,-0.01,0.04,-0.0
-0.11,-4.46,1.86,-0.01,0.04,-0.0
0.1,-4.62,1.92,-0.01,0.04,-0.0
-0.11,-4.46,1.82,-0.01,0.04,-0.0
-0.06,-4.52,1.9,-0.01,0.04,-0.0
-0.11,-4.5,1.9,-0.0,0.04,-0.0
-0.04,-4.54,1.9,-0.0,0.04,-0.0
-0.06,-4.48,1.95,-0.0,0.04,-0.0
0.0,-4.52,1.92,-0.0,0.04,-0.0
-0.02,-4.5,1.93,-0.0,0.04,-0.0
-0.04,-4.46,1.9,-0.0,0.04,-0.0
-0.08,-4.5,1.9,-0.0,0.04,-0.0
0.0,-4.5,1.86,-0.0,0.04,-0.0
-0.08,-4.44,1.88,-0.0,0.04,-0.0
-0.02,-4.48,1.9,-0.0,0.04,-0.0
-0.02,-4.5,1.86,-0.01,0.04,-0.0
-0.04,-4.44,1.95,-0.01,0.04,-0.0
-0.1,-4.52,1.86,-0.01,0.04,-0.0
-0.02,-4.56,1.9,-0.01,0.04,-0.0
-0.08,-4.46,1.82,-0.01,0.04,-0.0
-0.02,-4.44,1.92,-0.01,0.04,0.0
-0.06,-4.52,1.82,-0.01,0.04,-0.0
0.0,-4.5,1.92,-0.01,0.04,-0.0
-0.04,-4.48,1.8,-0.01,0.04,-0.0
-0.02,-4.42,1.86,-0.01,0.04,-0.0
-0.08,-4.48,1.82,-0.01,0.04,-0.0
-0.1,-4.48,1.82,-0.01,0.04,-0.0
-0.06,-4.48,1.88,-0.01,0.04,-0.0
-0.1,-4.48,1.82,-0.01,0.04,-0.0
-0.11,-4.5,1.93,-0.01,0.04,-0.0
-0.08,-4.5,1.84,-0.01,0.04,0.0
-0.1,-4.52,1.9,-0.0,0.04,0.0
-0.13,-4.46,1.88,-0.0,0.04,-0.0
-0.04,-4.46,1.88,-0.0,0.04,-0.0
-0.06,-4.48,1.92,-0.0,0.04,0.0
-0.08,-4.46,1.86,-0.0,0.04,-0.0
-0.1,-4.46,1.88,-0.0,0.04,-0.0
-0.04,-4.39,1.93,-0.0,0.04,0.0
-0.1,-4.46,1.92,-0.01,0.04,0.0
-0.06,-4.44,1.84,-0.0,0.04,-0.0
-0.02,-4.46,1.97,-0.01,0.04,-0.0
-0.06,-4.46,1.93,-0.01,0.04,-0.0
-0.11,-4.5,1.86,-0.01,0.04,0.0
-0.13,-4.46,1.92,-0.01,0.04,-0.0
-0.02,-4.48,1.9,-0.01,0.04,0.0
0.06,-4.58,1.95,-0.01,0.04,0.0
-0.11,-4.48,1.88,-0.01,0.04,0.0
-0.04,-4.48,1.92,-0.01,0.04,0.0
-0.1,-4.41,1.93,-0.0,0.04,0.0
0.0,-4.44,1.9,-0.0,0.04,0.0
-0.13,-4.42,1.95,-0.01,0.04,-0.0
-0.1,-4.46,1.9,-0.01,0.04,0.0
-0.06,-4.46,1.84,-0.01,0.04,-0.0
-0.06,-4.52,1.88,-0.01,0.04,0.0
-0.06,-4.44,1.84,-0.01,0.04,-0.0
-0.02,-4.42,1.84,-0.01,0.04,0.0
-0.06,-4.46,1.9,-0.01,0.04,0.0
-0.06,-4.52,1.88,-0.01,0.04,0.0
-0.13,-4.5,1.9,-0.01,0.04,0.0
-0.1,-4.48,1.93,-0.01,0.04,-0.0
-0.02,-4.44,1.92,-0.01,0.04,0.0
-0.02,-4.5,1.86,-0.01,0.04,0.0
-0.08,-4.48,1.9,-0.01,0.04,0.0
-0.13,-4.46,1.93,-0.01,0.04,0.0
-0.08,-4.44,1.84,-0.01,0.04,0.0
0.0,-4.48,1.84,-0.0,0.04,0.0
-0.1,-4.48,1.82,-0.01,0.04,0.0
-0.08,-4.52,1.82,-0.01,0.04,0.0
