accX,accY,accZ,gyroX,gyroY,gyroZ
0.06,-4.44,1.7,-0.01,0.03,-0.0
0.04,-4.5,1.76,-0.01,0.04,-0.0
0.06,-4.42,1.78,-0.01,0.04,-0.0
0.06,-4.44,1.78,-0.0,0.04,-0.0
0.06,-4.42,1.8,-0.0,0.04,-0.0
0.06,-4.41,1.7,-0.0,0.03,-0.0
0.02,-4.44,1.76,-0.0,0.03,-0.0
0.06,-4.44,1.76,-0.01,0.03,-0.0
0.06,-4.37,1.72,-0.01,0.03,-0.0
0.06,-4.42,1.7,-0.01,0.03,0.0
0.11,-4.44,1.76,-0.01,0.03,-0.0
0.04,-4.42,1.72,-0.01,0.03,-0.0
0.08,-4.46,1.78,-0.01,0.03,-0.0
0.06,-4.46,1.76,-0.01,0.03,-0.0
0.04,-4.42,1.69,-0.01,0.03,-0.0
0.13,-4.46,1.63,-0.01,0.03,-0.0
0.08,-4.42,1.67,-0.01,0.03,-0.0
0.06,-4.44,1.7,-0.01,0.03,-0.0
0.02,-4.41,1.63,-0.01,0.03,-0.0
0.06,-4.41,1.74,-0.02,0.04,-0.0
0.08,-4.48,1.7,-0.02,0.04,-0.0
0.04,-4.48,1.61,-0.02,0.03,0.0
0.08,-4.37,1.63,-0.02,0.03,-0.0
0.17,-4.35,1.76,-0.01,0.03,-0.0
0.1,-4.54,1.57,-0.01,0.03,-0.0
0.11,-4.37,1.97,-0.01,0.03,-0.0
0.25,-4.46,1.72,-0.01,0.03,-0.0
0.13,-4.48,1.99,-0.01,0.03,-0.0
0.0,-4.54,1.86,-0.0,0.03,-0.0
0.1,-4.46,1.74,-0.01,0.03,-0.0
0.06,-4.39,1.65,-0.01,0.03,-0.0
0.04,-4.46,1.72,-0.01,0.04,-0.0
0.19,-4.29,1.86,-0.01,0.04,-0.0
0.0,-4.52,1.9,-0.01,0.03,-0.0
0.0,-4.29,1.92,-0.01,0.03,-0.01
-0.04,-4.27,1.63,-0.01,0.03,-0.0
0.11,-4.46,1.8,-0.01,0.03,-0.0
0.02,-4.52,1.69,-0.01,0.03,-0.0
0.13,-4.25,1.95,-0.01,0.03,-0.0
0.04,-4.52,1.76,-0.01,0.03,-0.0
0.04,-4.44,1.69,-0.01,0.03,-0.0
0.06,-4.41,1.72,-0.01,0.03,-0.0
0.06,-4.48,1.7,-0.01,0.03,-0.0
0.08,-4.33,1.7,-0.01,0.03,-0.0
0.06,-4.52,1.78,-0.01,0.03,-0.0
0.06,-4.48,1.7,-0.01,0.03,-0.0
0.02,-4.42,1.72,-0.01,0.03,-0.0
0.08,-4.44,1.74,-0.01,0.03,-0.0
0.0,-4.39,1.74,-0.01,0.03,-0.0
0.02,-4.44,1.7,-0.01,0.03,0.0
0.02,-4.41,1.76,-0.01,0.04,-0.0
0.02,-4.41,1.76,-0.01,0.04,-0.0
0.0,-4.42,1.74,-0.01,0.04,-0.0
0.06,-4.44,1.61,-0.01,0.04,-0.0
0.06,-4.44,1.7,-0.01,0.04,-0.0
0.06,-4.41,1.74,-0.0,0.04,-0.0
0.02,-4.42,1.78,-0.0,0.04,-0.0
0.06,-4.5,1.74,-0.0,0.04,-0.0
0.06,-4.41,1.63,-0.0,0.03,-0.0
0.1,-4.44,1.65,-0.0,0.04,-0.0
0.06,-4.39,1.72,-0.01,0.04,-0.0
0.06,-4.37,1.72,-0.01,0.04,-0.0
0.04,-4.39,1.72,-0.01,0.04,-0.0
0.08,-4.39,1.7,-0.01,0.03,-0.0
0.1,-4.41,1.72,-0.01,0.03,-0.01
0.02,-4.41,1.67,-0.01,0.03,-0.0
0.04,-4.44,1.67,-0.01,0.03,-0.0
0.06,-4.41,1.74,-0.01,0.03,-0.0
0.04,-4.46,1.74,-0.01,0.03,-0.0
0.1,-4.46,1.72,-0.01,0.03,-0.0
0.02,-4.37,1.74,-0.01,0.03,-0.0
0.06,-4.42,1.74,-0.01,0.03,-0.0
0.02,-4.5,1.74,-0.01,0.03,-0.0
0.04,-4.46,1.74,-0.01,0.03,-0.0
0.06,-4.48,1.72,-0.01,0.03,-0.0
0.08,-4.39,1.67,-0.01,0.03,-0.0
0.06,-4.42,1.67,-0.01,0.03,-0.0
0.06,-4.48,1.69,-0.01,0.03,-0.0
0.06,-4.44,1.69,-0.01,0.03,-0.0
0.06,-4.46,1.7,-0.01,0.03,-0.0
0.11,-4.48,1.69,-0.01,0.03,-0.0
0.1,-4.44,1.67,-0.01,0.04,-0.0
0.06,-4.5,1.63,-0.02,0.04,-0.0
0.1,-4.52,1.65,-0.02,0.04,-0.0
0.06,-4.48,1.69,-0.01,0.04,-0.0
0.04,-4.48,1.7,-0.02,0.04,-0.0
0.04,-4.46,1.67,-0.01,0.04,-0.0
0.0,-4.5,1.7,-0.01,0.04,-0.0
0.0,-4.48,1.65,-0.01,0.04,-0.01
0.02,-4.44,1.63,-0.01,0.04,-0.01
0.02,-4.44,1.67,-0.01,0.04,-0.01
0.04,-4.44,1.69,-0.01,0.04,-0.0
0.04,-4.44,1.67,-0.01,0.04,-0.01
0.1,-4.41,1.63,-0.01,0.04,-0.0
0.0,-4.39,1.63,-0.01,0.04,-0.01
0.1,-4.41,1.7,-0.01,0.04,-0.0
0.04,-4.44,1.67,-0.01,0.04,-0.0
0.06,-4.41,1.7,-0.01,0.04,-0.0
0.1,-4.44,1.65,-0.01,0.04,-0.0
0.08,-4.42,1.63,-0.01,0.04,-0.0
0.1,-4.44,1.74,-0.01,0.04,-0.0
0.1,-4.46,1.74,-0.01,0.04,-0.0
0.1,-4.46,1.7,-0.01,0.04,-0.0
0.08,-4.44,1.7,-0.01,0.04,-0.0
0.11,-4.42,1.7,-0.01,0.03,-0.0
0.02,-4.48,1.74,-0.01,0.03,-0.0
0.08,-4.42,1.72,-0.01,0.04,-0.0
0.08,-4.46,1.72,-0.01,0.04,-0.0
0.04,-4.41,1.61,-0.01,0.04,-0.0
0.08,-4.44,1.7,-0.01,0.03,-0.0
0.04,-4.44,1.7,-0.01,0.03,-0.0
0.06,-4.46,1.76,-0.01,0.03,-0.0
0.0,-4.44,1.59,-0.01,0.03,-0.0
0.02,-4.46,1.74,-0.01,0.03,-0.0
0.02,-4.46,1.72,-0.01,0.04,-0.0
0.04,-4.46,1.7,-0.01,0.04,-0.0
0.04,-4.42,1.72,-0.01,0.04,-0.0
0.04,-4.44,1.7,-0.01,0.04,-0.0
0.06,-4.44,1.72,-0.01,0.04,-0.0
0.06,-4.44,1.72,-0.01,0.04,-0.0
0.06,-4.41,1.7,-0.01,0.04,-0.0
0.1,-4.46,1.74,-0.0,0.04,-0.0
0.08,-4.41,1.63,-0.0,0.03,-0.0
0.08,-4.41,1.7,-0.0,0.03,-0.0
0.08,-4.44,1.67,-0.01,0.03,-0.0
0.06,-4.44,1.67,-0.01,0.03,-0.0
0.04,-4.41,1.7,-0.01,0.03,-0.0
0.06,-4.41,1.78,-0.01,0.03,-0.0
0.06,-4.42,1.67,-0.01,0.03,-0.0
0.04,-4.46,1.69,-0.01,0.03,-0.0
0.04,-4.42,1.63,-0.01,0.03,-0.0
0.04,-4.48,1.78,-0.01,0.03,-0.0
0.02,-4.46,1.67,-0.01,0.03,-0.0
0.0,-4.39,1.74,-0.01,0.03,-0.0
-0.02,-4.41,1.7,-0.01,0.03,-0.0
0.04,-4.42,1.65,-0.01,0.03,-0.0
0.04,-4.41,1.7,-0.01,0.03,-0.0
-0.02,-4.41,1.67,-0.01,0.03,-0.0
0.0,-4.41,1.67,-0.01,0.03,-0.0
0.06,-4.42,1.7,-0.01,0.03,-0.0
0.0,-4.42,1.69,-0.01,0.03,-0.0
0.04,-4.39,1.76,-0.01,0.04,-0.0
0.08,-4.42,1.7,-0.01,0.03,-0.0
0.02,-4.42,1.65,-0.01,0.03,-0.0
0.02,-4.42,1.69,-0.01,0.03,-0.0
0.06,-4.42,1.7,-0.01,0.03,-0.0
0.06,-4.39,1.67,-0.01,0.03,-0.0
0.06,-4.41,1.7,-0.01,0.03,-0.0
0.08,-4.42,1.7,-0.01,0.03,-0.0
0.04,-4.41,1.7,-0.01,0.03,-0.0
0.06,-4.46,1.74,-0.01,0.03,-0.0
0.0,-4.41,1.76,-0.01,0.04,-0.0
0.04,-4.37,1.67,-0.0,0.04,-0.0
0.08,-4.42,1.67,-0.0,0.04,-0.0
0.11,-4.48,1.69,-0.0,0.04,-0.0
0.04,-4.42,1.67,-0.01,0.04,-0.0
0.1,-4.44,1.7,-0.01,0.04,-0.0
0.06,-4.41,1.65,-0.01,0.03,-0.0
0.1,-4.46,1.59,-0.01,0.03,-0.0
0.1,-4.5,1.7,-0.01,0.03,-0.0
0.08,-4.5,1.67,-0.01,0.03,-0.0
0.08,-4.46,1.76,-0.01,0.03,-0.0
0.08,-4.46,1.65,-0.01,0.03,0.0
0.13,-4.46,1.7,-0.01,0.03,0.0
0.11,-4.44,1.72,-0.01,0.03,0.0
0.11,-4.52,1.67,-0.01,0.03,0.0
0.02,-4.46,1.61,-0.01,0.03,-0.0
0.08,-4.41,1.69,-0.01,0.03,-0.0
0.04,-4.46,1.67,-0.01,0.03,0.0
0.04,-4.44,1.72,-0.01,0.03,-0.0
0.06,-4.44,1.67,-0.01,0.03,-0.0
0.06,-4.44,1.63,-0.01,0.03,0.0
0.08,-4.48,1.63,-0.01,0.03,0.0
0.04,-4.44,1.61,-0.01,0.03,0.0
0.06,-4.48,1.59,-0.01,0.03,0.0
0.1,-4.44,1.76,-0.01,0.03,0.0
0.02,-4.44,1.69,-0.01,0.03,0.0
0.06,-4.46,1.67,-0.01,0.03,-0.0
0.04,-4.44,1.69,-0.01,0.03,-0.0
0.0,-4.41,1.69,-0.01,0.03,-0.0
0.08,-4.46,1.72,-0.01,0.03,-0.0
0.04,-4.52,1.65,-0.01,0.03,-0.0
0.02,-4.44,1.67,-0.01,0.03,-0.0
0.06,-4.5,1.72,-0.01,0.03,-0.0
0.08,-4.48,1.7,-0.01,0.03,-0.0
0.04,-4.46,1.72,-0.01,0.03,-0.0
0.0,-4.42,1.67,-0.01,0.03,-0.0
0.08,-4.42,1.69,-0.01,0.03,-0.0
0.08,-4.54,1.67,-0.01,0.03,-0.0
0.08,-4.42,1.72,-0.01,0.03,-0.0
0.06,-4.46,1.72,-0.01,0.03,0.0
0.0,-4.44,1.65,-0.01,0.03,0.0
0.04,-4.42,1.7,-0.01,0.03,-0.0
0.08,-4.46,1.67,-0.01,0.03,-0.0
0.0,-4.37,1.7,-0.01,0.03,-0.0
0.08,-4.5,1.72,-0.01,0.03,-0.0
0.04,-4.48,1.61,-0.01,0.03,-0.0
0.04,-4.41,1.7,-0.01,0.03,-0.0
0.0,-4.48,1.72,-0.01,0.03,-0.0
0.06,-4.41,1.72,-0.01,0.03,-0.0
0.08,-4.42,1.69,-0.01,0.04,-0.0
0.04,-4.37,1.72,-0.01,0.04,-0.0
0.06,-4.48,1.76,-0.01,0.04,-0.0
0.08,-4.46,1.67,-0.01,0.04,-0.0
0.06,-4.46,1.72,-0.01,0.03,-0.0
0.1,-4.42,1.69,-0.01,0.03,-0.0
0.02,-4.46,1.78,-0.01,0.03,-0.0
0.06,-4.39,1.76,-0.01,0.03,-0.0
0.02,-4.46,1.69,-0.01,0.03,-0.0
0.08,-4.48,1.76,-0.01,0.03,-0.0
0.1,-4.48,1.7,-0.01,0.03,-0.0
0.02,-4.42,1.65,-0.01,0.03,-0.0
0.06,-4.46,1.69,-0.01,0.03,-0.0
0.04,-4.46,1.63,-0.01,0.03,-0.0
0.08,-4.44,1.72,-0.01,0.03,-0.0
0.04,-4.46,1.61,-0.01,0.03,-0.0
0.02,-4.48,1.74,-0.01,0.03,-0.0
0.04,-4.46,1.67,-0.01,0.03,-0.0
0.04,-4.41,1.72,-0.01,0.03,-0.0
0.06,-4.41,1.69,-0.01,0.03,0.0
0.06,-4.42,1.69,-0.01,0.03,0.0
0.08,-4.44,1.67,-0.01,0.03,0.0
0.02,-4.42,1.69,-0.01,0.03,0.0
0.02,-4.46,1.65,-0.01,0.03,0.0
0.04,-4.44,1.67,-0.01,0.03,0.0
0.04,-4.48,1.67,-0.01,0.03,-0.0
0.02,-4.46,1.76,-0.01,0.03,0.0
0.06,-4.5,1.69,-0.0,0.03,-0.0
0.04,-4.52,1.69,-0.0,0.03,0.0
0.02,-4.44,1.72,-0.0,0.03,0.0
0.04,-4.5,1.67,0.0,0.03,0.0
0.08,-4.48,1.7,0.0,0.03,0.0
0.1,-4.46,1.76,0.0,0.03,0.0
0.11,-4.46,1.67,0.0,0.03,0.0
0.06,-4.46,1.61,0.0,0.04,-0.0
0.1,-4.46,1.7,0.0,0.03,0.0
0.06,-4.48,1.69,0.0,0.03,0.0
0.08,-4.44,1.67,0.0,0.03,0.0
0.06,-4.42,1.74,0.0,0.03,0.0
0.08,-4.5,1.67,0.0,0.03,0.0
0.06,-4.44,1.69,0.0,0.03,0.0
0.0,-4.44,1.65,0.0,0.03,0.0
0.08,-4.42,1.67,0.0,0.03,0.0
0.04,-4.5,1.76,0.0,0.03,0.0
0.02,-4.39,1.76,0.0,0.03,0.0
0.08,-4.48,1.72,0.01,0.03,0.0
0.04,-4.46,1.74,0.01,0.03,0.0
0.02,-4.44,1.69,0.01,0.03,0.0
0.02,-4.44,1.61,0.01,0.03,0.0
0.0,-4.44,1.7,0.01,0.03,0.0
0.02,-4.41,1.69,0.0,0.03,0.0
0.08,-4.44,1.74,0.01,0.03,0.0
0.1,-4.46,1.72,0.01,0.03,0.0
0.08,-4.42,1.7,0.0,0.03,0.0
0.11,-4.42,1.69,0.0,0.03,0.0
0.1,-4.44,1.7,0.0,0.03,0.0
0.06,-4.42,1.67,0.01,0.03,0.0
0.1,-4.37,1.65,0.0,0.03,-0.0
-0.02,-4.37,1.7,0.0,0.03,-0.0
0.06,-4.39,1.7,0.0,0.03,-0.0
0.0,-4.37,1.7,-0.0,0.03,-0.0
0.08,-4.42,1.8,-0.01,0.03,-0.0
0.08,-4.42,1.76,-0.01,0.03,-0.0
0.04,-4.44,1.8,-0.01,0.03,-0.0
0.06,-4.5,1.76,-0.01,0.03,-0.0
0.02,-4.41,1.69,-0.01,0.03,-0.0
0.02,-4.46,1.72,-0.0,0.03,-0.0
0.04,-4.46,1.74,-0.0,0.03,-0.0
0.04,-4.44,1.76,0.0,0.03,-0.0
0.1,-4.44,1.65,0.0,0.03,-0.0
0.06,-4.41,1.72,0.0,0.03,0.0
0.1,-4.44,1.7,0.0,0.03,0.0
0.08,-4.42,1.7,0.01,0.03,0.0
0.08,-4.44,1.74,0.0,0.03,0.0
0.04,-4.42,1.72,0.0,0.04,0.0
0.08,-4.46,1.74,0.0,0.04,0.0
0.04,-4.44,1.74,0.0,0.04,0.0
0.08,-4.48,1.72,0.01,0.04,0.0
0.08,-4.48,1.65,0.01,0.04,0.0
0.04,-4.46,1.76,0.01,0.04,0.0
0.04,-4.48,1.8,0.01,0.03,0.0
0.06,-4.48,1.65,0.01,0.03,0.0
0.04,-4.39,1.7,0.01,0.03,0.0
0.06,-4.42,1.72,0.01,0.03,0.0
0.06,-4.44,1.69,0.0,0.03,0.0
0.02,-4.41,1.7,0.0,0.03,0.0
0.0,-4.42,1.67,0.0,0.03,0.0
0.02,-4.42,1.72,0.0,0.03,0.0
0.04,-4.42,1.69,-0.0,0.03,0.0
0.0,-4.44,1.69,-0.0,0.03,0.0
0.04,-4.42,1.69,-0.0,0.03,0.0
0.06,-4.46,1.69,-0.0,0.03,0.0
0.06,-4.42,1.7,-0.01,0.03,0.0
0.02,-4.44,1.69,-0.0,0.03,0.0
-0.02,-4.42,1.65,-0.0,0.03,0.0
0.08,-4.5,1.82,-0.0,0.02,0.0
0.0,-4.39,1.76,0.0,0.03,0.0
0.08,-4.41,1.67,0.0,0.03,0.0
0.04,-4.42,1.76,0.01,0.03,0.0
0.04,-4.39,1.74,0.01,0.03,0.0
0.1,-4.42,1.69,0.01,0.03,0.0
0.04,-4.41,1.69,0.01,0.03,-0.0
0.06,-4.46,1.69,0.01,0.03,-0.0
0.06,-4.42,1.72,0.0,0.03,-0.0
0.02,-4.42,1.72,0.0,0.03,-0.0
0.06,-4.42,1.76,-0.0,0.03,-0.0
0.11,-4.48,1.74,-0.0,0.03,-0.0
0.04,-4.44,1.78,-0.0,0.03,-0.0
0.04,-4.37,1.72,-0.0,0.03,-0.0
0.08,-4.41,1.8,-0.0,0.03,-0.0
0.06,-4.44,1.67,-0.0,0.03,-0.0
0.08,-4.42,1.78,-0.0,0.03,-0.0
0.02,-4.42,1.74,-0.0,0.03,-0.0
-0.04,-4.37,1.7,-0.0,0.03,-0.0
0.0,-4.41,1.7,-0.0,0.03,-0.0
0.04,-4.42,1.67,-0.0,0.03,-0.0
0.06,-4.42,1.59,-0.0,0.03,0.0
0.04,-4.46,1.82,-0.0,0.03,0.0
0.04,-4.39,1.72,-0.0,0.03,0.0
0.06,-4.41,1.74,-0.0,0.03,0.0
0.06,-4.44,1.72,-0.0,0.03,0.0
0.11,-4.41,1.74,-0.0,0.03,0.0
0.04,-4.39,1.76,-0.0,0.03,0.0
0.08,-4.44,1.8,-0.0,0.03,0.0
0.08,-4.41,1.74,-0.0,0.03,0.0
0.06,-4.42,1.76,-0.0,0.03,-0.0
0.08,-4.42,1.76,-0.0,0.03,-0.0
0.06,-4.41,1.74,-0.0,0.03,-0.0
0.06,-4.39,1.78,-0.0,0.03,-0.0
0.02,-4.42,1.7,-0.0,0.03,-0.0
0.04,-4.44,1.7,-0.0,0.03,-0.0
0.04,-4.48,1.76,-0.0,0.03,-0.0
0.04,-4.42,1.67,-0.01,0.03,-0.0
0.04,-4.44,1.8,-0.01,0.03,-0.0
0.02,-4.39,1.8,-0.01,0.03,-0.0
0.04,-4.46,1.76,-0.0,0.03,-0.0
0.06,-4.41,1.69,-0.01,0.03,-0.0
0.02,-4.42,1.69,-0.01,0.03,-0.0
0.06,-4.42,1.72,-0.0,0.03,-0.0
0.02,-4.42,1.7,-0.01,0.03,-0.0
0.04,-4.39,1.78,-0.0,0.03,-0.0
0.06,-4.42,1.7,-0.0,0.03,-0.0
0.06,-4.41,1.76,-0.0,0.03,-0.0
0.06,-4.41,1.72,-0.0,0.03,-0.0
0.02,-4.37,1.72,-0.0,0.03,-0.0
0.08,-4.39,1.72,-0.0,0.03,-0.0
0.02,-4.41,1.72,-0.01,0.03,-0.0
0.04,-4.46,1.72,-0.01,0.04,-0.0
0.04,-4.42,1.74,-0.01,0.04,0.0
0.08,-4.41,1.69,-0.01,0.04,-0.0
0.02,-4.37,1.84,-0.01,0.04,0.0
0.08,-4.42,1.76,-0.01,0.03,0.0
0.02,-4.44,1.72,-0.01,0.03,0.0
0.04,-4.41,1.78,-0.01,0.03,-0.0
0.0,-4.44,1.74,-0.01,0.03,-0.0
0.04,-4.46,1.72,-0.01,0.03,-0.0
0.02,-4.41,1.69,-0.01,0.03,-0.0
0.04,-4.37,1.78,-0.01,0.03,-0.0
0.04,-4.42,1.7,-0.01,0.03,-0.0
0.04,-4.44,1.78,-0.01,0.03,-0.0
0.02,-4.41,1.78,-0.01,0.03,-0.0
0.04,-4.41,1.7,-0.01,0.03,-0.0
0.02,-4.42,1.76,-0.01,0.04,-0.0
0.06,-4.44,1.76,-0.01,0.04,-0.0
0.08,-4.39,1.78,-0.01,0.04,0.0
0.08,-4.42,1.8,-0.01,0.03,-0.0
0.08,-4.42,1.76,-0.01,0.03,0.0
0.08,-4.44,1.72,-0.01,0.03,-0.0
0.11,-4.48,1.74,-0.01,0.03,0.0
0.06,-4.44,1.76,-0.01,0.03,-0.0
0.06,-4.41,1.72,-0.01,0.03,0.0
0.0,-4.42,1.76,-0.01,0.03,-0.0
-0.02,-4.39,1.69,-0.01,0.03,-0.0
0.0,-4.42,1.74,-0.01,0.03,-0.0
0.08,-4.46,1.78,-0.01,0.03,-0.0
0.1,-4.42,1.67,-0.01,0.03,-0.0
0.06,-4.44,1.67,-0.01,0.03,-0.0
0.1,-4.42,1.67,-0.01,0.03,-0.0
0.08,-4.44,1.74,-0.01,0.03,-0.0
0.08,-4.41,1.74,-0.01,0.03,-0.0
0.08,-4.44,1.74,-0.01,0.03,-0.0
0.1,-4.52,1.86,-0.01,0.03,-0.0
0.04,-4.5,1.78,-0.01,0.03,0.0
0.11,-4.41,1.7,-0.01,0.03,-0.0
0.0,-4.44,1.74,-0.01,0.03,-0.0
0.06,-4.42,1.74,-0.01,0.03,-0.0
0.02,-4.44,1.76,-0.01,0.03,-0.0
-0.02,-4.5,1.7,-0.01,0.03,-0.01
0.0,-4.44,1.72,-0.0,0.03,-0.0
0.0,-4.44,1.74,-0.01,0.03,-0.01
0.04,-4.44,1.7,-0.01,0.03,-0.0
0.04,-4.44,1.78,-0.01,0.03,-0.01
0.02,-4.42,1.7,-0.01,0.03,-0.0
0.06,-4.42,1.72,-0.01,0.04,-0.0
0.02,-4.39,1.69,-0.01,0.04,-0.0
0.02,-4.44,1.76,-0.01,0.04,-0.0
0.06,-4.44,1.76,-0.01,0.04,-0.0
0.11,-4.46,1.65,-0.01,0.04,-0.0
0.15,-4.46,1.7,-0.0,0.04,0.0
0.17,-4.48,1.69,-0.0,0.04,0.0
0.11,-4.42,1.72,-0.0,0.04,0.0
0.17,-4.48,1.67,-0.0,0.04,-0.0
0.17,-4.5,1.8,0.0,0.04,-0.0
0.15,-4.48,1.72,0.0,0.04,-0.0
0.1,-4.48,1.72,0.0,0.04,-0.0
0.04,-4.44,1.76,0.0,0.04,-0.01
0.06,-4.48,1.76,0.01,0.04,-0.0
0.04,-4.48,1.65,0.01,0.04,-0.01
0.06,-4.46,1.82,0.01,0.04,-0.0
0.08,-4.44,1.7,0.01,0.04,-0.01
0.08,-4.48,1.78,0.01,0.04,-0.0
0.02,-4.44,1.69,0.01,0.04,-0.0
0.08,-4.42,1.76,0.01,0.04,-0.0
0.0,-4.39,1.7,0.01,0.04,-0.0
0.0,-4.33,1.69,0.01,0.04,-0.0
-0.02,-4.35,1.65,0.01,0.04,-0.0
0.0,-4.42,1.7,0.01,0.04,-0.0
0.08,-4.46,1.72,0.01,0.03,-0.0
0.0,-4.42,1.69,0.01,0.03,-0.0
0.06,-4.41,1.74,0.01,0.03,-0.0
0.0,-4.42,1.82,0.01,0.04,0.0
0.1,-4.41,1.74,0.0,0.04,-0.0
0.02,-4.41,1.69,0.0,0.04,-0.0
0.0,-4.37,1.74,0.0,0.04,-0.0
0.02,-4.48,1.72,0.01,0.04,-0.0
0.04,-4.5,1.7,0.01,0.04,-0.01
0.04,-4.46,1.65,0.01,0.04,-0.01
0.06,-4.48,1.82,0.01,0.04,-0.01
-0.02,-4.42,1.74,0.0,0.04,-0.01
0.0,-4.41,1.74,0.0,0.03,-0.01
0.02,-4.39,1.78,0.0,0.03,-0.01
0.0,-4.41,1.76,0.0,0.03,-0.02
-0.02,-4.52,1.7,0.0,0.03,-0.02
-0.02,-4.5,1.72,0.0,0.03,-0.02
-0.06,-4.46,1.72,-0.0,0.03,-0.02
-0.06,-4.46,1.78,-0.0,0.03,-0.02
-0.06,-4.42,1.76,-0.0,0.03,-0.02
-0.06,-4.48,1.76,-0.0,0.03,-0.02
-0.1,-4.41,1.72,-0.0,0.03,-0.02
0.0,-4.44,1.78,0.0,0.02,-0.02
-0.04,-4.42,1.8,0.0,0.02,-0.02
0.0,-4.46,1.72,0.0,0.02,-0.02
-0.06,-4.39,1.84,-0.0,0.02,-0.02
-0.02,-4.44,1.72,-0.0,0.02,-0.02
0.02,-4.41,1.74,-0.0,0.02,-0.02
-0.04,-4.44,1.67,-0.0,0.02,-0.02
-0.06,-4.37,1.69,-0.0,0.02,-0.02
0.02,-4.41,1.69,0.0,0.03,-0.02
0.06,-4.42,1.69,0.0,0.03,-0.02
0.08,-4.37,1.67,-0.0,0.03,-0.02
0.04,-4.44,1.72,-0.0,0.03,-0.01
0.06,-4.46,1.78,-0.01,0.03,-0.01
0.04,-4.44,1.72,-0.01,0.02,-0.01
0.06,-4.39,1.76,-0.01,0.02,-0.01
0.06,-4.46,1.78,-0.01,0.02,-0.01
0.1,-4.39,1.82,-0.01,0.02,-0.01
0.11,-4.41,1.82,-0.0,0.02,-0.0
0.17,-4.39,1.78,-0.0,0.02,-0.01
0.21,-4.37,1.78,-0.0,0.03,-0.0
0.23,-4.37,1.72,-0.01,0.03,-0.01
0.21,-4.37,1.76,-0.01,0.03,-0.01
0.21,-4.39,1.84,-0.01,0.03,-0.01
0.21,-4.33,1.78,-0.02,0.03,-0.01
0.19,-4.31,1.74,-0.02,0.03,-0.01
0.15,-4.35,1.78,-0.02,0.03,-0.01
0.23,-4.37,1.8,-0.02,0.03,-0.02
0.13,-4.37,1.8,-0.03,0.03,-0.02
0.1,-4.33,1.76,-0.03,0.03,-0.02
0.13,-4.35,1.74,-0.03,0.03,-0.02
0.1,-4.39,1.78,-0.03,0.03,-0.02
0.08,-4.37,1.65,-0.03,0.03,-0.02
0.02,-4.39,1.72,-0.04,0.03,-0.02
0.06,-4.39,1.72,-0.04,0.03,-0.02
0.08,-4.42,1.82,-0.04,0.03,-0.02
0.04,-4.41,1.74,-0.04,0.03,-0.02
0.06,-4.39,1.78,-0.04,0.03,-0.02
-0.04,-4.35,1.65,-0.05,0.03,-0.02
0.04,-4.39,1.72,-0.05,0.03,-0.02
0.06,-4.35,1.69,-0.05,0.03,-0.02
0.08,-4.41,1.7,-0.05,0.03,-0.03
0.1,-4.46,1.65,-0.05,0.03,-0.03
0.06,-4.39,1.74,-0.05,0.03,-0.03
0.1,-4.41,1.7,-0.04,0.04,-0.03
0.15,-4.39,1.69,-0.04,0.04,-0.03
0.11,-4.39,1.7,-0.04,0.04,-0.03
0.11,-4.35,1.72,-0.04,0.04,-0.03
0.11,-4.39,1.8,-0.04,0.04,-0.03
0.08,-4.41,1.69,-0.04,0.04,-0.04
0.06,-4.39,1.72,-0.04,0.03,-0.04
0.04,-4.46,1.74,-0.05,0.03,-0.04
0.06,-4.42,1.61,-0.05,0.03,-0.04
0.08,-4.48,1.67,-0.05,0.03,-0.04
0.02,-4.37,1.7,-0.05,0.03,-0.04
0.0,-4.41,1.69,-0.04,0.03,-0.04
-0.02,-4.35,1.67,-0.05,0.03,-0.04
-0.04,-4.41,1.65,-0.05,0.03,-0.04
-0.06,-4.41,1.61,-0.05,0.03,-0.04
-0.04,-4.42,1.67,-0.06,0.03,-0.04
-0.1,-4.41,1.69,-0.06,0.03,-0.04
-0.06,-4.44,1.63,-0.06,0.02,-0.04
-0.1,-4.42,1.63,-0.07,0.02,-0.04
-0.06,-4.5,1.67,-0.06,0.02,-0.04
-0.02,-4.52,1.65,-0.06,0.02,-0.04
0.0,-4.42,1.74,-0.06,0.02,-0.04
0.0,-4.48,1.7,-0.05,0.01,-0.04
0.06,-4.42,1.69,-0.05,0.01,-0.04
0.1,-4.42,1.63,-0.05,0.01,-0.04
0.06,-4.44,1.67,-0.05,0.0,-0.04
0.17,-4.44,1.72,-0.05,0.0,-0.04
0.15,-4.46,1.69,-0.05,0.0,-0.04
0.17,-4.39,1.67,-0.05,0.0,-0.05
0.15,-4.41,1.57,-0.05,0.0,-0.05
0.21,-4.44,1.61,-0.05,0.01,-0.05
0.23,-4.39,1.65,-0.05,0.01,-0.06
0.21,-4.42,1.61,-0.05,0.01,-0.06
0.19,-4.41,1.67,-0.05,0.02,-0.06
0.19,-4.37,1.65,-0.05,0.02,-0.06
0.17,-4.39,1.61,-0.05,0.02,-0.06
0.23,-4.35,1.67,-0.05,0.02,-0.06
0.21,-4.39,1.65,-0.06,0.01,-0.06
0.25,-4.41,1.65,-0.06,0.02,-0.06
0.11,-4.37,1.63,-0.07,0.02,-0.06
0.23,-4.41,1.63,-0.07,0.02,-0.06
0.25,-4.41,1.55,-0.07,0.03,-0.06
0.25,-4.5,1.63,-0.08,0.03,-0.05
0.25,-4.46,1.61,-0.08,0.03,-0.05
0.29,-4.5,1.57,-0.07,0.03,-0.05
0.31,-4.58,1.65,-0.07,0.03,-0.05
0.34,-4.56,1.65,-0.07,0.03,-0.05
0.4,-4.58,1.59,-0.07,0.04,-0.05
0.4,-4.62,1.72,-0.07,0.04,-0.05
0.36,-4.5,1.59,-0.06,0.04,-0.06
0.44,-4.48,1.65,-0.06,0.04,-0.06
0.4,-4.46,1.63,-0.06,0.05,-0.06
0.44,-4.5,1.67,-0.06,0.04,-0.06
0.46,-4.44,1.53,-0.06,0.04,-0.07
0.5,-4.39,1.55,-0.06,0.04,-0.07
0.46,-4.44,1.55,-0.06,0.05,-0.07
0.38,-4.42,1.53,-0.06,0.05,-0.08
0.38,-4.46,1.55,-0.07,0.05,-0.08
0.38,-4.42,1.55,-0.07,0.06,-0.08
0.31,-4.44,1.55,-0.07,0.06,-0.08
0.31,-4.39,1.59,-0.07,0.06,-0.08
0.31,-4.41,1.59,-0.08,0.06,-0.09
0.23,-4.42,1.57,-0.08,0.05,-0.09
0.21,-4.46,1.61,-0.08,0.05,-0.09
0.23,-4.44,1.55,-0.08,0.06,-0.09
0.17,-4.5,1.46,-0.08,0.06,-0.09
0.21,-4.52,1.51,-0.08,0.06,-0.09
0.17,-4.54,1.46,-0.08,0.06,-0.09
0.19,-4.52,1.51,-0.08,0.06,-0.09
0.25,-4.56,1.57,-0.08,0.06,-0.09
0.17,-4.54,1.57,-0.07,0.06,-0.09
0.17,-4.54,1.59,-0.07,0.05,-0.09
0.15,-4.5,1.65,-0.07,0.05,-0.09
0.19,-4.52,1.44,-0.07,0.05,-0.09
0.25,-4.58,1.47,-0.07,0.05,-0.1
0.23,-4.52,1.49,-0.07,0.05,-0.1
0.31,-4.62,1.55,-0.07,0.05,-0.1
0.29,-4.62,1.61,-0.07,0.06,-0.1
0.38,-4.64,1.65,-0.06,0.06,-0.1
0.36,-4.58,1.59,-0.06,0.05,-0.11
0.33,-4.64,1.55,-0.06,0.05,-0.11
0.34,-4.58,1.57,-0.05,0.05,-0.11
0.38,-4.64,1.44,-0.05,0.05,-0.11
0.36,-4.62,1.53,-0.06,0.05,-0.12
0.29,-4.6,1.55,-0.06,0.05,-0.12
0.23,-4.6,1.49,-0.06,0.05,-0.12
0.29,-4.64,1.46,-0.06,0.05,-0.12
0.25,-4.65,1.42,-0.06,0.05,-0.12
0.34,-4.67,1.47,-0.06,0.05,-0.12
0.29,-4.6,1.51,-0.06,0.05,-0.12
0.27,-4.65,1.51,-0.05,0.04,-0.11
0.25,-4.65,1.47,-0.04,0.04,-0.11
0.31,-4.67,1.42,-0.03,0.04,-0.11
0.27,-4.69,1.47,-0.03,0.04,-0.11
0.27,-4.67,1.47,-0.02,0.04,-0.11
0.25,-4.69,1.47,-0.02,0.03,-0.11
0.29,-4.73,1.55,-0.02,0.02,-0.12
0.23,-4.69,1.51,-0.01,0.01,-0.12
0.21,-4.65,1.51,-0.01,0.01,-0.12
0.27,-4.62,1.53,-0.01,0.0,-0.12
0.34,-4.58,1.51,-0.0,-0.0,-0.13
0.33,-4.56,1.49,-0.0,-0.0,-0.13
0.34,-4.52,1.47,-0.0,-0.0,-0.13
0.42,-4.46,1.42,-0.0,-0.0,-0.13
0.38,-4.46,1.46,-0.01,-0.0,-0.13
0.38,-4.42,1.49,-0.01,-0.0,-0.13
0.44,-4.42,1.57,-0.01,-0.01,-0.13
0.42,-4.41,1.47,-0.02,-0.01,-0.13
0.44,-4.39,1.46,-0.03,-0.01,-0.13
0.52,-4.56,1.53,-0.03,-0.01,-0.13
0.5,-4.52,1.49,-0.04,-0.01,-0.13
0.46,-4.52,1.51,-0.04,-0.01,-0.14
0.52,-4.58,1.51,-0.04,-0.01,-0.14
0.48,-4.58,1.53,-0.04,-0.01,-0.14
0.46,-4.54,1.47,-0.04,-0.01,-0.14
0.56,-4.6,1.55,-0.04,-0.01,-0.14
0.57,-4.62,1.47,-0.04,-0.02,-0.15
0.57,-4.67,1.49,-0.03,-0.02,-0.15
0.56,-4.62,1.44,-0.03,-0.02,-0.15
0.59,-4.67,1.47,-0.03,-0.03,-0.16
0.56,-4.69,1.55,-0.02,-0.03,-0.16
0.56,-4.64,1.51,-0.02,-0.03,-0.17
0.52,-4.62,1.51,-0.01,-0.04,-0.17
0.59,-4.62,1.53,-0.01,-0.04,-0.17
0.65,-4.62,1.51,-0.01,-0.04,-0.17
0.61,-4.58,1.57,-0.01,-0.04,-0.18
0.56,-4.52,1.47,-0.01,-0.04,-0.18
0.57,-4.48,1.47,-0.01,-0.05,-0.18
0.67,-4.52,1.47,-0.01,-0.05,-0.18
0.61,-4.48,1.46,-0.02,-0.06,-0.18
0.65,-4.48,1.47,-0.02,-0.06,-0.19
0.59,-4.46,1.49,-0.02,-0.07,-0.19
0.59,-4.48,1.47,-0.02,-0.07,-0.19
0.63,-4.46,1.44,-0.02,-0.07,-0.2
0.69,-4.44,1.51,-0.02,-0.07,-0.2
0.61,-4.48,1.46,-0.02,-0.07,-0.2
0.79,-4.52,1.47,-0.02,-0.07,-0.2
0.79,-4.5,1.47,-0.02,-0.07,-0.2
0.75,-4.48,1.4,-0.02,-0.07,-0.2
0.79,-4.52,1.44,-0.02,-0.08,-0.2
0.82,-4.52,1.47,-0.02,-0.08,-0.2
0.84,-4.52,1.49,-0.02,-0.08,-0.2
0.77,-4.48,1.42,-0.02,-0.09,-0.21
0.8,-4.54,1.46,-0.01,-0.09,-0.21
0.77,-4.54,1.4,-0.01,-0.09,-0.21
0.75,-4.5,1.44,-0.0,-0.09,-0.21
0.79,-4.54,1.49,0.0,-0.09,-0.21
0.73,-4.56,1.49,0.01,-0.09,-0.21
0.77,-4.5,1.44,0.01,-0.09,-0.21
0.77,-4.48,1.42,0.01,-0.09,-0.21
0.79,-4.52,1.42,0.02,-0.09,-0.21
0.8,-4.52,1.4,0.02,-0.09,-0.21
0.75,-4.44,1.42,0.02,-0.09,-0.21
0.84,-4.48,1.44,0.02,-0.1,-0.21
0.82,-4.39,1.4,0.02,-0.11,-0.21
0.84,-4.37,1.44,0.01,-0.11,-0.2
0.88,-4.37,1.46,0.01,-0.12,-0.2
0.94,-4.39,1.38,0.0,-0.13,-0.19
0.96,-4.39,1.42,0.0,-0.13,-0.19
1.02,-4.42,1.47,0.0,-0.13,-0.19
1.03,-4.42,1.53,0.0,-0.14,-0.19
1.02,-4.42,1.46,0.01,-0.14,-0.18
1.02,-4.39,1.47,0.01,-0.14,-0.18
1.05,-4.37,1.49,0.02,-0.14,-0.18
1.09,-4.41,1.47,0.03,-0.14,-0.18
1.09,-4.35,1.47,0.03,-0.13,-0.17
1.15,-4.41,1.44,0.04,-0.13,-0.17
1.21,-4.27,1.42,0.04,-0.13,-0.17
1.28,-4.35,1.38,0.04,-0.13,-0.17
1.28,-4.29,1.42,0.03,-0.13,-0.17
1.24,-4.25,1.59,0.03,-0.13,-0.17
1.28,-4.25,1.51,0.02,-0.13,-0.17
1.28,-4.19,1.49,0.01,-0.13,-0.17
1.32,-4.23,1.44,0.0,-0.13,-0.16
1.26,-4.18,1.47,-0.01,-0.13,-0.16
1.24,-4.23,1.47,-0.02,-0.13,-0.16
1.24,-4.31,1.51,-0.04,-0.13,-0.15
1.24,-4.25,1.51,-0.05,-0.13,-0.15
1.24,-4.37,1.46,-0.06,-0.14,-0.15
1.26,-4.41,1.53,-0.05,-0.14,-0.14
1.38,-4.48,1.47,-0.05,-0.14,-0.15
1.36,-4.46,1.49,-0.04,-0.14,-0.15
1.36,-4.44,1.4,-0.03,-0.15,-0.15
1.4,-4.42,1.46,-0.02,-0.15,-0.15
1.47,-4.39,1.42,-0.01,-0.16,-0.16
1.51,-4.25,1.44,0.0,-0.17,-0.16
1.57,-4.19,1.46,0.01,-0.18,-0.16
1.57,-4.18,1.47,0.01,-0.19,-0.16
1.69,-4.18,1.38,0.0,-0.19,-0.16
1.78,-4.19,1.44,-0.0,-0.19,-0.16
1.82,-4.25,1.4,-0.0,-0.19,-0.16
1.88,-4.25,1.4,-0.0,-0.19,-0.17
1.86,-4.19,1.34,-0.0,-0.18,-0.17
1.74,-4.19,1.38,-0.0,-0.18,-0.17
1.76,-4.19,1.34,-0.01,-0.17,-0.17
1.72,-4.29,1.38,-0.01,-0.17,-0.17
1.72,-4.33,1.4,-0.01,-0.17,-0.18
1.69,-4.25,1.34,-0.01,-0.17,-0.18
1.69,-4.35,1.28,-0.0,-0.16,-0.18
1.7,-4.33,1.32,0.01,-0.15,-0.18
1.67,-4.31,1.4,0.01,-0.15,-0.19
1.74,-4.31,1.44,0.02,-0.14,-0.19
1.67,-4.25,1.34,0.02,-0.14,-0.19
1.7,-4.23,1.4,0.03,-0.14,-0.2
1.72,-4.21,1.38,0.03,-0.13,-0.2
1.78,-4.16,1.4,0.03,-0.13,-0.2
1.8,-4.25,1.38,0.03,-0.13,-0.2
1.84,-4.12,1.4,0.02,-0.12,-0.2
1.93,-4.08,1.38,0.02,-0.12,-0.21
1.92,-4.12,1.36,0.02,-0.12,-0.21
1.95,-4.16,1.34,0.02,-0.11,-0.21
1.97,-4.1,1.38,0.01,-0.11,-0.21
1.95,-4.08,1.38,0.01,-0.11,-0.21
1.95,-4.14,1.4,0.01,-0.1,-0.21
2.07,-4.14,1.36,0.0,-0.1,-0.21
1.99,-4.1,1.38,-0.0,-0.09,-0.21
1.97,-4.12,1.4,-0.01,-0.09,-0.22
1.97,-4.08,1.32,-0.01,-0.08,-0.22
1.93,-4.18,1.36,-0.01,-0.08,-0.22
1.92,-4.16,1.36,-0.02,-0.07,-0.22
1.88,-4.14,1.24,-0.02,-0.07,-0.22
1.95,-4.16,1.21,-0.01,-0.07,-0.22
1.93,-4.12,1.3,-0.01,-0.06,-0.22
1.9,-4.16,1.24,-0.01,-0.06,-0.22
1.88,-4.08,1.26,-0.01,-0.06,-0.22
1.86,-4.1,1.3,-0.01,-0.07,-0.21
1.9,-4.14,1.3,-0.01,-0.07,-0.21
1.92,-4.12,1.3,-0.02,-0.07,-0.21
1.97,-4.12,1.34,-0.02,-0.07,-0.21
1.92,-4.08,1.3,-0.02,-0.07,-0.21
1.88,-4.08,1.26,-0.03,-0.08,-0.21
1.97,-4.19,1.28,-0.03,-0.08,-0.21
1.93,-4.14,1.26,-0.04,-0.08,-0.21
1.97,-4.1,1.3,-0.04,-0.08,-0.2
2.01,-4.16,1.3,-0.03,-0.08,-0.2
2.09,-4.25,1.34,-0.03,-0.08,-0.19
2.11,-4.16,1.34,-0.03,-0.07,-0.19
2.09,-4.29,1.3,-0.02,-0.08,-0.19
2.01,-4.23,1.34,-0.02,-0.08,-0.19
2.01,-4.31,1.34,-0.02,-0.08,-0.18
1.88,-4.33,1.32,-0.02,-0.09,-0.18
1.88,-4.31,1.3,-0.02,-0.09,-0.17
1.84,-4.35,1.32,-0.01,-0.1,-0.17
1.9,-4.33,1.34,-0.01,-0.1,-0.17
1.84,-4.31,1.3,-0.01,-0.11,-0.16
1.86,-4.27,1.3,-0.0,-0.12,-0.16
1.93,-4.33,1.26,0.01,-0.12,-0.15
1.92,-4.27,1.21,0.02,-0.13,-0.15
1.93,-4.19,1.26,0.03,-0.14,-0.15
2.01,-4.21,1.21,0.04,-0.15,-0.14
2.09,-4.12,1.19,0.05,-0.15,-0.14
2.09,-4.08,1.19,0.05,-0.16,-0.14
2.13,-4.1,1.13,0.06,-0.16,-0.14
2.16,-3.96,1.05,0.07,-0.16,-0.14
2.34,-4.04,1.11,0.07,-0.16,-0.13
2.45,-3.95,1.07,0.07,-0.15,-0.13
2.47,-4.0,1.11,0.07,-0.14,-0.13
2.55,-4.0,1.11,0.06,-0.13,-0.13
2.51,-3.98,0.94,0.06,-0.13,-0.13
2.64,-4.02,1.23,0.05,-0.12,-0.13
2.64,-3.98,1.19,0.04,-0.11,-0.14
2.66,-3.95,1.17,0.04,-0.11,-0.15
2.68,-3.91,1.21,0.03,-0.11,-0.16
2.74,-3.91,1.11,0.02,-0.11,-0.16
2.7,-3.93,1.17,0.01,-0.11,-0.18
2.62,-3.91,1.19,0.0,-0.11,-0.18
2.66,-3.91,1.07,-0.01,-0.1,-0.19
2.59,-3.83,1.02,-0.01,-0.1,-0.19
2.57,-3.83,1.05,-0.02,-0.09,-0.2
2.55,-3.79,1.03,-0.03,-0.09,-0.2
2.66,-3.87,1.05,-0.03,-0.08,-0.21
2.51,-3.85,1.07,-0.04,-0.08,-0.21
2.66,-3.87,1.05,-0.04,-0.07,-0.21
2.59,-3.83,1.11,-0.03,-0.07,-0.22
2.57,-3.79,1.03,-0.03,-0.07,-0.22
2.6,-3.75,1.03,-0.03,-0.07,-0.22
2.6,-3.73,1.02,-0.03,-0.07,-0.22
2.59,-3.75,0.96,-0.03,-0.06,-0.22
2.68,-3.79,1.11,-0.04,-0.06,-0.22
2.8,-3.75,1.03,-0.04,-0.06,-0.21
2.76,-3.77,1.02,-0.06,-0.05,-0.21
2.76,-3.79,1.07,-0.07,-0.04,-0.21
2.8,-3.87,1.13,-0.08,-0.03,-0.21
2.7,-3.91,1.09,-0.08,-0.02,-0.21
2.72,-3.93,1.05,-0.09,-0.02,-0.22
2.78,-3.96,1.05,-0.09,-0.02,-0.22
2.64,-4.04,1.11,-0.09,-0.01,-0.23
2.66,-4.02,1.07,-0.09,-0.0,-0.23
2.66,-4.08,0.98,-0.07,-0.0,-0.24
2.68,-4.14,1.02,-0.06,0.0,-0.24
2.6,-4.14,0.9,-0.04,0.0,-0.25
2.62,-4.02,1.0,-0.03,-0.01,-0.25
2.66,-3.96,1.05,-0.02,-0.01,-0.26
2.74,-3.83,1.11,-0.01,-0.02,-0.26
2.74,-3.77,0.96,-0.0,-0.03,-0.26
2.8,-3.73,1.09,-0.01,-0.03,-0.26
2.87,-3.7,1.11,-0.01,-0.02,-0.25
2.87,-3.72,1.03,-0.02,-0.01,-0.25
2.95,-3.7,1.03,-0.03,-0.01,-0.25
2.95,-3.72,1.02,-0.04,-0.0,-0.25
2.95,-3.68,1.02,-0.05,0.0,-0.26
2.97,-3.72,1.05,-0.06,0.01,-0.26
2.89,-3.7,1.0,-0.07,0.01,-0.26
2.99,-3.83,1.05,-0.07,0.01,-0.27
2.85,-3.81,1.07,-0.07,0.02,-0.27
2.91,-3.87,1.02,-0.08,0.02,-0.28
2.87,-3.95,0.98,-0.07,0.03,-0.28
2.89,-4.0,0.98,-0.07,0.03,-0.28
2.87,-4.0,1.03,-0.06,0.04,-0.29
2.91,-3.96,1.02,-0.06,0.04,-0.3
2.89,-3.91,1.02,-0.05,0.04,-0.3
2.95,-3.89,1.13,-0.05,0.04,-0.31
2.93,-3.83,1.13,-0.05,0.04,-0.31
2.83,-3.7,1.19,-0.05,0.04,-0.32
2.8,-3.73,1.13,-0.05,0.04,-0.32
2.8,-3.64,1.21,-0.06,0.04,-0.32
2.78,-3.52,1.05,-0.06,0.04,-0.32
2.82,-3.54,1.02,-0.06,0.04,-0.31
2.82,-3.52,1.05,-0.06,0.04,-0.31
2.87,-3.49,1.07,-0.07,0.03,-0.31
2.83,-3.54,1.11,-0.08,0.03,-0.3
2.83,-3.56,1.05,-0.09,0.02,-0.3
2.87,-3.64,0.98,-0.09,0.02,-0.3
2.93,-3.7,1.05,-0.09,0.02,-0.29
2.95,-3.73,1.19,-0.09,0.02,-0.29
2.87,-3.73,1.3,-0.1,0.01,-0.29
2.85,-3.75,1.3,-0.1,0.0,-0.29
2.91,-3.75,1.3,-0.1,-0.01,-0.29
2.89,-3.77,1.28,-0.1,-0.01,-0.29
2.91,-3.73,1.17,-0.1,-0.02,-0.29
3.05,-3.7,1.09,-0.09,-0.02,-0.3
3.16,-3.64,1.05,-0.09,-0.02,-0.3
3.26,-3.54,1.07,-0.08,-0.02,-0.3
3.35,-3.54,1.02,-0.08,-0.02,-0.3
3.45,-3.56,0.98,-0.08,-0.01,-0.31
3.45,-3.39,1.05,-0.07,-0.01,-0.31
3.43,-3.37,0.98,-0.08,-0.01,-0.31
3.43,-3.33,1.07,-0.08,-0.0,-0.31
3.33,-3.31,1.07,-0.09,0.0,-0.32
3.41,-3.31,1.02,-0.1,0.01,-0.32
3.37,-3.31,0.92,-0.1,0.01,-0.32
3.39,-3.28,0.88,-0.1,0.02,-0.32
3.37,-3.29,0.75,-0.11,0.04,-0.33
3.37,-3.29,0.84,-0.11,0.05,-0.33
3.39,-3.31,0.79,-0.11,0.06,-0.33
3.39,-3.31,0.82,-0.12,0.06,-0.33
3.43,-3.37,0.92,-0.12,0.05,-0.34
3.45,-3.39,0.92,-0.12,0.05,-0.34
3.45,-3.35,0.86,-0.13,0.05,-0.34
3.45,-3.47,0.8,-0.13,0.05,-0.34
3.45,-3.43,0.9,-0.13,0.05,-0.34
3.47,-3.43,0.94,-0.14,0.05,-0.34
3.39,-3.45,1.05,-0.14,0.05,-0.34
3.37,-3.47,0.96,-0.13,0.05,-0.34
3.33,-3.43,0.82,-0.13,0.05,-0.34
3.37,-3.45,0.82,-0.12,0.05,-0.34
3.26,-3.43,0.67,-0.11,0.05,-0.34
3.29,-3.29,0.79,-0.11,0.04,-0.33
3.37,-3.35,0.77,-0.11,0.04,-0.33
3.45,-3.35,0.75,-0.11,0.03,-0.33
3.45,-3.28,0.75,-0.11,0.03,-0.33
3.51,-3.22,0.69,-0.11,0.02,-0.33
3.56,-3.2,0.73,-0.1,0.01,-0.32
3.62,-3.14,0.77,-0.1,0.01,-0.32
3.62,-3.2,0.84,-0.1,0.01,-0.32
3.68,-3.24,0.82,-0.1,0.0,-0.31
3.66,-3.16,0.73,-0.09,0.0,-0.31
3.68,-3.14,0.82,-0.09,0.0,-0.31
3.62,-3.12,0.86,-0.09,-0.0,-0.31
3.68,-3.08,0.73,-0.09,-0.0,-0.31
3.81,-3.1,0.77,-0.08,0.0,-0.3
3.85,-3.03,0.82,-0.08,0.01,-0.3
3.89,-3.06,0.79,-0.08,0.02,-0.31
3.91,-3.06,0.82,-0.08,0.02,-0.31
3.87,-2.99,0.86,-0.08,0.03,-0.31
3.83,-3.08,0.77,-0.08,0.03,-0.32
3.81,-3.01,0.79,-0.08,0.04,-0.32
3.85,-3.01,0.73,-0.07,0.04,-0.32
3.75,-2.97,0.71,-0.07,0.05,-0.32
3.73,-2.93,0.82,-0.07,0.05,-0.32
3.73,-2.93,0.82,-0.07,0.05,-0.32
3.79,-2.93,0.79,-0.07,0.05,-0.32
3.81,-2.95,0.82,-0.07,0.05,-0.32
3.77,-2.93,0.79,-0.07,0.05,-0.32
3.79,-2.87,0.82,-0.07,0.05,-0.32
3.87,-2.89,0.9,-0.08,0.06,-0.31
3.87,-2.91,0.9,-0.08,0.06,-0.31
3.87,-2.76,0.9,-0.09,0.06,-0.31
3.81,-2.82,0.77,-0.08,0.07,-0.31
3.81,-2.76,0.75,-0.08,0.07,-0.31
3.77,-2.66,0.75,-0.08,0.07,-0.31
3.83,-2.66,0.77,-0.08,0.08,-0.31
3.83,-2.66,0.8,-0.08,0.08,-0.31
3.91,-2.64,0.79,-0.08,0.07,-0.31
3.93,-2.7,0.79,-0.08,0.08,-0.31
3.95,-2.68,0.88,-0.08,0.08,-0.3
3.95,-2.74,0.73,-0.09,0.08,-0.3
4.02,-2.74,0.69,-0.09,0.08,-0.3
4.0,-2.72,0.73,-0.1,0.08,-0.31
4.02,-2.66,0.65,-0.1,0.08,-0.31
4.0,-2.57,0.71,-0.1,0.08,-0.32
3.98,-2.57,0.75,-0.11,0.08,-0.32
3.95,-2.57,0.69,-0.12,0.07,-0.33
3.98,-2.72,0.75,-0.14,0.06,-0.33
3.83,-2.59,0.75,-0.15,0.05,-0.34
3.75,-2.64,0.9,-0.16,0.04,-0.34
3.64,-2.74,0.84,-0.16,0.03,-0.33
3.52,-2.8,0.9,-0.17,0.0,-0.33
3.54,-2.83,0.9,-0.17,-0.02,-0.32
3.49,-2.83,0.86,-0.17,-0.03,-0.31
3.54,-2.87,0.82,-0.17,-0.04,-0.31
3.52,-2.87,0.82,-0.16,-0.05,-0.3
3.6,-2.83,0.82,-0.15,-0.06,-0.29
3.72,-2.82,0.84,-0.14,-0.06,-0.29
3.72,-2.68,0.79,-0.13,-0.07,-0.28
3.79,-2.64,0.77,-0.13,-0.08,-0.28
3.89,-2.66,0.73,-0.13,-0.08,-0.27
3.85,-2.6,0.71,-0.13,-0.08,-0.26
3.98,-2.64,0.84,-0.13,-0.08,-0.25
3.96,-2.62,0.8,-0.13,-0.08,-0.25
4.12,-2.62,0.73,-0.12,-0.08,-0.24
4.1,-2.55,0.75,-0.11,-0.07,-0.24
4.08,-2.53,0.77,-0.11,-0.06,-0.23
3.95,-2.51,0.79,-0.1,-0.06,-0.23
3.98,-2.47,0.75,-0.1,-0.05,-0.22
4.02,-2.47,0.69,-0.1,-0.05,-0.22
4.08,-2.53,0.69,-0.09,-0.03,-0.21
4.12,-2.51,0.71,-0.07,-0.02,-0.2
4.16,-2.53,0.73,-0.06,-0.01,-0.2
4.18,-2.49,0.71,-0.05,-0.0,-0.2
4.27,-2.43,0.73,-0.04,-0.01,-0.19
4.33,-2.39,0.67,-0.04,-0.0,-0.19
4.44,-2.38,0.75,-0.03,0.0,-0.19
4.54,-2.36,0.79,-0.03,0.01,-0.18
4.6,-2.34,0.86,-0.03,0.02,-0.18
4.6,-2.36,0.98,-0.03,0.02,-0.18
4.64,-2.45,0.86,-0.03,0.03,-0.19
4.69,-2.43,0.8,-0.02,0.03,-0.19
4.54,-2.39,0.71,-0.01,0.04,-0.2
4.48,-2.36,0.77,-0.01,0.04,-0.21
4.37,-2.32,0.8,-0.01,0.03,-0.21
4.37,-2.18,0.75,-0.02,0.02,-0.22
4.37,-2.22,0.77,-0.02,0.02,-0.22
4.33,-2.18,0.61,-0.01,0.01,-0.22
4.37,-2.15,0.5,-0.01,0.02,-0.22
4.37,-2.07,0.52,0.0,0.02,-0.22
4.41,-2.01,0.38,0.01,0.01,-0.22
4.56,-1.88,0.5,0.01,0.0,-0.22
4.54,-1.76,0.57,0.01,0.0,-0.22
4.52,-1.72,0.52,0.01,-0.0,-0.22
4.6,-1.72,0.46,0.0,-0.01,-0.23
4.62,-1.67,0.54,0.0,-0.01,-0.23
4.6,-1.72,0.46,-0.0,-0.01,-0.23
4.6,-1.74,0.52,-0.01,-0.01,-0.23
4.48,-1.74,0.59,-0.01,-0.01,-0.24
4.48,-1.92,0.59,-0.01,-0.01,-0.25
4.44,-1.93,0.44,0.01,0.0,-0.25
4.33,-1.92,0.46,0.03,0.02,-0.26
4.33,-1.9,0.4,0.05,0.03,-0.26
4.41,-1.86,0.5,0.06,0.04,-0.26
4.46,-1.7,0.59,0.06,0.04,-0.27
4.75,-1.57,0.56,0.06,0.04,-0.27
4.85,-1.42,0.57,0.06,0.05,-0.27
4.87,-1.28,0.56,0.06,0.06,-0.29
4.85,-1.19,0.5,0.05,0.07,-0.31
4.75,-1.11,0.34,0.03,0.07,-0.33
4.71,-1.11,0.34,0.0,0.07,-0.34
4.58,-1.09,0.29,-0.02,0.07,-0.36
4.62,-1.15,0.31,-0.04,0.07,-0.37
4.56,-1.21,0.33,-0.07,0.07,-0.37
4.58,-1.28,0.4,-0.08,0.07,-0.38
4.52,-1.34,0.29,-0.09,0.07,-0.38
4.44,-1.51,0.44,-0.1,0.08,-0.38
4.48,-1.59,0.38,-0.1,0.09,-0.38
4.52,-1.74,0.38,-0.1,0.1,-0.36
4.64,-1.86,0.46,-0.09,0.1,-0.36
4.69,-1.93,0.5,-0.08,0.11,-0.35
4.67,-1.82,0.46,-0.07,0.12,-0.35
4.73,-1.74,0.48,-0.06,0.13,-0.34
4.79,-1.59,0.36,-0.05,0.14,-0.34
4.81,-1.55,0.52,-0.05,0.14,-0.34
4.85,-1.49,0.5,-0.05,0.14,-0.33
4.87,-1.49,0.57,-0.05,0.14,-0.33
4.83,-1.34,0.63,-0.06,0.14,-0.33
4.79,-1.32,0.48,-0.08,0.13,-0.34
4.65,-1.32,0.44,-0.1,0.13,-0.34
4.56,-1.28,0.27,-0.11,0.13,-0.34
4.54,-1.26,0.19,-0.12,0.13,-0.34
4.54,-1.32,0.19,-0.12,0.12,-0.33
4.44,-1.24,0.15,-0.13,0.12,-0.32
4.42,-1.34,0.04,-0.13,0.12,-0.31
4.48,-1.46,0.02,-0.14,0.13,-0.29
4.56,-1.57,0.15,-0.14,0.14,-0.28
4.65,-1.65,0.23,-0.14,0.14,-0.26
4.71,-1.72,0.46,-0.13,0.15,-0.25
4.81,-1.7,0.48,-0.12,0.14,-0.25
4.87,-1.69,0.57,-0.1,0.14,-0.25
4.9,-1.44,0.56,-0.08,0.13,-0.26
4.88,-1.32,0.59,-0.07,0.13,-0.26
4.85,-1.17,0.56,-0.06,0.12,-0.27
4.85,-1.02,0.52,-0.06,0.12,-0.27
4.77,-0.86,0.44,-0.06,0.11,-0.27
4.79,-0.79,0.46,-0.08,0.11,-0.27
4.79,-0.79,0.38,-0.09,0.1,-0.26
4.88,-0.84,0.31,-0.1,0.11,-0.25
4.85,-0.92,0.33,-0.1,0.11,-0.25
4.94,-0.94,0.42,-0.11,0.12,-0.25
5.08,-0.98,0.46,-0.12,0.13,-0.25
5.08,-1.11,0.48,-0.12,0.14,-0.25
5.11,-1.19,0.59,-0.11,0.15,-0.25
4.92,-1.23,0.56,-0.11,0.16,-0.25
4.88,-1.28,0.56,-0.11,0.16,-0.25
4.77,-1.26,0.54,-0.11,0.17,-0.26
4.71,-1.28,0.69,-0.1,0.18,-0.26
4.75,-1.28,0.73,-0.09,0.19,-0.25
4.69,-1.21,0.8,-0.08,0.19,-0.25
4.71,-0.98,0.82,-0.08,0.19,-0.25
4.79,-0.86,0.92,-0.08,0.19,-0.25
4.87,-0.94,0.88,-0.08,0.18,-0.24
4.87,-0.82,0.84,-0.09,0.18,-0.24
4.83,-0.82,0.77,-0.09,0.19,-0.24
4.79,-0.73,0.79,-0.09,0.19,-0.24
4.75,-0.69,0.79,-0.09,0.2,-0.23
4.71,-0.77,0.94,-0.11,0.2,-0.24
4.71,-0.8,0.84,-0.11,0.2,-0.23
4.79,-0.8,0.9,-0.11,0.21,-0.23
4.85,-0.82,1.07,-0.11,0.23,-0.22
4.79,-0.86,1.17,-0.11,0.23,-0.22
4.94,-1.02,1.21,-0.11,0.24,-0.22
4.92,-1.15,1.15,-0.1,0.25,-0.22
4.85,-1.17,1.28,-0.09,0.27,-0.22
4.71,-1.23,1.3,-0.07,0.27,-0.22
4.64,-1.21,1.32,-0.05,0.27,-0.23
4.52,-1.21,1.34,-0.04,0.26,-0.23
4.44,-1.15,1.28,-0.02,0.25,-0.22
4.35,-1.05,1.34,-0.01,0.25,-0.22
4.39,-1.05,1.4,-0.01,0.24,-0.21
4.29,-0.98,1.44,-0.01,0.23,-0.21
4.31,-0.9,1.42,-0.01,0.21,-0.2
4.35,-0.77,1.3,-0.0,0.21,-0.21
4.5,-0.69,1.17,-0.0,0.2,-0.2
4.56,-0.69,1.17,-0.0,0.2,-0.2
4.64,-0.71,1.15,-0.01,0.2,-0.21
4.67,-0.77,1.0,-0.01,0.2,-0.22
4.67,-0.82,1.05,0.0,0.2,-0.22
4.65,-0.82,0.92,0.01,0.2,-0.23
4.64,-0.82,1.0,0.02,0.2,-0.23
4.64,-0.86,1.02,0.03,0.19,-0.23
4.62,-0.84,1.02,0.04,0.18,-0.23
4.64,-0.84,0.96,0.06,0.17,-0.22
4.65,-0.69,0.92,0.08,0.17,-0.22
4.69,-0.57,1.0,0.1,0.17,-0.21
4.65,-0.44,1.0,0.1,0.17,-0.19
4.81,-0.31,1.07,0.08,0.17,-0.17
4.96,-0.27,1.19,0.07,0.17,-0.14
5.21,-0.15,1.17,0.07,0.16,-0.11
5.32,-0.08,1.13,0.06,0.16,-0.08
5.32,0.0,1.21,0.06,0.16,-0.06
5.32,0.13,1.3,0.04,0.16,-0.04
5.36,0.23,1.53,0.02,0.16,-0.02
5.32,0.21,1.57,-0.01,0.15,0.0
5.15,0.25,1.59,-0.04,0.15,0.01
4.94,0.25,1.47,-0.06,0.15,0.02
4.77,0.1,1.44,-0.07,0.16,0.02
4.69,0.06,1.34,-0.08,0.18,0.04
4.65,-0.08,1.36,-0.08,0.18,0.04
4.52,-0.13,1.26,-0.09,0.19,0.04
4.39,-0.15,1.32,-0.08,0.2,0.04
4.29,-0.17,1.38,-0.07,0.2,0.04
4.23,-0.27,1.42,-0.06,0.2,0.04
4.08,-0.38,1.53,-0.04,0.2,0.03
3.98,-0.34,1.47,-0.03,0.18,0.03
4.06,-0.42,1.53,-0.01,0.17,0.02
4.1,-0.56,1.49,0.01,0.16,0.02
4.14,-0.61,1.57,0.02,0.15,0.01
4.27,-0.65,1.74,0.04,0.14,0.0
4.35,-0.65,1.97,0.05,0.13,-0.0
4.37,-0.57,2.11,0.05,0.12,-0.01
4.41,-0.54,2.05,0.04,0.1,-0.02
4.42,-0.56,1.95,0.04,0.09,-0.02
4.44,-0.52,1.92,0.04,0.1,-0.02
4.41,-0.46,1.84,0.04,0.11,-0.02
4.31,-0.38,1.9,0.01,0.1,-0.02
4.18,-0.38,1.97,-0.01,0.09,-0.02
4.19,-0.48,1.97,-0.02,0.08,-0.01
4.12,-0.44,1.88,-0.02,0.06,-0.01
4.19,-0.5,1.65,-0.02,0.06,-0.01
4.19,-0.56,1.72,-0.01,0.05,-0.0
4.23,-0.57,1.55,0.0,0.04,0.0
4.29,-0.63,1.57,0.01,0.02,0.01
4.33,-0.67,1.59,0.03,0.01,0.01
4.46,-0.63,1.72,0.03,-0.02,0.02
4.62,-0.63,1.67,0.02,-0.04,0.02
4.65,-0.73,1.7,0.02,-0.06,0.03
4.69,-0.75,1.7,0.02,-0.08,0.03
4.71,-0.8,1.65,0.03,-0.09,0.03
4.73,-0.8,1.65,0.03,-0.11,0.02
4.67,-0.73,1.65,0.04,-0.13,0.02
4.56,-0.77,1.67,0.04,-0.15,0.02
4.52,-0.8,1.65,0.03,-0.16,0.01
4.44,-0.84,1.4,0.03,-0.17,0.01
4.46,-0.75,1.4,0.03,-0.18,0.01
4.42,-0.79,1.38,0.02,-0.17,0.01
4.41,-0.73,1.3,0.02,-0.17,0.02
4.39,-0.69,1.36,0.01,-0.17,0.02
4.41,-0.69,1.19,0.0,-0.17,0.03
4.46,-0.75,1.32,-0.01,-0.17,0.03
4.42,-0.77,1.28,-0.0,-0.17,0.04
4.46,-0.77,1.28,-0.0,-0.17,0.04
4.44,-0.71,1.36,0.0,-0.17,0.04
4.39,-0.67,1.34,0.0,-0.18,0.05
4.5,-0.69,1.23,0.0,-0.18,0.05
4.67,-0.77,1.21,0.01,-0.19,0.05
4.71,-0.79,1.15,0.0,-0.19,0.05
4.77,-0.8,1.17,-0.0,-0.19,0.04
4.81,-0.84,1.23,-0.01,-0.19,0.03
4.79,-0.75,1.21,-0.01,-0.19,0.02
4.85,-0.79,1.23,-0.01,-0.2,0.01
5.09,-0.46,1.46,-0.0,-0.21,0.0
4.77,-0.79,1.15,-0.0,-0.21,-0.01
4.69,-0.73,1.15,-0.0,-0.22,-0.01
4.67,-0.79,1.07,-0.01,-0.22,-0.01
4.67,-0.86,0.94,-0.01,-0.21,-0.0
4.64,-0.92,0.94,-0.01,-0.21,0.0
4.64,-0.94,0.88,-0.01,-0.2,0.01
4.65,-0.88,1.0,-0.01,-0.2,0.01
4.65,-0.82,1.05,-0.01,-0.21,0.02
4.62,-0.86,1.05,-0.02,-0.21,0.02
4.62,-0.84,0.96,-0.02,-0.21,0.03
4.58,-0.82,0.94,-0.02,-0.21,0.03
4.64,-0.84,0.98,-0.02,-0.21,0.03
4.71,-0.8,0.92,-0.02,-0.22,0.04
4.83,-0.75,0.9,-0.01,-0.23,0.04
4.88,-0.77,0.82,-0.0,-0.24,0.04
4.92,-0.75,0.88,-0.0,-0.25,0.04
4.88,-0.69,0.79,-0.0,-0.26,0.04
4.88,-0.63,0.79,-0.01,-0.27,0.04
4.94,-0.65,0.82,-0.02,-0.28,0.04
4.85,-0.69,0.65,-0.03,-0.28,0.04
4.87,-0.69,0.71,-0.03,-0.28,0.04
4.9,-0.79,0.5,-0.03,-0.27,0.05
4.88,-0.82,0.67,-0.03,-0.26,0.05
4.87,-0.92,0.75,-0.02,-0.24,0.06
4.87,-0.9,0.65,-0.01,-0.23,0.06
4.81,-0.96,0.57,0.0,-0.22,0.07
4.81,-1.02,0.59,0.02,-0.22,0.07
4.9,-1.05,0.59,0.03,-0.21,0.07
4.81,-0.92,0.56,0.03,-0.2,0.08
4.88,-1.02,0.56,0.04,-0.2,0.08
4.88,-0.92,0.57,0.05,-0.2,0.08
4.88,-0.84,0.46,0.05,-0.2,0.08
4.9,-0.71,0.54,0.05,-0.2,0.08
4.92,-0.65,0.48,0.04,-0.2,0.08
4.96,-0.5,0.59,0.03,-0.2,0.08
4.92,-0.5,0.52,0.02,-0.2,0.08
4.9,-0.56,0.42,0.01,-0.21,0.08
4.92,-0.59,0.46,-0.01,-0.21,0.08
4.92,-0.61,0.34,-0.02,-0.21,0.08
4.88,-0.65,0.34,-0.03,-0.21,0.08
4.85,-0.61,0.29,-0.03,-0.21,0.07
4.87,-0.71,0.25,-0.04,-0.21,0.07
4.96,-0.77,0.25,-0.04,-0.2,0.06
4.92,-0.8,0.25,-0.04,-0.19,0.06
4.9,-0.71,0.27,-0.04,-0.18,0.05
4.96,-0.79,0.23,-0.04,-0.16,0.05
4.94,-0.79,0.23,-0.03,-0.15,0.04
4.85,-0.79,0.34,-0.03,-0.14,0.04
4.87,-0.88,0.33,-0.03,-0.14,0.04
4.9,-0.86,0.38,-0.04,-0.14,0.04
4.9,-0.82,0.33,-0.04,-0.14,0.03
4.9,-0.88,0.23,-0.05,-0.14,0.03
4.9,-0.92,0.17,-0.05,-0.14,0.03
4.9,-0.84,0.1,-0.06,-0.15,0.03
5.02,-0.96,0.13,-0.06,-0.15,0.02
5.06,-0.88,-0.06,-0.06,-0.16,0.02
5.13,-0.94,0.06,-0.07,-0.16,0.02
5.13,-0.88,0.0,-0.08,-0.15,0.02
5.19,-0.92,0.0,-0.08,-0.15,0.02
5.25,-0.88,-0.1,-0.09,-0.14,0.02
5.25,-0.84,-0.04,-0.09,-0.13,0.02
5.21,-0.82,-0.08,-0.1,-0.12,0.02
5.19,-0.8,0.0,-0.1,-0.11,0.01
5.21,-0.79,-0.04,-0.11,-0.09,0.01
5.11,-0.75,0.08,-0.11,-0.08,0.01
5.08,-0.8,0.17,-0.11,-0.06,0.0
5.04,-0.75,0.0,-0.12,-0.05,-0.0
5.04,-0.82,0.11,-0.12,-0.04,-0.0
5.0,-0.79,0.02,-0.12,-0.02,-0.01
4.92,-0.79,0.1,-0.12,-0.01,-0.01
4.96,-0.79,0.02,-0.11,0.01,-0.01
4.94,-0.82,0.1,-0.11,0.02,-0.01
4.92,-0.73,-0.02,-0.11,0.03,-0.02
5.04,-0.75,0.0,-0.12,0.04,-0.02
5.0,-0.79,0.02,-0.12,0.05,-0.02
5.0,-0.79,-0.08,-0.12,0.05,-0.02
5.08,-0.86,0.0,-0.12,0.06,-0.02
5.04,-0.88,0.0,-0.12,0.06,-0.02
4.98,-0.86,0.02,-0.12,0.06,-0.02
5.04,-0.84,0.08,-0.13,0.06,-0.02
4.94,-0.98,0.0,-0.13,0.06,-0.02
4.9,-0.98,0.06,-0.13,0.05,-0.01
4.88,-1.03,0.02,-0.12,0.05,-0.01
4.88,-1.07,-0.02,-0.11,0.05,-0.01
4.88,-1.05,0.02,-0.1,0.05,-0.01
4.9,-1.07,-0.04,-0.09,0.04,-0.01
4.88,-1.07,-0.04,-0.09,0.04,-0.01
4.88,-1.13,-0.06,-0.08,0.04,-0.01
4.92,-1.11,-0.06,-0.07,0.03,-0.02
4.9,-1.11,0.08,-0.06,0.04,-0.01
4.96,-1.07,-0.06,-0.05,0.04,-0.01
4.92,-1.0,0.0,-0.05,0.04,-0.01
4.85,-1.03,0.15,-0.05,0.05,-0.01
4.87,-1.05,0.04,-0.05,0.05,-0.0
4.92,-1.02,0.08,-0.05,0.05,-0.0
4.9,-1.05,0.13,-0.04,0.06,0.0
4.9,-1.07,0.06,-0.04,0.06,-0.0
4.88,-1.11,0.1,-0.03,0.07,-0.0
4.83,-1.07,0.17,-0.03,0.07,-0.0
4.9,-1.19,0.15,-0.02,0.07,-0.0
4.9,-1.09,0.15,-0.01,0.07,-0.01
4.9,-1.05,0.17,-0.0,0.07,-0.01
4.87,-1.05,0.17,0.0,0.07,-0.01
4.92,-1.02,0.15,0.0,0.07,-0.01
4.94,-1.03,0.19,0.0,0.06,-0.02
4.85,-0.96,0.21,0.01,0.06,-0.02
4.88,-0.96,0.15,0.01,0.06,-0.02
4.88,-0.92,0.17,0.01,0.06,-0.02
4.87,-0.96,0.19,0.01,0.06,-0.02
4.9,-0.94,0.19,0.01,0.07,-0.02
4.85,-0.9,0.17,0.01,0.07,-0.03
4.88,-0.92,0.25,0.01,0.08,-0.03
4.92,-0.94,0.31,0.01,0.08,-0.03
4.85,-0.88,0.25,0.02,0.08,-0.04
4.81,-0.82,0.33,0.02,0.09,-0.04
4.88,-0.9,0.29,0.02,0.09,-0.04
4.79,-0.88,0.29,0.02,0.09,-0.04
4.79,-0.82,0.33,0.02,0.09,-0.04
4.79,-0.8,0.33,0.03,0.09,-0.04
4.77,-0.79,0.27,0.03,0.1,-0.04
4.85,-0.88,0.27,0.03,0.1,-0.04
4.79,-0.8,0.34,0.02,0.1,-0.04
4.77,-0.77,0.4,0.02,0.1,-0.04
4.79,-0.79,0.48,0.02,0.1,-0.04
4.81,-0.82,0.38,0.02,0.1,-0.04
4.83,-0.77,0.4,0.02,0.09,-0.04
4.81,-0.75,0.38,0.02,0.08,-0.03
4.85,-0.77,0.46,0.01,0.07,-0.03
4.85,-0.82,0.4,0.01,0.06,-0.03
4.83,-0.79,0.36,0.01,0.06,-0.03
4.79,-0.79,0.4,0.01,0.06,-0.02
4.79,-0.79,0.31,0.02,0.05,-0.02
4.81,-0.75,0.33,0.02,0.05,-0.02
4.83,-0.75,0.33,0.02,0.05,-0.02
4.85,-0.77,0.31,0.02,0.04,-0.02
4.87,-0.71,0.46,0.02,0.04,-0.02
4.83,-0.67,0.4,0.02,0.03,-0.02
4.87,-0.73,0.46,0.01,0.03,-0.02
4.83,-0.61,0.44,0.01,0.02,-0.01
4.88,-0.69,0.5,0.01,0.02,-0.01
4.9,-0.73,0.42,0.0,0.02,-0.01
4.85,-0.73,0.42,-0.0,0.02,-0.0
4.88,-0.73,0.4,-0.0,0.02,-0.0
4.85,-0.69,0.44,-0.0,0.03,-0.0
4.85,-0.67,0.29,0.0,0.03,-0.0
4.87,-0.75,0.33,0.0,0.03,-0.0
4.79,-0.67,0.36,0.0,0.03,0.0
4.87,-0.75,0.31,0.0,0.03,0.0
4.83,-0.71,0.33,0.0,0.03,0.0
4.79,-0.73,0.36,-0.0,0.03,-0.0
4.81,-0.67,0.36,-0.0,0.03,-0.0
4.85,-0.69,0.42,-0.0,0.03,-0.01
4.87,-0.69,0.34,-0.0,0.03,-0.01
4.83,-0.69,0.34,-0.01,0.03,-0.01
4.85,-0.71,0.48,-0.01,0.03,-0.01
4.85,-0.71,0.36,-0.01,0.03,-0.01
4.9,-0.75,0.38,-0.01,0.03,-0.01
4.88,-0.69,0.38,-0.01,0.04,-0.01
4.9,-0.73,0.42,-0.01,0.04,-0.01
4.83,-0.63,0.44,-0.01,0.04,-0.01
4.81,-0.79,0.4,-0.02,0.04,-0.01
4.75,-0.73,0.46,-0.02,0.03,-0.01
4.75,-0.75,0.46,-0.03,0.03,-0.01
4.73,-0.8,0.48,-0.03,0.02,-0.01
4.79,-0.9,0.46,-0.03,0.02,-0.01
4.81,-0.86,0.42,-0.02,0.01,-0.01
4.79,-0.9,0.4,-0.02,0.01,-0.01
4.87,-0.86,0.34,-0.02,0.02,-0.02
4.88,-0.86,0.31,-0.01,0.02,-0.02
4.83,-0.82,0.27,-0.01,0.02,-0.02
4.88,-0.77,0.34,-0.01,0.02,-0.02
4.87,-0.8,0.29,-0.01,0.02,-0.02
4.87,-0.79,0.29,-0.01,0.02,-0.01
4.85,-0.8,0.36,-0.01,0.02,-0.01
4.85,-0.79,0.34,-0.01,0.01,-0.01
4.83,-0.8,0.34,-0.01,0.01,-0.01
4.85,-0.86,0.38,-0.01,0.0,-0.01
4.85,-0.8,0.21,-0.01,0.0,-0.01
4.83,-0.79,0.33,-0.0,-0.0,-0.01
4.85,-0.75,0.31,-0.0,-0.0,-0.01
4.85,-0.77,0.21,-0.0,-0.0,-0.01
4.85,-0.73,0.29,-0.0,-0.0,-0.01
4.83,-0.8,0.25,-0.0,-0.01,-0.01
4.85,-0.77,0.25,-0.0,-0.01,-0.01
4.87,-0.73,0.23,-0.01,-0.01,-0.01
4.88,-0.77,0.23,-0.01,-0.01,-0.01
4.85,-0.8,0.29,-0.01,-0.01,-0.01
4.9,-0.8,0.27,-0.01,-0.01,-0.01
4.85,-0.79,0.21,-0.01,-0.01,-0.01
4.9,-0.79,0.27,-0.01,-0.01,-0.01
4.88,-0.8,0.31,-0.01,-0.01,-0.01
4.88,-0.86,0.34,-0.01,-0.01,-0.01
4.92,-0.79,0.27,-0.01,-0.0,-0.01
4.88,-0.77,0.13,-0.01,-0.0,-0.01
4.87,-0.82,0.19,-0.01,-0.0,-0.01
4.88,-0.8,0.19,-0.01,-0.0,-0.01
4.92,-0.84,0.25,-0.01,-0.0,-0.01
4.92,-0.8,0.31,-0.01,-0.0,-0.02
4.94,-0.79,0.27,-0.01,-0.0,-0.02
4.88,-0.8,0.27,-0.01,-0.0,-0.02
4.88,-0.73,0.21,-0.01,-0.0,-0.02
4.9,-0.79,0.23,-0.02,-0.01,-0.02
4.88,-0.75,0.25,-0.02,-0.01,-0.02
4.88,-0.75,0.21,-0.02,-0.01,-0.02
4.94,-0.77,0.19,-0.02,-0.01,-0.01
4.88,-0.75,0.27,-0.02,-0.01,-0.01
4.92,-0.8,0.19,-0.02,-0.01,-0.01
4.9,-0.79,0.17,-0.02,-0.01,-0.01
4.85,-0.75,0.17,-0.02,-0.01,-0.0
4.79,-0.77,0.21,-0.02,-0.01,-0.0
4.85,-0.8,0.15,-0.02,-0.01,-0.0
4.9,-0.84,0.17,-0.02,-0.01,-0.0
4.88,-0.84,0.17,-0.02,-0.01,0.0
4.88,-0.82,0.25,-0.02,-0.01,-0.0
4.94,-0.84,0.19,-0.02,-0.01,0.0
4.88,-0.82,0.17,-0.01,-0.01,-0.0
4.88,-0.82,0.17,-0.01,-0.0,-0.0
4.9,-0.84,0.17,-0.01,-0.0,-0.0
4.88,-0.8,0.13,-0.01,0.0,-0.0
4.9,-0.79,0.15,-0.01,0.0,-0.0
4.9,-0.75,0.19,-0.01,0.01,-0.0
4.9,-0.77,0.13,-0.01,0.01,-0.0
4.88,-0.71,0.17,-0.01,0.01,-0.0
4.94,-0.71,0.1,-0.01,0.02,-0.0
4.94,-0.77,0.19,-0.02,0.02,-0.0
4.94,-0.69,0.15,-0.02,0.02,-0.0
4.88,-0.71,0.17,-0.02,0.02,-0.0
4.96,-0.77,0.19,-0.02,0.02,-0.01
4.87,-0.75,0.21,-0.02,0.02,-0.01
4.9,-0.77,0.19,-0.02,0.02,-0.01
4.9,-0.8,0.19,-0.01,0.01,-0.01
5.0,-0.79,0.15,-0.01,0.01,-0.01
4.96,-0.79,0.15,-0.01,0.02,-0.01
4.92,-0.73,0.15,-0.01,0.02,-0.01
4.9,-0.75,0.15,-0.01,0.02,-0.01
4.94,-0.73,0.13,-0.01,0.02,-0.01
4.88,-0.71,0.15,-0.01,0.02,-0.01
4.96,-0.75,0.17,-0.01,0.02,-0.01
4.94,-0.77,0.13,-0.01,0.02,-0.01
4.92,-0.77,0.15,-0.01,0.03,-0.01
4.88,-0.75,0.1,-0.01,0.03,-0.0
4.9,-0.71,0.15,-0.01,0.03,-0.0
4.94,-0.75,0.17,-0.01,0.03,-0.0
4.88,-0.73,0.15,-0.01,0.03,-0.0
4.88,-0.75,0.15,-0.01,0.03,-0.0
4.88,-0.79,0.15,-0.01,0.03,-0.0
4.9,-0.67,0.15,-0.02,0.04,-0.0
4.88,-0.71,0.21,-0.02,0.04,-0.0
4.94,-0.73,0.19,-0.02,0.04,0.0
4.9,-0.71,0.19,-0.02,0.04,-0.0
4.96,-0.79,0.19,-0.02,0.04,0.0
4.83,-0.67,0.15,-0.02,0.04,-0.0
4.96,-0.71,0.21,-0.02,0.04,0.0
4.88,-0.82,0.15,-0.02,0.04,-0.0
4.92,-0.79,0.19,-0.01,0.04,-0.0
4.88,-0.79,0.23,-0.01,0.04,-0.0
4.94,-0.79,0.21,-0.01,0.04,-0.0
4.87,-0.79,0.17,-0.01,0.04,-0.0
4.9,-0.88,0.15,-0.01,0.04,-0.0
4.87,-0.77,0.15,-0.01,0.04,-0.0
4.85,-0.75,0.13,-0.0,0.04,-0.0
4.87,-0.79,0.17,-0.01,0.04,-0.0
4.87,-0.79,0.23,-0.01,0.04,0.0
4.85,-0.8,0.23,-0.01,0.04,-0.0
4.9,-0.84,0.23,-0.01,0.04,-0.0
4.85,-0.84,0.19,-0.01,0.04,-0.0
4.87,-0.84,0.15,-0.01,0.04,-0.0
4.85,-0.79,0.21,-0.01,0.04,-0.0
4.88,-0.77,0.17,-0.01,0.03,-0.0
4.85,-0.79,0.15,-0.01,0.03,-0.0
4.83,-0.77,0.17,-0.01,0.03,-0.0
4.79,-0.77,0.21,-0.01,0.03,-0.0
4.85,-0.8,0.19,-0.01,0.03,0.0
4.87,-0.75,0.19,-0.01,0.03,0.0
4.83,-0.8,0.17,-0.01,0.03,0.0
4.85,-0.79,0.27,-0.01,0.03,0.0
4.87,-0.82,0.21,-0.01,0.03,0.0
4.9,-0.8,0.23,-0.01,0.03,-0.0
4.88,-0.75,0.23,-0.01,0.03,-0.0
4.85,-0.79,0.17,-0.01,0.03,-0.0
4.87,-0.77,0.25,-0.01,0.03,-0.0
4.85,-0.79,0.23,-0.01,0.02,-0.01
4.83,-0.71,0.23,-0.01,0.02,-0.0
4.81,-0.77,0.17,-0.01,0.02,-0.01
4.88,-0.8,0.15,-0.01,0.02,-0.01
4.87,-0.79,0.15,-0.01,0.02,-0.01
4.85,-0.73,0.25,-0.01,0.02,-0.01
4.87,-0.77,0.23,-0.01,0.03,-0.0
4.85,-0.75,0.25,-0.01,0.03,-0.0
4.87,-0.73,0.23,-0.01,0.03,-0.0
4.9,-0.77,0.17,-0.01,0.03,-0.0
4.87,-0.75,0.19,-0.01,0.03,-0.0
4.81,-0.77,0.19,-0.01,0.03,0.0
4.85,-0.79,0.23,-0.02,0.02,0.0
4.85,-0.8,0.19,-0.02,0.02,0.0
4.83,-0.8,0.25,-0.01,0.02,0.0
4.9,-0.8,0.19,-0.01,0.02,0.01
4.92,-0.82,0.17,-0.01,0.01,0.0
4.96,-0.86,0.15,-0.01,0.01,0.0
4.9,-0.8,0.15,-0.01,0.01,0.0
4.92,-0.77,0.21,-0.01,0.01,0.0
4.9,-0.8,0.19,-0.01,0.01,-0.0
4.94,-0.75,0.19,-0.0,0.0,-0.0
4.88,-0.79,0.19,-0.0,0.0,-0.01
4.85,-0.77,0.15,-0.0,0.0,-0.01
4.83,-0.79,0.17,-0.0,0.0,-0.01
4.9,-0.82,0.25,0.0,0.01,-0.01
4.9,-0.82,0.21,0.0,0.01,-0.01
4.88,-0.88,0.17,0.01,0.01,-0.01
4.87,-0.8,0.19,0.01,0.01,-0.01
4.88,-0.82,0.17,0.01,0.01,-0.01
4.88,-0.86,0.17,0.02,0.01,-0.02
4.92,-0.82,0.21,0.02,0.01,-0.02
4.92,-0.9,0.15,0.03,0.01,-0.02
4.9,-0.88,0.15,0.03,0.01,-0.02
4.94,-0.92,0.15,0.04,0.02,-0.03
4.9,-0.92,0.23,0.04,0.02,-0.03
4.87,-0.96,0.21,0.05,0.02,-0.03
4.83,-0.9,0.21,0.05,0.02,-0.03
4.85,-0.9,0.23,0.05,0.02,-0.03
4.79,-0.86,0.21,0.05,0.02,-0.02
4.81,-0.86,0.15,0.05,0.02,-0.02
4.88,-0.86,0.19,0.05,0.02,-0.02
4.88,-0.92,0.19,0.05,0.02,-0.02
4.94,-0.8,0.15,0.05,0.02,-0.02
4.92,-0.73,0.19,0.06,0.02,-0.02
4.88,-0.69,0.21,0.05,0.01,-0.02
4.96,-0.63,0.19,0.05,0.01,-0.01
4.96,-0.67,0.21,0.05,0.01,-0.01
4.9,-0.63,0.27,0.04,0.0,-0.01
4.9,-0.67,0.19,0.03,0.0,-0.0
4.96,-0.67,0.21,0.03,-0.0,-0.0
4.94,-0.75,0.13,0.03,-0.0,0.0
4.94,-0.69,0.11,0.03,-0.0,0.0
4.92,-0.77,0.08,0.02,0.0,0.01
4.94,-0.77,0.06,0.02,0.01,0.01
4.94,-0.8,0.13,0.02,0.02,0.02
4.96,-0.73,0.02,0.02,0.03,0.02
5.02,-0.75,0.1,0.03,0.04,0.03
5.08,-0.75,0.08,0.03,0.05,0.03
5.09,-0.75,0.08,0.03,0.07,0.04
5.06,-0.73,0.04,0.03,0.08,0.03
5.0,-0.75,0.1,0.03,0.09,0.03
5.04,-0.75,0.11,0.03,0.1,0.03
5.04,-0.73,0.15,0.03,0.1,0.02
4.9,-0.75,0.21,0.03,0.09,0.02
4.9,-0.71,0.17,0.03,0.09,0.01
4.87,-0.8,0.25,0.03,0.08,0.01
4.87,-0.73,0.21,0.03,0.07,0.01
4.83,-0.75,0.17,0.03,0.06,0.0
4.75,-0.65,0.19,0.03,0.05,0.0
4.79,-0.67,0.27,0.03,0.05,0.0
4.77,-0.71,0.21,0.03,0.04,0.01
4.79,-0.65,0.17,0.03,0.03,0.01
4.88,-0.69,0.23,0.03,0.03,0.01
4.94,-0.8,0.15,0.03,0.04,0.01
4.88,-0.77,0.15,0.03,0.05,0.0
4.9,-0.75,0.17,0.03,0.05,0.0
4.81,-0.82,0.25,0.03,0.05,-0.0
4.85,-0.73,0.23,0.04,0.05,-0.0
4.88,-0.75,0.25,0.04,0.05,-0.0
4.9,-0.73,0.19,0.04,0.04,-0.0
4.92,-0.77,0.19,0.04,0.04,-0.0
4.92,-0.73,0.25,0.04,0.04,-0.0
4.94,-0.73,0.19,0.04,0.03,-0.01
4.88,-0.57,0.27,0.04,0.03,-0.01
4.88,-0.57,0.25,0.03,0.02,-0.01
4.92,-0.59,0.15,0.03,0.01,-0.01
4.9,-0.61,0.13,0.03,0.01,-0.01
4.87,-0.61,0.1,0.03,0.01,-0.01
4.81,-0.67,0.1,0.02,0.02,-0.01
4.87,-0.69,0.19,0.01,0.02,-0.01
4.79,-0.73,0.11,-0.0,0.03,-0.01
4.87,-0.75,0.15,-0.01,0.04,-0.0
4.92,-0.84,0.15,-0.0,0.05,-0.0
4.92,-0.88,0.15,0.01,0.06,-0.0
4.92,-0.88,0.19,0.02,0.07,-0.0
4.94,-0.84,0.21,0.02,0.07,-0.0
4.87,-0.88,0.23,0.03,0.07,-0.0
4.98,-0.82,0.31,0.03,0.06,0.0
4.9,-0.82,0.33,0.04,0.06,0.0
4.9,-0.75,0.33,0.04,0.05,0.0
4.87,-0.75,0.19,0.04,0.04,0.01
4.9,-0.71,0.31,0.04,0.03,0.01
4.94,-0.63,0.19,0.04,0.03,0.01
4.96,-0.71,0.21,0.03,0.03,0.01
4.92,-0.67,0.21,0.03,0.02,0.0
4.88,-0.59,0.13,0.03,0.02,0.0
4.87,-0.57,0.17,0.02,0.02,0.0
4.85,-0.56,0.17,0.01,0.01,0.0
4.88,-0.67,0.19,0.0,0.01,0.01
4.85,-0.73,0.27,-0.01,0.01,0.01
4.88,-0.84,0.23,-0.01,0.01,0.01
4.92,-0.92,0.33,-0.01,0.0,0.0
4.83,-0.94,0.25,-0.01,0.0,0.0
4.88,-1.02,0.25,-0.0,-0.0,-0.0
4.83,-1.0,0.33,0.01,-0.0,-0.01
4.79,-1.02,0.19,0.01,-0.01,-0.02
4.81,-0.9,0.19,0.02,-0.01,-0.02
4.85,-0.86,0.17,0.03,-0.01,-0.03
4.83,-0.77,0.19,0.03,-0.01,-0.03
4.81,-0.69,0.17,0.03,-0.0,-0.03
4.75,-0.65,0.13,0.03,-0.0,-0.03
4.79,-0.63,0.15,0.02,-0.01,-0.03
4.83,-0.61,0.1,0.02,-0.01,-0.03
4.81,-0.63,0.15,0.01,-0.02,-0.03
4.88,-0.73,0.15,0.01,-0.02,-0.03
4.98,-0.73,0.11,0.0,-0.03,-0.03
5.0,-0.84,0.1,-0.0,-0.04,-0.03
4.98,-0.84,0.13,-0.0,-0.04,-0.03
5.08,-0.92,0.15,-0.0,-0.04,-0.03
5.02,-0.94,0.11,0.0,-0.04,-0.04
5.02,-0.92,0.21,0.01,-0.03,-0.04
4.96,-0.92,0.17,0.01,-0.03,-0.04
5.0,-0.92,0.27,0.02,-0.01,-0.04
4.96,-0.92,0.17,0.02,-0.01,-0.04
5.0,-0.88,0.13,0.03,-0.0,-0.05
4.92,-0.88,0.15,0.04,-0.0,-0.05
4.87,-0.86,0.08,0.04,0.0,-0.05
4.81,-0.8,0.08,0.04,0.0,-0.05
4.69,-0.79,0.06,0.04,-0.0,-0.05
4.73,-0.75,0.11,0.04,-0.01,-0.05
4.73,-0.73,0.11,0.03,-0.01,-0.05
4.71,-0.79,0.19,0.03,-0.02,-0.05
4.79,-0.79,0.17,0.03,-0.03,-0.05
4.81,-0.79,0.19,0.04,-0.03,-0.05
4.83,-0.79,0.15,0.04,-0.03,-0.05
4.92,-0.65,0.25,0.04,-0.04,-0.05
4.87,-0.59,0.29,0.04,-0.04,-0.05
4.88,-0.57,0.23,0.04,-0.04,-0.05
4.87,-0.46,0.25,0.04,-0.05,-0.05
4.85,-0.52,0.21,0.03,-0.05,-0.04
4.85,-0.5,0.21,0.03,-0.06,-0.05
4.87,-0.5,0.15,0.03,-0.07,-0.04
4.87,-0.52,0.06,0.03,-0.08,-0.04
4.87,-0.54,0.13,0.04,-0.07,-0.04
4.85,-0.61,0.06,0.04,-0.07,-0.04
4.88,-0.63,0.17,0.03,-0.07,-0.03
4.96,-0.61,0.21,0.03,-0.06,-0.03
4.9,-0.59,0.13,0.03,-0.05,-0.03
4.87,-0.57,0.13,0.03,-0.05,-0.03
4.87,-0.54,0.15,0.03,-0.05,-0.03
4.88,-0.54,0.17,0.04,-0.05,-0.03
4.92,-0.5,0.17,0.04,-0.05,-0.03
4.98,-0.54,0.17,0.05,-0.04,-0.03
4.92,-0.5,0.15,0.05,-0.04,-0.03
4.88,-0.42,0.15,0.06,-0.04,-0.03
4.94,-0.42,0.15,0.05,-0.03,-0.03
4.92,-0.42,0.15,0.05,-0.03,-0.03
4.98,-0.42,0.13,0.05,-0.03,-0.02
4.96,-0.31,0.11,0.05,-0.03,-0.02
5.04,-0.31,0.13,0.05,-0.03,-0.01
5.0,-0.29,0.13,0.04,-0.03,-0.01
5.06,-0.4,0.0,0.03,-0.03,0.0
5.0,-0.38,0.02,0.03,-0.03,0.0
5.02,-0.36,0.08,0.03,-0.03,0.01
4.98,-0.4,0.08,0.03,-0.03,0.01
4.92,-0.42,0.08,0.03,-0.04,0.01
4.92,-0.46,0.04,0.03,-0.04,0.01
4.92,-0.5,-0.02,0.04,-0.05,0.01
4.9,-0.5,-0.04,0.04,-0.05,0.01
4.88,-0.59,-0.06,0.04,-0.06,0.01
4.9,-0.59,0.08,0.04,-0.06,0.0
4.85,-0.54,0.02,0.04,-0.06,0.01
4.88,-0.57,0.15,0.04,-0.06,0.01
4.88,-0.54,0.1,0.04,-0.06,0.01
4.85,-0.48,0.13,0.04,-0.07,0.01
4.87,-0.52,0.11,0.04,-0.07,0.01
4.88,-0.46,0.0,0.04,-0.07,0.02
4.88,-0.5,-0.04,0.04,-0.07,0.03
4.88,-0.42,-0.06,0.04,-0.08,0.03
4.83,-0.42,-0.02,0.03,-0.09,0.04
4.88,-0.5,-0.06,0.03,-0.1,0.04
4.88,-0.4,-0.08,0.02,-0.12,0.04
4.87,-0.4,-0.17,0.02,-0.12,0.04
4.94,-0.4,-0.11,0.02,-0.13,0.05
4.94,-0.42,-0.08,0.02,-0.13,0.05
4.94,-0.4,-0.08,0.02,-0.13,0.05
4.96,-0.46,-0.13,0.01,-0.12,0.06
5.0,-0.48,-0.1,0.01,-0.11,0.07
5.09,-0.54,-0.19,0.0,-0.09,0.07
5.02,-0.56,-0.11,0.0,-0.08,0.08
5.0,-0.56,-0.17,0.01,-0.08,0.08
5.02,-0.61,-0.21,0.01,-0.07,0.09
5.0,-0.71,-0.21,0.0,-0.07,0.09
4.98,-0.73,-0.15,0.0,-0.07,0.09
5.02,-0.75,-0.19,0.0,-0.07,0.09
5.02,-0.73,-0.11,0.01,-0.06,0.1
5.09,-0.75,-0.21,0.01,-0.05,0.1
5.04,-0.77,-0.15,0.02,-0.04,0.1
4.98,-0.65,-0.13,0.02,-0.04,0.11
4.96,-0.65,-0.15,0.02,-0.03,0.12
5.02,-0.63,-0.11,0.03,-0.02,0.12
5.06,-0.67,-0.15,0.03,-0.01,0.13
5.09,-0.67,-0.19,0.03,-0.01,0.14
5.0,-0.57,-0.21,0.04,-0.0,0.14
5.06,-0.56,-0.29,0.04,0.0,0.14
5.09,-0.63,-0.19,0.03,-0.0,0.15
5.08,-0.56,-0.25,0.03,-0.01,0.14
5.06,-0.52,-0.33,0.03,-0.01,0.14
5.04,-0.5,-0.4,0.03,-0.01,0.14
5.06,-0.56,-0.42,0.03,-0.0,0.14
4.94,-0.56,-0.33,0.03,0.01,0.14
4.94,-0.57,-0.33,0.03,0.02,0.15
4.9,-0.67,-0.31,0.03,0.02,0.15
4.85,-0.73,-0.34,0.03,0.03,0.15
4.85,-0.75,-0.36,0.03,0.03,0.15
4.85,-0.77,-0.31,0.03,0.03,0.15
4.85,-0.71,-0.29,0.03,0.03,0.15
4.88,-0.69,-0.29,0.03,0.03,0.15
4.88,-0.65,-0.21,0.04,0.03,0.15
4.85,-0.69,-0.17,0.03,0.03,0.16
4.87,-0.71,-0.17,0.03,0.03,0.16
4.98,-0.63,-0.17,0.03,0.03,0.17
5.04,-0.69,-0.19,0.03,0.04,0.18
5.08,-0.73,-0.17,0.02,0.05,0.19
5.06,-0.69,-0.25,0.02,0.06,0.19
5.08,-0.69,-0.15,0.02,0.07,0.2
5.09,-0.75,-0.08,0.02,0.08,0.2
5.08,-0.8,-0.13,0.02,0.09,0.21
5.06,-0.82,-0.19,0.02,0.09,0.21
5.04,-0.86,-0.11,0.02,0.09,0.21
4.98,-0.92,-0.11,0.02,0.09,0.21
4.94,-0.94,-0.17,0.02,0.09,0.21
4.94,-0.92,-0.06,0.02,0.09,0.21
4.96,-0.98,-0.04,0.03,0.1,0.21
4.9,-0.96,0.0,0.03,0.1,0.2
4.87,-0.94,0.06,0.03,0.11,0.2
4.88,-0.96,-0.06,0.03,0.11,0.2
4.81,-0.98,0.0,0.03,0.12,0.2
4.81,-1.02,-0.04,0.04,0.12,0.2
4.79,-1.02,-0.13,0.04,0.12,0.2
4.73,-1.02,-0.04,0.04,0.11,0.2
4.77,-1.07,-0.08,0.04,0.11,0.21
4.73,-1.03,-0.13,0.05,0.1,0.21
4.65,-1.02,-0.11,0.05,0.1,0.21
4.73,-0.98,-0.08,0.04,0.1,0.22
4.71,-0.98,-0.13,0.04,0.1,0.22
4.69,-1.03,-0.06,0.04,0.1,0.23
4.71,-1.09,-0.02,0.04,0.1,0.24
4.75,-1.17,-0.02,0.03,0.1,0.24
4.71,-1.13,0.04,0.03,0.1,0.25
4.73,-1.19,0.08,0.03,0.09,0.25
4.75,-1.23,-0.02,0.04,0.09,0.25
4.79,-1.28,0.08,0.04,0.08,0.26
4.85,-1.26,0.1,0.04,0.08,0.26
4.85,-1.26,0.08,0.05,0.08,0.26
4.81,-1.26,0.02,0.05,0.08,0.26
4.81,-1.24,0.1,0.05,0.08,0.26
4.85,-1.24,-0.02,0.05,0.08,0.26
4.87,-1.21,-0.04,0.05,0.08,0.26
4.75,-1.23,-0.08,0.05,0.09,0.26
4.75,-1.24,-0.04,0.05,0.1,0.26
4.77,-1.28,-0.1,0.05,0.1,0.27
4.75,-1.26,-0.08,0.05,0.11,0.28
4.73,-1.26,0.0,0.04,0.12,0.29
4.79,-1.36,-0.06,0.04,0.12,0.29
4.83,-1.38,-0.02,0.04,0.13,0.29
4.88,-1.4,-0.04,0.04,0.12,0.29
4.85,-1.44,-0.11,0.05,0.12,0.29
4.88,-1.47,-0.02,0.05,0.12,0.29
4.88,-1.44,0.04,0.05,0.12,0.29
4.83,-1.49,-0.04,0.05,0.12,0.29
4.73,-1.46,-0.06,0.05,0.13,0.29
4.73,-1.51,-0.04,0.05,0.13,0.29
4.67,-1.57,-0.08,0.05,0.14,0.29
4.73,-1.57,-0.19,0.06,0.14,0.3
4.65,-1.63,-0.17,0.06,0.14,0.31
4.69,-1.67,-0.19,0.06,0.14,0.31
4.69,-1.61,-0.15,0.06,0.14,0.32
4.67,-1.59,-0.08,0.06,0.15,0.32
4.73,-1.61,-0.04,0.06,0.15,0.33
4.85,-1.61,-0.08,0.06,0.14,0.33
4.87,-1.65,-0.06,0.05,0.14,0.33
4.83,-1.63,-0.1,0.05,0.14,0.32
4.83,-1.65,-0.15,0.05,0.14,0.32
4.77,-1.61,-0.21,0.05,0.14,0.32
4.71,-1.63,-0.21,0.05,0.14,0.33
4.64,-1.65,-0.13,0.04,0.14,0.33
4.54,-1.69,-0.15,0.03,0.13,0.33
4.5,-1.78,-0.04,0.02,0.13,0.33
4.5,-1.84,-0.17,0.02,0.13,0.33
4.5,-1.84,-0.25,0.01,0.12,0.33
4.48,-1.97,-0.19,0.01,0.12,0.34
4.52,-1.93,-0.08,0.01,0.11,0.34
4.54,-1.97,-0.11,0.01,0.11,0.35
4.48,-1.9,-0.02,0.0,0.11,0.35
4.48,-1.95,0.04,-0.0,0.11,0.36
4.5,-2.01,0.08,-0.01,0.12,0.37
4.54,-1.99,0.04,-0.01,0.12,0.37
4.56,-2.07,-0.1,-0.01,0.12,0.38
4.52,-2.09,-0.1,-0.01,0.12,0.38
4.58,-2.22,-0.1,-0.01,0.12,0.38
4.5,-2.13,-0.04,-0.01,0.12,0.39
4.54,-2.2,-0.02,0.0,0.12,0.39
4.52,-2.18,0.02,0.01,0.12,0.39
4.48,-2.2,0.04,0.01,0.13,0.39
4.41,-2.16,0.1,0.01,0.13,0.39
4.44,-2.16,0.06,0.02,0.13,0.39
4.37,-2.15,0.08,0.02,0.14,0.4
4.37,-2.11,0.08,0.01,0.13,0.4
4.35,-2.11,0.04,0.01,0.13,0.4
4.37,-2.07,0.06,0.01,0.13,0.4
4.37,-2.15,0.02,0.01,0.14,0.41
4.33,-2.24,0.02,0.0,0.15,0.42
4.39,-2.32,0.08,0.0,0.15,0.42
4.37,-2.34,0.17,-0.0,0.16,0.43
4.31,-2.36,0.15,-0.01,0.16,0.43
4.33,-2.36,0.19,-0.01,0.16,0.43
4.29,-2.34,0.19,-0.01,0.16,0.44
4.23,-2.39,0.19,-0.02,0.16,0.44
4.27,-2.41,0.15,-0.02,0.16,0.45
4.29,-2.45,0.23,-0.02,0.16,0.46
4.23,-2.43,0.19,-0.01,0.16,0.46
4.25,-2.51,0.19,-0.01,0.16,0.47
4.21,-2.53,0.17,-0.01,0.16,0.47
4.16,-2.55,0.15,-0.0,0.16,0.47
4.16,-2.64,0.15,0.01,0.17,0.47
4.14,-2.72,0.17,0.02,0.17,0.47
4.1,-2.7,0.29,0.03,0.17,0.47
4.1,-2.74,0.36,0.03,0.17,0.47
4.04,-2.62,0.44,0.03,0.17,0.48
3.98,-2.72,0.42,0.03,0.16,0.47
4.02,-2.68,0.42,0.04,0.16,0.48
4.06,-2.66,0.42,0.05,0.17,0.48
4.1,-2.7,0.44,0.06,0.17,0.49
4.08,-2.68,0.48,0.06,0.16,0.49
4.1,-2.66,0.4,0.06,0.16,0.49
4.02,-2.68,0.44,0.06,0.16,0.49
4.0,-2.66,0.44,0.06,0.16,0.49
4.1,-2.78,0.36,0.06,0.17,0.49
4.04,-2.78,0.38,0.06,0.17,0.49
4.08,-2.74,0.38,0.06,0.18,0.49
4.1,-2.82,0.44,0.06,0.18,0.49
4.08,-2.82,0.54,0.06,0.18,0.49
4.04,-2.8,0.63,0.06,0.18,0.49
3.98,-2.83,0.54,0.06,0.18,0.48
3.96,-2.83,0.63,0.06,0.17,0.48
3.89,-2.93,0.63,0.07,0.17,0.47
3.79,-2.91,0.61,0.07,0.16,0.47
3.73,-2.85,0.61,0.07,0.16,0.47
3.72,-2.93,0.54,0.07,0.16,0.46
3.66,-2.99,0.56,0.07,0.16,0.46
3.6,-2.99,0.48,0.07,0.16,0.46
3.64,-3.05,0.46,0.07,0.17,0.46
3.7,-3.06,0.57,0.07,0.17,0.45
3.73,-3.05,0.61,0.07,0.18,0.45
3.73,-3.03,0.69,0.06,0.18,0.44
3.73,-3.06,0.63,0.06,0.17,0.43
3.81,-3.1,0.61,0.07,0.17,0.43
3.85,-3.18,0.56,0.07,0.16,0.42
3.73,-3.16,0.59,0.08,0.15,0.41
3.75,-3.14,0.48,0.08,0.15,0.4
3.64,-3.12,0.48,0.08,0.15,0.39
3.54,-3.14,0.54,0.08,0.15,0.39
3.41,-3.16,0.59,0.07,0.15,0.38
3.43,-3.22,0.63,0.07,0.15,0.38
3.45,-3.2,0.63,0.06,0.15,0.37
3.41,-3.31,0.65,0.06,0.16,0.37
3.39,-3.39,0.8,0.06,0.16,0.36
3.33,-3.31,0.86,0.05,0.17,0.36
3.2,-3.39,0.92,0.05,0.17,0.35
3.22,-3.47,0.82,0.05,0.17,0.34
3.12,-3.56,0.92,0.05,0.17,0.34
3.12,-3.6,0.88,0.06,0.16,0.33
3.18,-3.58,0.9,0.06,0.16,0.33
3.14,-3.62,0.96,0.07,0.14,0.33
3.16,-3.62,0.98,0.06,0.13,0.32
3.12,-3.66,0.98,0.06,0.12,0.31
3.08,-3.72,1.03,0.06,0.11,0.31
3.08,-3.7,0.92,0.06,0.11,0.31
3.08,-3.68,0.94,0.06,0.11,0.31
3.14,-3.73,0.92,0.06,0.11,0.31
3.2,-3.7,0.9,0.06,0.11,0.3
3.24,-3.62,0.79,0.05,0.12,0.3
3.2,-3.6,0.79,0.05,0.12,0.29
3.08,-3.6,0.69,0.05,0.12,0.29
2.99,-3.54,0.67,0.04,0.13,0.28
2.97,-3.54,0.73,0.04,0.13,0.28
2.89,-3.49,0.69,0.04,0.13,0.28
2.89,-3.58,0.71,0.04,0.13,0.29
2.87,-3.6,0.79,0.03,0.14,0.29
2.82,-3.62,0.86,0.03,0.14,0.3
2.82,-3.75,0.8,0.03,0.13,0.31
2.82,-3.77,0.88,0.03,0.14,0.31
2.91,-3.91,0.84,0.03,0.14,0.32
2.85,-3.87,1.0,0.03,0.14,0.32
2.87,-3.98,0.88,0.03,0.14,0.32
2.82,-3.96,1.0,0.04,0.14,0.32
2.76,-3.93,0.88,0.05,0.15,0.32
2.74,-3.93,0.9,0.05,0.15,0.32
2.8,-3.93,0.82,0.06,0.15,0.32
2.8,-3.89,0.9,0.06,0.15,0.32
2.85,-3.79,0.86,0.06,0.15,0.32
2.83,-3.83,0.82,0.07,0.15,0.32
2.78,-3.77,0.9,0.07,0.15,0.32
2.8,-3.85,0.82,0.06,0.15,0.32
2.74,-3.83,0.86,0.06,0.15,0.32
2.72,-3.83,0.92,0.05,0.15,0.32
2.72,-3.87,0.82,0.05,0.15,0.32
2.68,-3.91,0.79,0.05,0.16,0.32
2.66,-3.83,0.84,0.05,0.17,0.32
2.7,-3.87,0.92,0.05,0.17,0.32
2.64,-3.87,0.94,0.05,0.18,0.32
2.59,-3.85,0.98,0.05,0.18,0.31
2.57,-3.83,0.92,0.05,0.18,0.31
2.55,-3.85,0.98,0.05,0.18,0.31
2.53,-3.93,0.9,0.05,0.18,0.31
2.57,-3.93,0.96,0.05,0.18,0.31
2.62,-3.93,0.88,0.05,0.18,0.3
2.62,-3.91,0.9,0.05,0.18,0.3
2.55,-3.91,0.98,0.04,0.18,0.3
2.59,-4.0,1.02,0.03,0.18,0.3
2.49,-3.95,1.0,0.02,0.18,0.3
2.47,-3.96,1.02,0.01,0.18,0.29
2.47,-4.02,0.88,0.01,0.18,0.29
2.51,-4.02,0.9,0.0,0.18,0.29
2.45,-4.02,0.94,-0.0,0.19,0.28
2.09,-4.14,0.82,-0.01,0.19,0.28
2.34,-4.1,1.0,-0.01,0.19,0.27
2.28,-4.21,0.8,-0.01,0.19,0.27
2.24,-4.19,0.94,-0.0,0.18,0.27
2.16,-4.14,0.86,0.0,0.18,0.27
2.18,-4.18,0.96,0.01,0.18,0.27
2.15,-4.12,0.96,0.01,0.18,0.28
2.16,-4.18,1.03,0.0,0.17,0.28
2.13,-4.14,0.88,0.0,0.17,0.28
2.2,-4.12,0.96,0.0,0.16,0.28
2.2,-4.06,1.0,-0.0,0.16,0.28
2.2,-4.1,0.94,-0.0,0.16,0.28
2.26,-4.04,0.96,-0.01,0.16,0.28
2.22,-3.96,1.0,-0.01,0.16,0.28
2.26,-4.06,1.02,-0.02,0.16,0.28
2.26,-4.1,0.98,-0.03,0.16,0.27
2.26,-4.14,0.96,-0.03,0.16,0.27
2.2,-4.21,0.98,-0.04,0.16,0.27
2.18,-4.25,0.96,-0.05,0.16,0.27
2.07,-4.33,1.03,-0.05,0.16,0.27
2.07,-4.35,0.98,-0.05,0.15,0.27
1.99,-4.31,0.96,-0.05,0.15,0.27
1.92,-4.39,1.03,-0.04,0.15,0.27
1.9,-4.44,0.94,-0.04,0.14,0.27
1.78,-4.37,1.03,-0.03,0.14,0.27
1.86,-4.33,0.98,-0.02,0.14,0.28
1.8,-4.31,0.94,-0.02,0.14,0.28
1.78,-4.35,0.96,-0.02,0.14,0.29
1.8,-4.35,1.11,-0.02,0.14,0.29
1.82,-4.27,1.17,-0.02,0.14,0.29
1.84,-4.29,1.11,-0.02,0.14,0.3
1.84,-4.33,1.11,-0.02,0.13,0.3
1.82,-4.35,1.09,-0.02,0.13,0.3
1.84,-4.31,1.15,-0.02,0.13,0.3
1.86,-4.31,1.09,-0.02,0.13,0.3
1.82,-4.27,1.09,-0.01,0.13,0.3
1.8,-4.25,1.07,-0.01,0.13,0.3
1.88,-4.25,1.07,-0.01,0.14,0.3
1.86,-4.19,0.96,-0.01,0.15,0.3
1.78,-4.18,1.0,-0.0,0.15,0.3
1.82,-4.14,1.05,-0.0,0.16,0.3
1.84,-4.14,1.13,-0.0,0.17,0.31
1.86,-4.08,1.09,-0.0,0.17,0.31
1.84,-4.14,1.13,-0.01,0.17,0.31
1.82,-4.08,1.03,-0.01,0.18,0.31
1.76,-4.14,1.09,-0.02,0.18,0.3
1.78,-4.16,1.11,-0.02,0.19,0.3
1.72,-4.16,1.11,-0.03,0.19,0.3
1.69,-4.14,1.07,-0.03,0.2,0.3
1.69,-4.23,1.03,-0.04,0.2,0.3
1.69,-4.29,1.05,-0.05,0.2,0.3
1.67,-4.31,0.92,-0.05,0.21,0.3
1.65,-4.39,0.9,-0.06,0.21,0.3
1.69,-4.42,0.98,-0.06,0.2,0.29
1.69,-4.44,0.84,-0.06,0.21,0.29
1.7,-4.54,0.88,-0.07,0.21,0.29
1.72,-4.62,0.96,-0.07,0.21,0.28
1.72,-4.71,1.03,-0.07,0.21,0.27
1.76,-4.73,1.15,-0.07,0.22,0.27
1.7,-4.71,1.07,-0.06,0.22,0.26
1.69,-4.85,1.07,-0.05,0.21,0.25
1.61,-4.71,1.13,-0.04,0.21,0.24
1.55,-4.65,1.09,-0.04,0.21,0.24
1.47,-4.64,1.05,-0.03,0.2,0.23
1.47,-4.64,1.02,-0.02,0.2,0.23
1.32,-4.54,1.03,-0.02,0.2,0.22
1.26,-4.46,1.03,-0.02,0.2,0.22
1.21,-4.37,1.02,-0.01,0.2,0.22
1.23,-4.29,0.98,-0.01,0.2,0.23
1.13,-4.25,0.9,-0.01,0.2,0.23
1.05,-4.14,1.09,-0.01,0.2,0.23
1.09,-4.14,1.09,-0.01,0.19,0.23
1.09,-4.12,1.07,-0.01,0.19,0.24
1.09,-4.18,1.19,-0.02,0.18,0.25
1.15,-4.23,1.21,-0.02,0.18,0.25
1.19,-4.25,1.21,-0.03,0.17,0.26
1.26,-4.37,1.21,-0.03,0.17,0.27
1.26,-4.44,1.3,-0.04,0.16,0.27
1.24,-4.48,1.15,-0.04,0.16,0.27
1.26,-4.52,1.32,-0.04,0.15,0.27
1.26,-4.64,1.28,-0.04,0.14,0.27
1.23,-4.67,1.28,-0.04,0.13,0.27
1.17,-4.69,1.32,-0.04,0.13,0.27
1.11,-4.71,1.34,-0.03,0.12,0.26
1.11,-4.73,1.26,-0.03,0.12,0.26
1.05,-4.69,1.24,-0.02,0.12,0.26
1.05,-4.67,1.26,-0.02,0.11,0.26
1.05,-4.64,1.26,-0.01,0.11,0.26
1.03,-4.71,1.28,-0.01,0.11,0.26
1.0,-4.69,1.28,-0.0,0.1,0.26
0.98,-4.56,1.17,0.0,0.1,0.25
0.98,-4.62,1.23,0.01,0.09,0.25
1.0,-4.52,1.23,0.01,0.09,0.25
0.94,-4.44,1.24,0.01,0.09,0.24
0.86,-4.44,1.28,0.0,0.09,0.25
0.86,-4.44,1.28,-0.0,0.08,0.25
0.82,-4.42,1.3,-0.01,0.08,0.25
0.8,-4.48,1.34,-0.01,0.08,0.25
0.8,-4.54,1.26,-0.02,0.08,0.25
0.79,-4.6,1.32,-0.02,0.08,0.25
0.79,-4.56,1.34,-0.02,0.08,0.25
0.8,-4.62,1.24,-0.01,0.08,0.24
0.79,-4.65,1.21,-0.01,0.08,0.24
0.75,-4.73,1.17,0.0,0.07,0.23
0.71,-4.64,1.21,0.01,0.06,0.23
0.71,-4.71,1.21,0.01,0.06,0.22
0.67,-4.73,1.13,0.01,0.05,0.22
0.67,-4.71,1.19,0.01,0.04,0.22
0.61,-4.73,1.15,0.01,0.03,0.22
0.5,-4.73,1.13,0.02,0.02,0.22
0.48,-4.79,1.15,0.02,0.01,0.23
0.52,-4.79,0.96,0.02,0.0,0.23
0.52,-4.77,1.02,0.02,-0.01,0.24
0.48,-4.65,1.05,0.02,-0.02,0.24
0.5,-4.73,1.15,0.02,-0.02,0.24
0.42,-4.79,1.13,0.02,-0.02,0.23
0.31,-4.71,1.17,0.04,-0.02,0.24
0.34,-4.69,1.17,0.05,-0.03,0.24
0.34,-4.65,1.24,0.05,-0.03,0.25
0.4,-4.65,1.17,0.05,-0.02,0.25
0.38,-4.73,1.11,0.05,-0.02,0.25
0.46,-4.71,1.11,0.06,-0.01,0.25
0.48,-4.71,1.15,0.06,0.01,0.26
0.52,-4.71,1.07,0.07,0.02,0.25
0.42,-4.69,1.03,0.07,0.03,0.25
0.42,-4.67,1.0,0.07,0.04,0.25
0.46,-4.65,1.03,0.07,0.04,0.25
0.48,-4.64,1.07,0.06,0.05,0.24
0.48,-4.6,1.09,0.05,0.06,0.24
0.46,-4.64,1.11,0.05,0.07,0.24
0.38,-4.71,1.05,0.04,0.08,0.24
0.31,-4.69,1.19,0.05,0.08,0.23
0.23,-4.65,1.11,0.04,0.07,0.24
0.29,-4.79,1.19,0.04,0.07,0.23
0.17,-4.79,1.17,0.04,0.06,0.23
0.08,-4.81,1.21,0.04,0.05,0.23
0.02,-4.85,1.28,0.03,0.04,0.23
-0.02,-4.87,1.28,0.03,0.03,0.23
-0.04,-4.88,1.23,0.03,0.02,0.24
0.02,-4.87,1.32,0.03,0.01,0.24
0.06,-4.92,1.17,0.02,-0.0,0.24
0.0,-4.87,1.23,0.02,-0.01,0.25
0.02,-4.85,1.23,0.01,-0.02,0.25
0.06,-4.85,1.21,-0.0,-0.04,0.25
-0.04,-4.9,1.23,-0.01,-0.05,0.25
-0.02,-4.88,1.23,-0.01,-0.06,0.25
0.0,-4.85,1.21,-0.02,-0.07,0.25
0.02,-4.87,1.19,-0.02,-0.08,0.25
0.02,-4.87,1.23,-0.02,-0.09,0.24
0.06,-4.88,1.28,-0.03,-0.09,0.24
0.02,-4.88,1.23,-0.02,-0.09,0.24
0.06,-4.83,1.3,-0.02,-0.09,0.23
0.0,-4.87,1.19,-0.0,-0.09,0.23
-0.02,-4.79,1.15,0.01,-0.09,0.22
0.02,-4.73,1.17,0.03,-0.08,0.21
0.04,-4.67,1.09,0.04,-0.07,0.21
0.06,-4.6,1.03,0.05,-0.05,0.2
-0.02,-4.52,0.96,0.05,-0.04,0.19
0.1,-4.48,1.0,0.04,-0.03,0.18
0.08,-4.41,1.03,0.03,-0.01,0.17
0.04,-4.39,1.07,0.03,-0.0,0.17
0.06,-4.41,1.03,0.02,0.01,0.17
-0.02,-4.37,1.19,0.01,0.01,0.16
0.0,-4.42,1.13,-0.0,0.01,0.16
-0.02,-4.5,1.21,-0.01,0.0,0.16
-0.04,-4.58,1.15,-0.01,-0.01,0.15
-0.06,-4.64,1.07,-0.02,-0.01,0.14
-0.06,-4.64,1.03,-0.02,-0.02,0.14
-0.11,-4.64,1.02,-0.03,-0.01,0.13
-0.15,-4.69,1.21,-0.04,-0.0,0.13
-0.15,-4.67,1.11,-0.04,0.0,0.12
-0.08,-4.71,1.17,-0.05,0.01,0.12
-0.13,-4.71,1.26,-0.05,0.01,0.12
-0.15,-4.75,1.26,-0.05,0.01,0.12
-0.19,-4.73,1.26,-0.06,0.0,0.12
-0.21,-4.77,1.24,-0.06,-0.01,0.12
-0.15,-4.77,1.26,-0.05,-0.01,0.12
-0.1,-4.77,1.23,-0.05,-0.02,0.12
-0.13,-4.79,1.24,-0.04,-0.02,0.12
-0.1,-4.75,1.15,-0.03,-0.02,0.12
-0.06,-4.65,1.13,-0.03,-0.01,0.12
-0.11,-4.67,1.13,-0.02,-0.01,0.11
-0.21,-4.6,1.15,-0.02,-0.01,0.11
-0.21,-4.56,1.15,-0.02,-0.0,0.11
-0.21,-4.5,1.21,-0.02,-0.0,0.11
-0.19,-4.58,1.17,-0.02,-0.0,0.1
-0.19,-4.58,1.15,-0.02,-0.0,0.1
-0.21,-4.52,1.21,-0.02,-0.0,0.1
-0.23,-4.5,1.03,-0.02,0.0,0.09
-0.23,-4.5,1.15,-0.03,0.0,0.09
-0.23,-4.6,1.13,-0.04,0.01,0.09
-0.21,-4.69,1.19,-0.05,0.01,0.08
-0.23,-4.64,1.23,-0.06,0.0,0.07
-0.23,-4.73,1.26,-0.07,0.0,0.07
-0.21,-4.77,1.3,-0.07,-0.0,0.06
-0.21,-4.79,1.19,-0.06,-0.01,0.05
-0.15,-4.69,1.19,-0.05,0.0,0.05
-0.19,-4.75,1.17,-0.04,0.01,0.05
-0.15,-4.69,1.19,-0.04,0.02,0.04
-0.11,-4.71,1.23,-0.04,0.03,0.04
-0.08,-4.69,1.24,-0.04,0.03,0.04
-0.08,-4.58,1.38,-0.04,0.04,0.03
-0.1,-4.6,1.3,-0.04,0.05,0.03
-0.06,-4.54,1.26,-0.04,0.06,0.03
-0.02,-4.58,1.28,-0.04,0.06,0.02
0.0,-4.5,1.23,-0.05,0.07,0.01
0.02,-4.46,1.26,-0.06,0.07,0.0
0.02,-4.46,1.23,-0.07,0.07,-0.0
0.02,-4.48,1.13,-0.08,0.08,-0.01
-0.04,-4.48,1.09,-0.1,0.08,-0.01
-0.1,-4.48,1.17,-0.11,0.08,-0.01
-0.02,-4.54,1.13,-0.11,0.09,-0.02
-0.1,-4.56,1.07,-0.12,0.09,-0.02
-0.13,-4.62,1.05,-0.11,0.09,-0.02
-0.1,-4.62,1.13,-0.11,0.09,-0.02
-0.08,-4.69,1.13,-0.11,0.08,-0.02
-0.11,-4.69,1.17,-0.11,0.08,-0.02
-0.17,-4.64,1.11,-0.1,0.08,-0.03
-0.1,-4.67,1.17,-0.09,0.09,-0.02
-0.1,-4.64,1.17,-0.09,0.1,-0.02
-0.06,-4.67,1.21,-0.09,0.11,-0.02
-0.08,-4.69,1.13,-0.08,0.12,-0.02
-0.08,-4.69,1.13,-0.08,0.12,-0.02
-0.1,-4.67,1.15,-0.08,0.13,-0.02
-0.11,-4.73,1.13,-0.08,0.13,-0.03
-0.15,-4.73,1.09,-0.08,0.13,-0.03
-0.19,-4.65,1.03,-0.07,0.13,-0.03
-0.19,-4.64,1.0,-0.08,0.12,-0.03
-0.15,-4.67,1.03,-0.08,0.12,-0.03
-0.21,-4.73,1.05,-0.08,0.12,-0.03
-0.15,-4.71,1.07,-0.08,0.12,-0.03
-0.19,-4.75,0.98,-0.08,0.11,-0.03
-0.15,-4.79,1.07,-0.08,0.11,-0.04
-0.21,-4.77,1.05,-0.07,0.11,-0.04
-0.21,-4.85,0.94,-0.07,0.11,-0.04
-0.19,-4.81,1.02,-0.06,0.11,-0.04
-0.23,-4.79,0.96,-0.06,0.1,-0.04
-0.23,-4.73,0.98,-0.06,0.1,-0.04
-0.21,-4.75,0.88,-0.06,0.1,-0.03
-0.11,-4.73,0.94,-0.06,0.1,-0.03
-0.17,-4.79,0.94,-0.06,0.1,-0.03
-0.04,-4.77,0.88,-0.06,0.1,-0.03
-0.02,-4.79,0.94,-0.06,0.1,-0.03
-0.11,-4.83,0.98,-0.06,0.1,-0.03
-0.04,-4.81,1.0,-0.06,0.1,-0.03
-0.04,-4.81,0.94,-0.05,0.1,-0.03
0.02,-4.83,0.96,-0.04,0.1,-0.03
0.02,-4.79,0.92,-0.04,0.1,-0.04
-0.02,-4.79,0.86,-0.04,0.11,-0.04
0.02,-4.88,0.88,-0.04,0.11,-0.04
0.0,-4.88,0.88,-0.04,0.11,-0.04
0.06,-4.88,0.86,-0.03,0.11,-0.04
0.04,-4.81,0.86,-0.02,0.11,-0.04
0.13,-4.79,0.82,-0.02,0.11,-0.04
0.1,-4.75,0.8,-0.01,0.11,-0.05
0.06,-4.67,0.82,-0.01,0.11,-0.05
0.02,-4.67,0.82,-0.01,0.11,-0.05
-0.02,-4.64,0.88,-0.01,0.1,-0.05
-0.04,-4.67,0.88,-0.01,0.09,-0.05
-0.1,-4.69,0.92,-0.01,0.09,-0.05
-0.11,-4.71,0.98,-0.01,0.08,-0.05
-0.13,-4.75,1.0,-0.01,0.08,-0.04
-0.15,-4.69,1.02,-0.0,0.08,-0.04
-0.1,-4.71,1.02,0.0,0.08,-0.03
-0.19,-4.73,1.03,0.01,0.08,-0.02
-0.13,-4.77,0.98,0.01,0.08,-0.02
-0.1,-4.71,0.96,0.01,0.08,-0.02
-0.1,-4.69,0.96,0.01,0.08,-0.01
-0.11,-4.67,0.88,0.01,0.08,-0.01
-0.1,-4.65,0.9,0.0,0.08,-0.01
-0.06,-4.62,0.94,-0.0,0.08,-0.01
-0.04,-4.69,0.9,-0.01,0.07,-0.01
-0.04,-4.71,0.88,-0.02,0.07,-0.01
-0.04,-4.69,0.8,-0.02,0.07,-0.01
-0.04,-4.75,0.84,-0.02,0.07,-0.01
0.02,-4.73,0.86,-0.03,0.07,-0.01
-0.04,-4.77,0.88,-0.03,0.07,-0.01
0.02,-4.79,0.79,-0.03,0.06,-0.01
-0.02,-4.79,0.82,-0.03,0.06,-0.01
-0.02,-4.77,0.92,-0.03,0.06,-0.01
0.04,-4.81,0.9,-0.02,0.06,-0.01
0.04,-4.81,0.84,-0.02,0.06,-0.01
0.02,-4.81,0.88,-0.02,0.07,-0.01
0.06,-4.83,0.94,-0.01,0.07,-0.01
0.08,-4.83,0.92,-0.0,0.07,-0.01
0.1,-4.83,1.0,0.0,0.07,-0.01
0.06,-4.83,0.94,0.01,0.07,-0.01
0.0,-4.77,1.03,0.02,0.07,-0.01
-0.06,-4.75,1.05,0.02,0.07,-0.01
-0.08,-4.73,1.07,0.02,0.06,-0.01
-0.11,-4.73,1.03,0.02,0.06,-0.01
-0.1,-4.67,1.03,0.02,0.05,-0.01
-0.15,-4.69,1.03,0.02,0.05,-0.01
-0.17,-4.69,0.96,0.01,0.05,-0.0
-0.19,-4.67,0.98,0.01,0.04,-0.0
-0.21,-4.71,0.96,0.01,0.04,-0.0
-0.23,-4.73,0.96,0.0,0.04,-0.0
-0.23,-4.81,0.96,0.0,0.03,-0.0
-0.23,-4.73,0.9,-0.0,0.03,-0.0
-0.21,-4.75,0.86,-0.0,0.02,-0.0
-0.19,-4.79,0.96,-0.0,0.02,-0.0
-0.21,-4.73,0.88,0.0,0.02,0.0
-0.17,-4.79,0.96,0.0,0.01,0.0
-0.15,-4.75,0.96,0.0,0.01,0.0
-0.13,-4.73,0.9,0.0,0.02,0.0
-0.11,-4.81,0.92,-0.0,0.02,0.0
-0.11,-4.73,0.92,-0.0,0.02,-0.0
-0.08,-4.71,0.88,-0.0,0.02,-0.0
-0.11,-4.71,0.88,-0.0,0.02,-0.0
-0.04,-4.75,0.84,-0.0,0.03,-0.0
-0.04,-4.73,0.92,0.0,0.03,-0.0
-0.04,-4.69,0.92,0.01,0.03,-0.0
-0.04,-4.67,0.88,0.01,0.04,-0.01
0.02,-4.67,0.88,0.02,0.04,-0.01
0.04,-4.71,0.9,0.02,0.04,-0.01
0.02,-4.65,0.94,0.03,0.04,-0.01
0.0,-4.71,0.9,0.02,0.04,-0.01
-0.13,-4.71,1.02,0.02,0.03,-0.02
-0.11,-4.75,0.96,0.02,0.03,-0.02
-0.1,-4.79,1.11,0.02,0.03,-0.02
-0.15,-4.79,1.09,0.01,0.03,-0.03
-0.08,-4.83,1.03,0.01,0.02,-0.03
-0.13,-4.81,1.05,0.01,0.02,-0.03
-0.17,-4.77,1.03,0.01,0.02,-0.02
-0.15,-4.81,1.15,0.01,0.02,-0.02
-0.08,-4.77,1.0,0.01,0.01,-0.01
-0.11,-4.73,1.0,0.01,0.01,-0.01
-0.1,-4.69,1.0,0.02,0.01,-0.01
-0.02,-4.69,1.07,0.02,0.0,-0.01
-0.1,-4.65,0.9,0.02,0.0,-0.0
-0.06,-4.69,1.02,0.02,0.0,-0.0
0.02,-4.6,1.02,0.02,0.0,-0.0
-0.08,-4.6,1.0,0.02,0.0,-0.0
-0.06,-4.58,0.94,0.01,0.01,-0.0
-0.02,-4.64,0.94,0.01,0.01,-0.0
-0.02,-4.64,0.98,0.01,0.01,-0.0
-0.02,-4.65,0.98,0.01,0.02,-0.0
-0.06,-4.62,0.96,0.01,0.02,-0.0
0.0,-4.65,0.96,0.01,0.02,-0.0
0.0,-4.67,1.07,0.0,0.02,-0.0
0.0,-4.71,0.92,0.0,0.02,-0.01
0.0,-4.71,1.05,0.0,0.02,-0.01
0.0,-4.77,1.03,0.0,0.02,-0.01
-0.02,-4.73,0.98,0.0,0.02,-0.01
-0.11,-4.79,1.03,0.0,0.02,-0.01
-0.11,-4.79,1.03,0.0,0.02,-0.01
-0.11,-4.85,1.11,0.0,0.02,-0.01
-0.17,-4.81,1.05,0.01,0.01,-0.01
-0.11,-4.77,1.03,0.01,0.01,-0.01
-0.11,-4.75,1.0,0.01,0.01,-0.01
-0.06,-4.67,0.98,0.01,0.01,-0.01
-0.1,-4.71,0.98,0.01,0.01,-0.01
-0.06,-4.69,0.94,0.01,0.01,-0.0
-0.08,-4.69,0.98,0.01,0.01,-0.0
-0.02,-4.67,0.98,0.01,0.02,-0.0
-0.02,-4.65,0.98,0.0,0.02,0.0
-0.02,-4.69,0.98,0.0,0.02,0.0
-0.02,-4.67,1.0,0.0,0.02,0.0
0.0,-4.75,1.02,0.0,0.02,-0.0
0.17,-4.69,1.24,0.0,0.02,-0.0
0.06,-4.73,1.0,0.01,0.02,-0.01
-0.02,-4.67,1.05,0.01,0.02,-0.01
0.1,-4.73,0.92,0.01,0.02,-0.01
0.02,-4.69,1.03,0.01,0.02,-0.01
0.02,-4.73,1.03,0.01,0.02,-0.01
0.04,-4.73,1.05,0.01,0.02,-0.01
0.02,-4.71,1.05,0.01,0.02,-0.01
0.04,-4.71,1.02,0.01,0.03,-0.01
-0.02,-4.69,1.03,0.01,0.03,-0.01
-0.11,-4.67,1.02,0.01,0.03,-0.01
-0.04,-4.67,1.03,0.01,0.03,-0.01
-0.04,-4.67,1.09,0.01,0.03,-0.01
-0.06,-4.67,1.03,0.02,0.03,-0.01
-0.02,-4.69,1.09,0.02,0.03,-0.01
-0.06,-4.73,0.98,0.02,0.03,-0.01
-0.08,-4.69,1.03,0.02,0.02,-0.01
-0.04,-4.69,1.03,0.02,0.02,-0.01
-0.08,-4.69,1.03,0.02,0.02,-0.01
-0.02,-4.75,1.02,0.02,0.02,-0.01
-0.02,-4.67,1.0,0.02,0.02,-0.01
-0.02,-4.71,1.05,0.02,0.02,-0.01
0.0,-4.69,1.09,0.02,0.02,-0.0
0.02,-4.71,1.03,0.02,0.02,-0.0
0.0,-4.73,1.05,0.02,0.02,-0.0
0.0,-4.73,1.03,0.01,0.02,-0.0
-0.02,-4.67,1.02,0.01,0.02,-0.0
0.08,-4.71,1.02,0.01,0.02,-0.0
0.0,-4.69,1.03,0.01,0.02,-0.0
0.06,-4.67,1.03,0.01,0.02,-0.0
0.06,-4.64,1.02,0.01,0.02,-0.0
0.08,-4.67,1.02,0.01,0.02,-0.0
0.08,-4.65,1.02,0.01,0.02,-0.0
0.02,-4.75,1.11,0.01,0.02,-0.01
-0.04,-4.73,1.17,0.0,0.02,-0.0
0.0,-4.75,1.09,0.0,0.02,-0.01
0.0,-4.71,1.02,0.0,0.02,-0.01
-0.02,-4.71,1.02,0.0,0.02,-0.01
0.0,-4.69,1.07,0.0,0.02,-0.01
-0.02,-4.71,1.0,0.0,0.02,-0.01
0.0,-4.73,1.02,0.0,0.02,-0.01
-0.04,-4.71,1.02,0.0,0.02,-0.01
-0.04,-4.67,1.05,0.0,0.02,-0.01
-0.04,-4.71,1.02,0.0,0.02,-0.01
-0.04,-4.69,1.09,0.0,0.02,-0.01
-0.06,-4.69,1.03,0.0,0.02,-0.01
-0.15,-4.75,1.09,0.0,0.02,-0.01
-0.11,-4.71,1.09,0.0,0.02,-0.01
-0.1,-4.65,1.09,0.01,0.02,-0.0
-0.04,-4.71,1.05,0.01,0.02,-0.0
0.0,-4.71,1.02,0.0,0.02,-0.0
0.02,-4.64,1.11,0.0,0.02,-0.0
0.0,-4.69,1.09,-0.0,0.02,-0.0
0.06,-4.67,1.05,-0.0,0.02,-0.0
0.08,-4.75,1.15,-0.0,0.02,-0.0
0.06,-4.69,1.11,-0.01,0.03,-0.0
0.04,-4.69,1.07,-0.0,0.03,-0.0
-0.04,-4.67,1.09,-0.0,0.03,-0.0
0.04,-4.73,1.07,0.0,0.03,-0.0
0.06,-4.75,1.07,0.0,0.03,-0.0
0.0,-4.71,1.03,0.0,0.03,-0.0
0.02,-4.71,1.05,0.0,0.03,-0.0
0.04,-4.73,0.94,0.0,0.03,-0.0
0.02,-4.67,1.07,-0.0,0.03,-0.0
0.0,-4.71,1.0,-0.0,0.03,-0.0
0.02,-4.71,1.07,-0.0,0.03,-0.0
0.04,-4.64,1.03,-0.0,0.03,-0.0
-0.02,-4.67,1.07,-0.0,0.03,-0.0
0.0,-4.71,1.17,0.0,0.03,-0.0
-0.08,-4.75,1.13,0.0,0.03,-0.0
0.02,-4.79,1.11,0.01,0.03,-0.0
0.0,-4.69,1.11,0.01,0.03,-0.0
-0.04,-4.65,1.07,0.01,0.03,-0.0
-0.04,-4.77,1.03,0.01,0.03,-0.0
-0.02,-4.67,1.05,0.01,0.03,-0.0
-0.1,-4.69,1.09,0.01,0.03,-0.0
-0.08,-4.69,1.0,0.01,0.03,0.0
-0.06,-4.64,0.96,0.0,0.03,-0.0
-0.06,-4.67,1.07,0.0,0.03,-0.0
-0.06,-4.69,1.05,0.0,0.03,-0.0
-0.04,-4.69,1.07,0.0,0.03,-0.0
0.02,-4.77,1.09,0.0,0.03,-0.0
0.04,-4.71,1.05,0.0,0.03,-0.0
0.02,-4.71,1.09,0.0,0.03,-0.0
0.02,-4.71,1.05,0.0,0.03,-0.0
0.0,-4.71,1.05,0.0,0.03,-0.0
0.0,-4.69,1.02,0.0,0.03,-0.0
0.02,-4.71,1.07,-0.0,0.03,-0.0
-0.02,-4.71,1.03,-0.0,0.03,-0.0
0.02,-4.71,1.09,-0.0,0.03,-0.0
0.0,-4.69,1.05,-0.0,0.03,-0.0
-0.04,-4.69,1.09,0.0,0.03,-0.0
0.0,-4.69,1.05,0.0,0.03,-0.0
-0.02,-4.65,1.03,0.0,0.03,-0.0
0.02,-4.64,1.02,-0.0,0.03,-0.0
-0.02,-4.71,1.07,-0.0,0.03,-0.0
-0.02,-4.71,1.09,-0.0,0.03,-0.0
0.0,-4.67,1.11,-0.0,0.03,-0.0
0.0,-4.69,1.05,-0.0,0.03,-0.0
-0.04,-4.69,1.09,-0.0,0.03,-0.0
-0.04,-4.73,1.15,-0.0,0.03,-0.0
-0.08,-4.75,1.11,-0.0,0.03,-0.0
-0.02,-4.69,1.09,-0.0,0.03,-0.0
0.0,-4.69,1.05,-0.0,0.03,-0.0
0.0,-4.75,1.05,-0.0,0.03,-0.0
-0.08,-4.65,1.09,-0.0,0.03,-0.0
-0.11,-4.67,1.15,-0.0,0.03,-0.01
0.0,-4.73,1.11,-0.0,0.03,-0.01
-0.06,-4.69,1.11,-0.0,0.03,-0.01
0.0,-4.67,1.09,0.0,0.03,-0.01
0.0,-4.71,1.05,0.0,0.03,-0.01
-0.04,-4.65,1.07,0.0,0.03,-0.01
-0.02,-4.69,1.11,0.0,0.04,-0.01
0.0,-4.73,1.11,0.0,0.04,-0.01
-0.02,-4.71,1.03,0.0,0.04,-0.01
0.0,-4.71,1.02,0.0,0.04,-0.01
0.0,-4.67,1.17,0.0,0.04,-0.0
0.04,-4.69,1.15,0.0,0.04,-0.0
0.0,-4.71,1.07,0.0,0.04,-0.0
-0.04,-4.64,1.11,-0.0,0.04,-0.0
0.0,-4.64,1.09,-0.0,0.04,-0.0
0.02,-4.71,1.11,-0.0,0.04,-0.0
0.0,-4.71,1.07,-0.0,0.04,-0.0
-0.02,-4.67,1.17,-0.0,0.04,-0.01
-0.02,-4.73,1.17,-0.0,0.04,-0.01
0.04,-4.67,1.09,-0.0,0.04,-0.01
-0.02,-4.67,1.11,-0.0,0.04,-0.01
-0.02,-4.67,1.17,-0.0,0.04,-0.01
-0.02,-4.71,1.11,-0.0,0.04,-0.0
0.0,-4.69,1.05,-0.01,0.04,-0.0
0.02,-4.67,1.07,-0.01,0.04,-0.0
0.02,-4.69,1.15,-0.01,0.04,-0.0
0.06,-4.75,1.17,-0.01,0.04,-0.0
0.0,-4.69,1.09,-0.01,0.04,-0.0
-0.02,-4.69,1.07,-0.01,0.04,-0.0
-0.02,-4.69,1.11,-0.01,0.04,-0.0
0.0,-4.69,1.07,-0.0,0.04,-0.0
0.0,-4.67,1.13,-0.0,0.03,-0.0
0.0,-4.69,1.13,-0.01,0.03,-0.01
-0.1,-4.64,1.02,-0.01,0.04,-0.0
0.02,-4.62,1.07,-0.01,0.04,-0.0
-0.04,-4.67,1.15,-0.01,0.04,-0.0
-0.04,-4.69,1.05,-0.01,0.04,-0.0
0.02,-4.65,1.19,-0.01,0.04,-0.0
-0.06,-4.71,1.15,-0.0,0.04,-0.0
-0.02,-4.69,1.09,-0.0,0.04,-0.0
-0.02,-4.65,1.09,-0.0,0.04,-0.0
-0.04,-4.67,1.05,-0.0,0.04,-0.0
-0.04,-4.67,1.09,-0.0,0.04,-0.0
0.04,-4.69,1.07,-0.0,0.04,-0.0
0.04,-4.69,1.11,-0.0,0.04,-0.0
0.0,-4.71,1.15,-0.01,0.04,-0.0
0.0,-4.71,1.11,-0.01,0.04,-0.0
0.0,-4.71,1.17,-0.01,0.04,-0.0
-0.04,-4.67,1.0,-0.01,0.04,-0.0
-0.02,-4.71,1.19,-0.01,0.04,-0.0
-0.06,-4.67,1.11,-0.01,0.04,-0.0
0.04,-4.67,1.05,-0.01,0.04,-0.0
-0.02,-4.71,1.05,-0.0,0.04,-0.0
0.0,-4.73,1.05,-0.0,0.03,-0.0
-0.06,-4.67,1.15,-0.0,0.04,-0.0
0.02,-4.71,1.13,-0.0,0.04,-0.0
-0.02,-4.71,1.11,-0.0,0.04,-0.0
0.04,-4.69,1.09,-0.0,0.03,-0.0
-0.02,-4.69,1.07,-0.0,0.03,-0.0
0.0,-4.73,1.05,-0.01,0.03,-0.0
0.0,-4.75,1.15,-0.01,0.03,-0.01
0.04,-4.71,1.07,-0.01,0.03,-0.01
0.04,-4.73,1.09,-0.01,0.03,-0.01
0.02,-4.64,1.13,-0.01,0.04,-0.01
0.02,-4.73,1.07,-0.01,0.03,-0.01
-0.02,-4.67,1.11,-0.01,0.04,-0.0
0.06,-4.71,1.09,-0.01,0.03,-0.01
-0.04,-4.69,1.07,-0.01,0.04,-0.01
0.0,-4.69,1.11,-0.01,0.03,-0.01
0.0,-4.69,1.0,-0.01,0.03,-0.01
-0.02,-4.67,1.13,-0.01,0.03,-0.01
0.0,-4.71,1.03,-0.0,0.03,-0.01
0.0,-4.71,1.15,-0.0,0.03,-0.01
0.0,-4.69,1.05,-0.0,0.04,-0.01
-0.06,-4.71,1.17,-0.0,0.03,-0.01
-0.02,-4.64,1.07,-0.0,0.03,-0.0
-0.04,-4.65,1.11,-0.0,0.03,-0.01
-0.08,-4.67,1.0,-0.0,0.03,-0.01
-0.04,-4.65,1.07,-0.0,0.03,-0.01
-0.02,-4.71,1.11,-0.0,0.03,-0.0
-0.06,-4.65,1.11,-0.0,0.03,-0.0
-0.06,-4.67,1.09,-0.0,0.03,-0.0
-0.02,-4.69,1.17,-0.0,0.03,-0.0
0.0,-4.69,1.13,-0.0,0.03,-0.0
0.0,-4.64,1.09,-0.0,0.03,-0.0
0.0,-4.71,1.17,-0.0,0.03,-0.0
0.0,-4.73,1.09,-0.01,0.03,-0.0
-0.06,-4.64,1.09,-0.01,0.03,-0.0
0.0,-4.69,1.07,-0.0,0.03,-0.0
0.06,-4.71,1.09,-0.0,0.03,-0.0
-0.02,-4.71,1.09,-0.0,0.03,-0.01
0.04,-4.71,1.07,-0.0,0.03,-0.0
0.0,-4.67,1.11,0.0,0.03,-0.01
-0.02,-4.62,1.05,0.0,0.03,-0.0
0.02,-4.67,1.15,0.0,0.03,-0.01
0.02,-4.65,1.15,0.0,0.03,-0.0
0.0,-4.67,1.13,-0.0,0.03,-0.0
0.04,-4.69,1.15,-0.0,0.03,-0.0
0.0,-4.69,1.17,-0.0,0.03,-0.0
-0.04,-4.73,1.11,-0.0,0.03,-0.0
0.06,-4.73,1.15,-0.0,0.03,-0.0
-0.02,-4.65,1.11,0.0,0.03,-0.0
0.0,-4.69,1.13,0.0,0.03,-0.0
0.02,-4.73,1.11,0.0,0.03,-0.0
-0.04,-4.65,1.07,0.01,0.03,-0.0
0.02,-4.67,1.11,0.01,0.03,-0.0
-0.04,-4.67,1.11,0.0,0.03,-0.0
0.02,-4.67,1.13,0.0,0.03,-0.0
-0.04,-4.62,1.07,0.0,0.03,-0.0
0.0,-4.67,1.11,-0.0,0.03,0.0
0.02,-4.69,1.13,-0.0,0.03,0.0
0.06,-4.71,1.07,-0.0,0.03,0.0
0.02,-4.75,1.11,0.0,0.03,0.0
-0.02,-4.67,1.05,0.0,0.03,0.0
0.04,-4.69,1.17,0.01,0.03,-0.0
