accX,accY,accZ,gyroX,gyroY,gyroZ
0.08,-4.33,1.86,-0.01,0.03,-0.0
0.1,-4.29,1.86,-0.01,0.03,-0.0
0.11,-4.37,1.95,-0.01,0.03,-0.0
0.13,-4.35,1.9,-0.01,0.03,-0.0
0.13,-4.29,1.88,-0.01,0.03,-0.0
0.1,-4.27,1.88,-0.0,0.03,-0.0
0.1,-4.35,2.01,-0.0,0.03,-0.0
0.13,-4.33,1.93,-0.0,0.03,-0.0
0.15,-4.41,1.93,-0.0,0.03,-0.0
0.08,-4.33,1.97,-0.0,0.03,-0.0
0.15,-4.31,1.95,-0.0,0.03,-0.0
0.13,-4.37,1.86,0.0,0.03,-0.0
0.11,-4.33,1.99,0.0,0.03,-0.0
0.13,-4.39,1.92,-0.0,0.03,-0.0
0.11,-4.35,1.9,-0.0,0.03,-0.0
0.1,-4.31,1.9,-0.0,0.03,-0.0
0.1,-4.33,1.88,-0.0,0.03,-0.0
0.08,-4.37,1.93,-0.0,0.03,-0.0
0.1,-4.33,1.9,-0.0,0.03,-0.0
0.1,-4.33,1.92,-0.01,0.03,-0.0
0.08,-4.31,1.93,-0.01,0.03,-0.0
0.1,-4.25,1.84,-0.01,0.03,-0.0
0.13,-4.27,1.97,-0.0,0.03,-0.0
0.11,-4.39,1.95,-0.0,0.03,-0.0
0.21,-4.41,1.95,-0.0,0.03,-0.0
0.27,-4.56,2.11,-0.0,0.03,0.0
0.19,-4.37,1.84,0.0,0.03,-0.0
0.23,-4.27,2.03,-0.0,0.03,-0.0
0.21,-4.19,1.8,-0.0,0.03,-0.0
0.08,-4.46,1.84,-0.0,0.03,-0.0
0.04,-4.37,2.05,-0.0,0.03,-0.0
-0.02,-4.31,1.82,-0.0,0.03,-0.0
0.25,-4.33,2.38,0.0,0.03,-0.0
0.21,-4.29,1.99,0.0,0.03,-0.0
0.11,-4.44,1.92,0.01,0.03,-0.0
0.0,-4.31,1.9,0.01,0.03,-0.0
0.02,-4.25,1.97,0.01,0.03,-0.0
0.17,-4.25,2.15,0.0,0.03,-0.0
0.13,-4.06,1.92,0.0,0.03,-0.0
0.06,-4.25,1.9,-0.0,0.03,-0.0
0.11,-4.33,1.99,-0.0,0.03,-0.0
0.08,-4.25,1.9,-0.0,0.03,-0.0
0.13,-4.31,1.93,-0.01,0.03,-0.0
0.13,-4.25,1.93,-0.01,0.03,-0.0
0.13,-4.27,1.93,-0.01,0.03,-0.0
0.15,-4.33,1.99,-0.01,0.03,-0.0
0.17,-4.33,1.95,-0.01,0.03,-0.0
0.08,-4.35,1.88,-0.01,0.03,-0.0
0.11,-4.33,1.92,-0.01,0.03,-0.0
0.08,-4.35,1.97,-0.01,0.03,-0.0
0.08,-4.31,1.88,-0.01,0.03,-0.0
0.13,-4.31,1.99,-0.0,0.03,-0.0
0.08,-4.33,1.93,-0.0,0.03,-0.0
0.1,-4.29,1.92,-0.0,0.03,-0.0
0.15,-4.29,1.92,-0.0,0.03,-0.0
0.17,-4.31,1.88,-0.0,0.03,-0.0
0.11,-4.23,1.9,-0.0,0.03,-0.0
0.1,-4.29,1.88,-0.01,0.03,-0.0
0.1,-4.31,1.95,-0.01,0.03,-0.0
0.08,-4.31,1.9,-0.01,0.03,-0.0
0.13,-4.33,1.92,-0.01,0.03,-0.0
0.1,-4.31,2.01,-0.01,0.03,-0.0
0.1,-4.37,1.97,-0.01,0.03,-0.0
0.17,-4.31,1.97,-0.01,0.03,-0.0
0.1,-4.35,1.88,-0.01,0.03,-0.0
0.13,-4.33,1.92,-0.01,0.03,-0.0
0.15,-4.35,1.95,-0.01,0.03,-0.0
0.13,-4.37,1.93,-0.01,0.03,-0.0
0.11,-4.31,1.93,-0.01,0.03,-0.0
0.06,-4.27,1.97,-0.01,0.03,-0.0
0.13,-4.33,1.93,-0.01,0.03,-0.0
0.15,-4.33,1.92,-0.01,0.03,-0.0
0.1,-4.31,1.97,-0.01,0.03,-0.0
0.11,-4.29,1.9,-0.01,0.03,-0.0
0.17,-4.35,1.9,-0.01,0.03,-0.0
0.13,-4.27,1.9,-0.01,0.03,-0.0
0.11,-4.37,1.99,-0.01,0.03,-0.0
0.13,-4.27,1.97,-0.01,0.03,-0.0
0.13,-4.33,1.93,-0.01,0.03,-0.0
0.15,-4.29,1.9,-0.01,0.03,-0.0
0.11,-4.35,1.97,-0.01,0.03,-0.0
0.13,-4.27,1.95,-0.01,0.03,-0.0
0.11,-4.31,1.86,-0.01,0.03,-0.0
0.13,-4.35,1.8,-0.01,0.03,-0.0
0.1,-4.35,1.93,-0.01,0.03,-0.0
0.08,-4.31,1.88,-0.01,0.03,-0.0
0.11,-4.35,1.9,-0.01,0.03,-0.0
0.13,-4.37,1.97,-0.01,0.03,-0.0
0.17,-4.41,1.92,-0.01,0.04,-0.0
0.11,-4.27,1.86,-0.01,0.03,-0.0
0.13,-4.29,1.93,-0.01,0.03,-0.0
0.17,-4.31,1.93,-0.01,0.03,-0.0
0.1,-4.35,1.93,-0.01,0.03,-0.0
0.13,-4.35,1.92,-0.01,0.03,-0.0
0.13,-4.29,1.99,-0.01,0.03,-0.0
0.15,-4.33,2.01,-0.01,0.03,-0.0
0.21,-4.37,1.97,-0.01,0.03,-0.0
0.08,-4.33,1.97,-0.01,0.03,-0.0
0.13,-4.37,1.86,-0.01,0.03,-0.0
0.15,-4.35,1.97,-0.01,0.03,-0.0
0.13,-4.33,1.99,-0.01,0.03,-0.0
0.13,-4.35,1.95,-0.0,0.03,-0.0
0.17,-4.29,1.92,-0.0,0.03,-0.0
0.11,-4.27,1.93,-0.0,0.03,-0.0
0.11,-4.31,1.93,-0.01,0.03,-0.0
0.13,-4.33,1.9,-0.01,0.03,-0.0
0.13,-4.31,1.9,-0.01,0.03,-0.0
0.11,-4.35,1.9,-0.01,0.03,-0.0
0.15,-4.35,1.93,-0.01,0.03,-0.0
0.13,-4.31,1.97,-0.01,0.03,-0.0
0.17,-4.31,2.01,-0.01,0.04,-0.0
0.15,-4.31,1.95,-0.01,0.04,-0.0
0.15,-4.37,1.93,-0.01,0.04,-0.0
0.11,-4.27,1.86,-0.01,0.04,-0.0
0.11,-4.33,1.95,-0.01,0.04,-0.0
0.11,-4.31,1.93,-0.01,0.04,-0.0
0.13,-4.31,1.88,-0.01,0.04,-0.0
0.08,-4.23,1.92,-0.01,0.03,-0.0
0.1,-4.29,1.84,-0.01,0.04,-0.0
0.08,-4.27,1.93,-0.01,0.04,-0.0
0.1,-4.31,1.9,-0.0,0.04,-0.0
0.15,-4.29,1.97,-0.0,0.03,-0.0
0.11,-4.29,1.9,-0.01,0.03,-0.0
0.19,-4.29,1.86,-0.01,0.03,-0.0
0.13,-4.27,1.82,-0.01,0.04,-0.0
0.13,-4.33,1.97,-0.01,0.03,-0.0
0.1,-4.31,1.93,-0.01,0.03,-0.0
0.13,-4.33,1.93,-0.01,0.03,-0.0
0.15,-4.31,1.95,-0.01,0.03,-0.0
0.1,-4.31,1.95,-0.01,0.03,-0.0
0.11,-4.33,1.9,-0.01,0.03,-0.0
0.06,-4.33,1.95,-0.01,0.03,-0.0
0.11,-4.35,1.93,-0.01,0.04,-0.0
0.13,-4.31,1.92,-0.01,0.04,-0.0
0.13,-4.33,1.84,-0.01,0.04,-0.0
0.13,-4.35,1.95,-0.02,0.03,-0.0
0.19,-4.31,2.01,-0.01,0.04,-0.0
0.15,-4.29,1.93,-0.01,0.04,-0.0
0.21,-4.31,1.93,-0.01,0.04,-0.0
0.13,-4.31,1.93,-0.01,0.04,-0.0
0.17,-4.29,1.97,-0.01,0.03,-0.0
0.1,-4.29,1.95,-0.02,0.03,-0.0
0.17,-4.33,1.86,-0.02,0.03,-0.0
0.13,-4.29,1.95,-0.02,0.03,-0.0
0.1,-4.29,1.95,-0.02,0.03,-0.0
0.11,-4.33,1.99,-0.02,0.03,-0.0
0.1,-4.33,2.03,-0.02,0.03,-0.0
0.13,-4.31,1.95,-0.02,0.03,-0.0
0.13,-4.37,1.93,-0.02,0.03,-0.0
0.13,-4.33,1.95,-0.02,0.03,-0.0
0.13,-4.35,1.93,-0.02,0.03,-0.0
0.06,-4.31,1.9,-0.02,0.03,-0.0
0.11,-4.35,1.92,-0.02,0.03,-0.0
0.13,-4.33,1.93,-0.02,0.03,-0.0
0.13,-4.39,1.9,-0.02,0.03,-0.0
0.15,-4.29,1.92,-0.02,0.03,-0.0
0.15,-4.33,1.95,-0.02,0.03,-0.0
0.15,-4.29,1.95,-0.02,0.03,-0.0
0.13,-4.35,1.92,-0.02,0.03,-0.0
0.1,-4.31,1.93,-0.02,0.03,-0.0
0.11,-4.33,1.92,-0.02,0.03,-0.0
0.15,-4.37,1.92,-0.02,0.03,-0.0
0.13,-4.33,1.88,-0.02,0.03,-0.0
0.11,-4.35,1.93,-0.02,0.03,-0.0
0.1,-4.29,1.92,-0.02,0.03,-0.0
0.13,-4.35,1.86,-0.02,0.03,-0.0
0.15,-4.37,1.82,-0.02,0.03,-0.0
0.13,-4.31,1.9,-0.02,0.04,-0.0
0.11,-4.35,1.9,-0.02,0.03,-0.0
0.08,-4.33,1.84,-0.02,0.03,-0.0
0.13,-4.33,1.92,-0.02,0.03,-0.0
0.11,-4.33,1.92,-0.02,0.03,-0.0
0.13,-4.29,1.88,-0.02,0.03,-0.0
0.17,-4.39,1.88,-0.02,0.03,-0.0
0.13,-4.35,1.88,-0.02,0.03,-0.0
0.11,-4.35,1.84,-0.02,0.03,-0.0
0.11,-4.29,1.88,-0.02,0.03,-0.0
0.13,-4.37,1.92,-0.02,0.03,-0.0
0.17,-4.37,1.86,-0.02,0.03,-0.0
0.15,-4.39,1.9,-0.02,0.03,-0.0
0.08,-4.39,1.86,-0.02,0.03,-0.0
0.08,-4.33,1.92,-0.02,0.03,-0.0
0.17,-4.39,1.9,-0.02,0.03,-0.0
0.11,-4.37,1.95,-0.02,0.03,-0.0
0.15,-4.37,1.9,-0.02,0.04,-0.0
0.15,-4.39,1.92,-0.02,0.03,-0.0
0.13,-4.39,1.88,-0.02,0.04,-0.0
0.1,-4.41,1.9,-0.01,0.04,-0.0
0.11,-4.33,1.9,-0.01,0.04,-0.0
0.13,-4.35,1.92,-0.01,0.04,-0.01
0.11,-4.31,1.92,-0.01,0.04,-0.0
0.15,-4.33,1.86,-0.02,0.04,-0.01
0.13,-4.31,1.88,-0.02,0.04,-0.01
0.11,-4.31,1.9,-0.02,0.04,-0.01
0.13,-4.37,1.93,-0.02,0.04,-0.01
0.13,-4.35,1.92,-0.02,0.03,-0.01
0.08,-4.29,1.92,-0.02,0.03,-0.01
0.13,-4.39,1.88,-0.02,0.03,-0.01
0.11,-4.39,1.86,-0.02,0.03,-0.0
0.11,-4.35,1.9,-0.02,0.03,-0.0
0.17,-4.39,1.92,-0.02,0.03,-0.0
0.11,-4.35,1.92,-0.02,0.03,-0.0
0.11,-4.37,1.9,-0.02,0.03,-0.0
0.13,-4.41,1.88,-0.02,0.03,-0.0
0.13,-4.41,1.95,-0.02,0.03,-0.0
0.13,-4.35,1.97,-0.01,0.03,-0.0
0.15,-4.39,1.88,-0.01,0.03,-0.0
0.1,-4.31,1.92,-0.01,0.03,-0.0
0.1,-4.33,1.88,-0.01,0.03,-0.0
0.15,-4.37,1.88,-0.01,0.04,-0.0
0.1,-4.33,1.93,-0.01,0.04,-0.0
0.11,-4.33,1.9,-0.01,0.04,-0.0
0.15,-4.33,1.88,-0.01,0.04,-0.0
0.15,-4.31,1.88,-0.01,0.04,-0.0
0.08,-4.25,1.9,-0.01,0.04,-0.0
0.11,-4.27,1.9,-0.01,0.04,-0.0
0.19,-4.35,1.84,-0.02,0.04,-0.0
0.11,-4.31,1.95,-0.02,0.04,-0.0
0.1,-4.35,1.9,-0.02,0.04,-0.0
0.13,-4.42,1.92,-0.01,0.04,-0.0
0.13,-4.33,1.99,-0.01,0.04,-0.0
0.1,-4.37,1.84,-0.01,0.03,-0.0
0.17,-4.33,1.84,-0.01,0.03,0.0
0.13,-4.35,1.9,-0.01,0.03,-0.0
0.1,-4.35,1.9,-0.01,0.03,0.0
0.13,-4.37,1.88,-0.01,0.03,-0.0
0.19,-4.35,1.86,-0.01,0.03,0.0
0.15,-4.33,1.86,-0.01,0.03,0.0
0.08,-4.37,1.82,-0.01,0.03,0.0
0.13,-4.37,1.92,-0.01,0.03,-0.0
0.08,-4.31,1.93,-0.01,0.04,-0.0
0.11,-4.39,1.82,-0.01,0.04,-0.0
0.13,-4.33,1.84,-0.01,0.04,-0.0
0.11,-4.27,1.9,-0.02,0.04,-0.0
0.15,-4.35,1.86,-0.01,0.04,0.0
0.13,-4.37,1.86,-0.01,0.04,-0.0
0.1,-4.39,1.84,-0.01,0.04,0.0
0.1,-4.39,1.95,-0.01,0.04,0.0
0.08,-4.39,1.92,-0.01,0.04,0.0
0.1,-4.33,1.82,-0.01,0.03,-0.0
0.13,-4.41,1.88,-0.01,0.03,0.0
0.1,-4.33,1.9,-0.01,0.03,-0.0
0.1,-4.39,1.8,-0.01,0.03,-0.0
0.11,-4.39,1.88,-0.0,0.03,-0.0
0.13,-4.39,1.88,-0.0,0.04,-0.0
0.13,-4.39,1.86,-0.0,0.04,-0.0
0.11,-4.37,1.92,-0.0,0.04,-0.0
0.13,-4.33,1.93,-0.0,0.03,-0.0
0.13,-4.37,1.97,-0.0,0.03,-0.0
0.15,-4.35,1.92,-0.0,0.03,-0.0
0.15,-4.37,1.88,-0.0,0.03,-0.0
0.1,-4.33,1.9,-0.0,0.03,-0.0
0.06,-4.31,1.86,-0.0,0.03,-0.0
0.1,-4.29,1.88,-0.01,0.03,-0.0
0.06,-4.33,1.84,-0.0,0.03,-0.0
0.1,-4.35,1.92,-0.0,0.03,-0.0
0.13,-4.33,1.9,-0.0,0.03,0.0
0.04,-4.31,1.93,-0.0,0.03,-0.0
0.1,-4.33,1.82,-0.0,0.03,0.0
0.11,-4.33,1.92,-0.0,0.03,-0.0
0.1,-4.35,1.9,-0.0,0.03,0.0
0.1,-4.31,1.86,-0.0,0.03,0.0
0.13,-4.33,1.92,-0.01,0.03,0.0
0.13,-4.35,1.97,-0.01,0.03,0.0
0.13,-4.37,2.01,-0.01,0.03,0.0
0.13,-4.31,1.99,-0.01,0.03,0.0
0.15,-4.33,1.93,-0.0,0.03,0.0
0.11,-4.37,1.9,-0.0,0.03,0.0
0.13,-4.37,1.99,-0.0,0.03,0.0
0.15,-4.39,1.92,-0.0,0.03,-0.0
0.11,-4.33,1.92,-0.0,0.03,0.0
0.15,-4.41,1.95,-0.0,0.03,-0.0
0.13,-4.35,1.99,0.0,0.03,0.0
0.11,-4.35,1.92,-0.0,0.03,-0.0
0.17,-4.41,1.84,-0.0,0.03,0.0
0.1,-4.35,1.84,-0.0,0.03,-0.0
0.13,-4.33,1.88,-0.0,0.03,0.0
0.17,-4.33,1.92,-0.0,0.03,-0.0
0.13,-4.35,1.88,-0.0,0.04,0.0
0.06,-4.41,1.9,-0.0,0.04,-0.0
0.11,-4.37,1.88,-0.0,0.04,0.0
0.15,-4.31,1.93,-0.0,0.04,0.0
0.13,-4.35,1.9,-0.0,0.03,0.0
0.1,-4.33,1.92,-0.0,0.03,0.0
0.11,-4.31,1.88,-0.0,0.03,0.0
0.11,-4.33,1.88,-0.0,0.03,0.0
0.15,-4.37,1.86,-0.0,0.03,0.0
0.11,-4.29,1.88,-0.0,0.03,0.0
0.04,-4.35,1.86,-0.0,0.03,0.0
0.08,-4.33,1.88,-0.0,0.03,0.0
0.1,-4.33,1.92,-0.0,0.03,0.0
0.13,-4.35,1.97,-0.0,0.03,0.0
0.19,-4.41,1.93,-0.0,0.03,0.0
0.1,-4.33,1.93,-0.0,0.03,0.0
0.13,-4.39,1.86,-0.0,0.03,0.0
0.13,-4.33,1.93,-0.0,0.03,0.0
0.15,-4.35,1.86,-0.0,0.03,0.0
0.11,-4.35,1.92,-0.0,0.03,0.0
0.08,-4.29,1.86,-0.0,0.03,0.0
0.15,-4.42,1.9,-0.01,0.03,0.0
0.17,-4.39,1.93,-0.0,0.03,0.0
0.13,-4.37,1.95,-0.0,0.03,0.0
0.13,-4.35,1.9,-0.0,0.03,0.0
0.13,-4.27,1.84,-0.0,0.03,-0.0
0.13,-4.35,1.93,-0.0,0.03,0.0
0.13,-4.33,1.9,-0.01,0.03,-0.0
0.15,-4.33,1.88,-0.01,0.03,0.0
0.13,-4.35,1.93,-0.0,0.03,0.0
0.13,-4.37,1.95,-0.0,0.03,0.0
0.13,-4.37,1.95,-0.0,0.03,0.0
0.13,-4.39,1.97,-0.0,0.04,0.0
0.08,-4.33,1.84,-0.0,0.04,0.0
0.17,-4.33,1.97,-0.0,0.03,0.0
0.13,-4.33,1.93,-0.0,0.03,0.0
0.15,-4.39,1.86,-0.0,0.03,0.0
0.06,-4.35,1.92,-0.0,0.03,0.0
0.1,-4.33,1.9,-0.0,0.03,0.0
0.15,-4.39,1.95,-0.0,0.03,0.0
0.06,-4.37,1.92,-0.0,0.03,0.0
0.08,-4.35,1.99,-0.01,0.03,0.0
0.06,-4.33,1.88,-0.01,0.03,0.0
0.13,-4.39,1.93,-0.01,0.03,0.0
0.1,-4.35,1.86,-0.0,0.03,0.0
0.11,-4.35,1.9,-0.0,0.03,0.0
0.06,-4.33,1.88,-0.0,0.03,0.0
0.13,-4.27,1.97,-0.0,0.03,0.0
0.1,-4.35,1.88,-0.0,0.03,0.0
0.08,-4.37,1.93,-0.0,0.03,0.0
0.15,-4.33,1.97,-0.0,0.03,0.0
0.11,-4.35,1.95,0.0,0.03,0.0
0.1,-4.35,1.9,-0.0,0.03,0.0
0.13,-4.33,1.92,-0.0,0.03,0.0
0.11,-4.33,1.97,-0.0,0.03,0.01
0.15,-4.41,1.88,-0.0,0.03,0.0
0.11,-4.35,1.84,-0.0,0.03,0.01
0.1,-4.33,1.92,-0.0,0.03,0.0
0.08,-4.33,1.88,-0.0,0.03,0.01
0.11,-4.29,1.93,-0.0,0.03,0.0
0.11,-4.31,1.97,-0.0,0.03,0.01
0.15,-4.39,1.95,-0.0,0.03,0.0
0.15,-4.31,1.92,-0.0,0.03,0.0
0.13,-4.33,1.86,0.0,0.03,0.0
0.11,-4.35,1.86,0.0,0.04,0.01
0.13,-4.31,1.93,0.0,0.04,0.0
0.11,-4.35,1.9,0.0,0.04,0.01
0.13,-4.33,1.88,0.01,0.04,0.0
0.15,-4.31,1.88,0.01,0.04,0.01
0.13,-4.35,1.9,0.01,0.04,0.01
0.13,-4.37,1.92,0.01,0.04,0.01
0.17,-4.31,1.95,0.01,0.03,0.0
0.19,-4.37,1.9,0.0,0.03,0.01
0.11,-4.35,1.93,0.0,0.03,0.01
0.11,-4.33,2.01,-0.0,0.03,0.01
0.1,-4.35,1.95,-0.0,0.03,0.01
0.11,-4.37,1.9,-0.0,0.03,0.01
0.11,-4.31,1.86,-0.0,0.03,0.0
0.08,-4.41,1.95,0.0,0.03,0.01
0.1,-4.41,1.86,0.0,0.03,0.0
0.11,-4.37,1.92,0.0,0.03,0.0
0.1,-4.35,1.9,0.01,0.03,0.0
0.08,-4.31,1.86,0.01,0.03,0.0
0.1,-4.31,1.93,0.01,0.03,0.0
0.1,-4.31,1.92,0.01,0.03,0.0
0.1,-4.37,1.9,0.01,0.03,0.0
0.1,-4.37,1.93,0.01,0.04,0.0
0.1,-4.37,1.88,0.01,0.03,0.0
0.06,-4.29,1.92,0.01,0.03,0.0
0.1,-4.37,1.86,0.0,0.03,0.0
0.04,-4.29,1.92,0.01,0.03,0.0
0.06,-4.29,1.86,0.01,0.03,0.0
0.04,-4.37,1.95,0.0,0.03,0.01
0.06,-4.37,1.93,0.0,0.03,0.01
0.06,-4.39,1.97,0.0,0.03,0.01
0.0,-4.37,1.95,0.01,0.03,0.01
0.04,-4.33,1.9,0.01,0.03,0.01
0.11,-4.35,1.95,0.01,0.03,0.01
0.11,-4.41,1.9,0.01,0.03,0.01
0.1,-4.35,1.97,0.01,0.03,0.01
0.1,-4.33,1.95,0.01,0.03,0.01
0.11,-4.31,1.93,0.01,0.03,0.01
0.13,-4.31,1.86,0.01,0.03,0.01
-0.08,-4.41,1.86,0.01,0.03,0.0
0.15,-4.35,1.93,0.01,0.03,0.01
0.11,-4.31,1.95,0.01,0.03,0.0
0.08,-4.31,1.82,0.01,0.03,0.0
0.06,-4.31,1.97,0.01,0.03,0.0
0.1,-4.27,1.95,0.01,0.03,0.0
0.11,-4.31,1.97,0.01,0.03,0.0
0.06,-4.29,1.95,0.01,0.03,0.01
0.1,-4.29,2.01,0.01,0.03,0.0
0.1,-4.33,1.86,0.01,0.03,0.01
0.08,-4.35,1.99,0.0,0.03,0.0
0.1,-4.39,1.99,0.0,0.03,0.01
0.1,-4.33,1.99,0.0,0.02,0.0
0.04,-4.31,1.95,0.01,0.02,0.01
0.02,-4.33,1.99,0.01,0.02,0.0
0.04,-4.29,1.99,0.01,0.02,0.01
0.04,-4.31,1.95,0.01,0.02,0.0
0.06,-4.37,1.88,0.01,0.02,0.01
0.06,-4.27,1.92,0.01,0.03,0.01
0.06,-4.29,1.9,0.01,0.03,0.01
0.04,-4.31,1.9,0.01,0.03,0.01
0.06,-4.33,1.92,0.01,0.03,0.01
0.08,-4.27,1.92,0.01,0.03,0.01
0.11,-4.29,1.93,0.0,0.03,0.01
0.13,-4.31,1.93,0.0,0.03,0.01
0.11,-4.35,1.92,0.0,0.03,0.01
0.08,-4.37,2.01,0.01,0.02,0.01
0.08,-4.37,1.93,0.01,0.02,0.01
0.15,-4.37,1.97,0.01,0.02,0.01
0.1,-4.39,1.97,0.01,0.02,0.01
0.15,-4.35,2.05,0.01,0.02,0.01
0.13,-4.35,1.93,0.02,0.02,0.01
0.08,-4.23,1.95,0.02,0.02,0.01
0.17,-4.33,1.95,0.01,0.02,0.01
0.1,-4.23,1.97,0.02,0.02,0.01
0.06,-4.29,1.97,0.01,0.02,0.01
0.11,-4.27,1.84,0.01,0.02,0.01
0.11,-4.33,1.88,0.01,0.02,0.01
0.0,-4.29,1.97,0.01,0.02,0.01
0.1,-4.31,1.99,0.01,0.02,0.01
0.11,-4.29,1.97,0.01,0.02,0.01
0.08,-4.31,1.93,0.01,0.02,0.01
0.1,-4.29,2.01,0.01,0.02,0.01
0.1,-4.31,1.97,0.01,0.02,0.01
0.15,-4.35,1.95,0.01,0.02,0.01
0.13,-4.31,1.97,0.01,0.02,0.02
0.15,-4.27,1.95,0.01,0.02,0.01
0.08,-4.31,2.05,0.01,0.03,0.02
0.04,-4.25,2.07,0.01,0.02,0.02
0.1,-4.27,1.95,0.01,0.02,0.02
0.06,-4.23,1.95,0.01,0.02,0.02
0.08,-4.29,1.99,0.01,0.02,0.02
0.04,-4.25,1.97,0.01,0.02,0.02
0.02,-4.27,1.97,0.0,0.02,0.02
0.08,-4.27,2.01,0.0,0.02,0.02
0.1,-4.27,1.97,0.0,0.02,0.02
0.08,-4.29,1.97,0.0,0.02,0.02
0.06,-4.21,1.97,0.01,0.02,0.02
0.08,-4.27,1.95,0.0,0.02,0.02
0.06,-4.25,2.05,0.0,0.02,0.02
0.08,-4.31,2.03,0.0,0.02,0.02
0.04,-4.29,2.01,0.0,0.02,0.02
0.04,-4.31,2.05,0.0,0.01,0.02
0.02,-4.29,1.99,0.0,0.01,0.02
0.0,-4.25,1.95,0.0,0.01,0.03
0.08,-4.27,1.99,0.0,0.01,0.03
0.04,-4.23,2.07,0.0,0.01,0.03
0.06,-4.33,1.95,0.0,0.01,0.03
0.08,-4.25,1.93,0.01,0.01,0.03
0.06,-4.31,2.01,0.01,0.02,0.03
0.11,-4.25,2.07,0.01,0.02,0.03
0.08,-4.29,1.95,0.01,0.02,0.03
0.08,-4.21,1.97,0.01,0.02,0.03
0.1,-4.25,1.97,0.01,0.02,0.03
0.17,-4.29,1.99,0.0,0.02,0.03
0.1,-4.23,2.01,0.0,0.02,0.02
0.13,-4.29,1.95,-0.0,0.02,0.02
0.06,-4.31,1.99,-0.0,0.02,0.02
0.1,-4.29,1.99,-0.0,0.02,0.02
0.04,-4.29,1.99,-0.0,0.02,0.02
0.1,-4.35,1.9,-0.0,0.02,0.02
0.04,-4.33,2.03,-0.0,0.02,0.02
0.02,-4.33,2.03,-0.0,0.03,0.02
0.0,-4.31,2.05,-0.0,0.03,0.02
-0.04,-4.33,2.03,-0.0,0.03,0.02
-0.06,-4.31,2.05,-0.0,0.03,0.03
-0.08,-4.27,2.07,-0.0,0.03,0.03
-0.08,-4.29,2.03,-0.0,0.03,0.03
-0.06,-4.33,2.03,-0.0,0.03,0.03
-0.1,-4.33,1.97,-0.01,0.02,0.04
-0.06,-4.33,2.09,-0.01,0.02,0.04
-0.08,-4.33,2.01,-0.01,0.02,0.05
-0.08,-4.33,1.97,-0.01,0.01,0.05
-0.11,-4.29,1.93,-0.01,0.01,0.05
-0.1,-4.31,2.03,-0.01,0.0,0.05
-0.08,-4.27,1.99,-0.01,0.0,0.06
-0.1,-4.29,1.99,-0.01,0.0,0.06
-0.08,-4.31,2.01,-0.01,-0.0,0.06
-0.02,-4.25,1.95,-0.01,0.0,0.06
0.06,-4.25,1.93,-0.01,0.0,0.06
0.04,-4.27,1.95,-0.01,0.0,0.06
0.04,-4.18,1.9,-0.02,0.0,0.06
0.08,-4.18,1.99,-0.02,0.01,0.06
0.08,-4.21,1.97,-0.02,0.01,0.06
0.19,-4.21,1.93,-0.03,0.01,0.05
0.17,-4.21,1.92,-0.03,0.01,0.05
0.13,-4.21,1.97,-0.04,0.01,0.05
0.11,-4.21,2.01,-0.04,0.01,0.05
0.1,-4.23,1.99,-0.05,0.01,0.05
0.11,-4.25,1.99,-0.05,0.01,0.05
0.08,-4.27,2.03,-0.05,0.0,0.05
0.02,-4.27,1.9,-0.06,0.0,0.05
0.06,-4.39,1.99,-0.06,0.0,0.05
0.08,-4.31,1.99,-0.06,0.01,0.06
0.02,-4.31,1.92,-0.06,0.01,0.06
0.0,-4.25,1.9,-0.06,0.01,0.06
0.06,-4.31,1.9,-0.06,0.01,0.06
0.0,-4.31,1.95,-0.06,0.01,0.07
-0.02,-4.29,2.05,-0.06,0.01,0.07
0.02,-4.35,1.95,-0.05,0.02,0.08
0.0,-4.27,2.05,-0.05,0.02,0.08
0.02,-4.29,2.03,-0.05,0.02,0.08
0.02,-4.29,2.03,-0.05,0.01,0.09
0.06,-4.23,1.95,-0.05,0.01,0.09
0.13,-4.25,1.93,-0.05,0.01,0.09
0.15,-4.31,1.86,-0.05,0.01,0.09
0.08,-4.21,1.93,-0.06,0.01,0.09
0.1,-4.25,1.93,-0.06,0.01,0.09
0.17,-4.27,1.88,-0.06,0.02,0.1
0.15,-4.27,1.95,-0.07,0.03,0.1
0.08,-4.27,1.88,-0.08,0.03,0.1
0.13,-4.29,1.97,-0.08,0.03,0.11
0.13,-4.33,1.92,-0.08,0.03,0.11
0.17,-4.42,1.93,-0.09,0.02,0.11
0.19,-4.41,1.97,-0.08,0.02,0.11
0.13,-4.42,1.95,-0.08,0.03,0.11
0.11,-4.48,1.97,-0.08,0.03,0.11
0.11,-4.42,1.92,-0.07,0.04,0.11
0.1,-4.44,1.82,-0.07,0.04,0.11
0.08,-4.44,1.93,-0.06,0.05,0.11
0.11,-4.42,1.99,-0.06,0.06,0.12
0.04,-4.41,1.97,-0.06,0.07,0.12
0.04,-4.39,2.01,-0.05,0.07,0.13
0.1,-4.37,1.93,-0.06,0.07,0.13
0.08,-4.41,1.99,-0.06,0.07,0.14
0.0,-4.41,1.93,-0.06,0.07,0.14
0.0,-4.41,1.9,-0.05,0.07,0.15
0.02,-4.35,1.9,-0.05,0.07,0.15
0.04,-4.41,1.82,-0.05,0.07,0.15
0.0,-4.35,1.82,-0.04,0.07,0.16
0.02,-4.41,1.86,-0.04,0.08,0.16
0.02,-4.31,1.88,-0.04,0.09,0.17
-0.02,-4.33,1.78,-0.04,0.1,0.17
-0.04,-4.29,1.78,-0.05,0.11,0.17
-0.02,-4.29,1.92,-0.05,0.11,0.18
-0.06,-4.31,1.88,-0.06,0.12,0.18
-0.11,-4.25,1.95,-0.07,0.12,0.18
-0.15,-4.27,1.86,-0.07,0.13,0.19
-0.1,-4.29,1.86,-0.08,0.13,0.19
-0.1,-4.33,1.8,-0.09,0.13,0.19
-0.11,-4.33,1.84,-0.09,0.14,0.19
-0.08,-4.37,1.82,-0.1,0.14,0.18
-0.13,-4.35,1.74,-0.1,0.15,0.18
-0.17,-4.41,1.7,-0.11,0.15,0.18
-0.19,-4.37,1.69,-0.11,0.15,0.18
-0.21,-4.37,1.7,-0.12,0.15,0.18
-0.21,-4.41,1.72,-0.12,0.15,0.19
-0.23,-4.39,1.76,-0.13,0.15,0.19
-0.31,-4.42,1.8,-0.13,0.15,0.19
-0.4,-4.41,1.74,-0.13,0.15,0.19
-0.46,-4.41,1.78,-0.13,0.15,0.19
-0.52,-4.46,1.74,-0.12,0.15,0.19
-0.56,-4.41,1.72,-0.12,0.16,0.19
-0.54,-4.44,1.8,-0.11,0.16,0.19
-0.54,-4.41,1.74,-0.1,0.15,0.19
-0.56,-4.48,1.82,-0.1,0.15,0.19
-0.61,-4.44,1.74,-0.09,0.15,0.2
-0.65,-4.44,1.72,-0.09,0.15,0.2
-0.59,-4.52,1.74,-0.08,0.15,0.2
-0.65,-4.48,1.72,-0.08,0.15,0.2
-0.61,-4.54,1.69,-0.08,0.15,0.21
-0.59,-4.52,1.65,-0.07,0.14,0.21
-0.57,-4.46,1.69,-0.06,0.14,0.21
-0.59,-4.39,1.57,-0.06,0.14,0.21
-0.52,-4.41,1.67,-0.06,0.13,0.21
-0.54,-4.35,1.67,-0.07,0.13,0.21
-0.57,-4.33,1.65,-0.08,0.13,0.22
-0.57,-4.35,1.65,-0.09,0.13,0.22
-0.59,-4.41,1.59,-0.09,0.13,0.22
-0.65,-4.46,1.59,-0.1,0.13,0.22
-0.73,-4.44,1.67,-0.09,0.13,0.23
-0.71,-4.48,1.63,-0.08,0.14,0.22
-0.77,-4.5,1.55,-0.07,0.14,0.22
-0.82,-4.52,1.49,-0.06,0.14,0.22
-0.8,-4.5,1.55,-0.05,0.14,0.22
-0.84,-4.48,1.55,-0.04,0.14,0.22
-0.84,-4.5,1.59,-0.03,0.14,0.21
-0.88,-4.48,1.69,-0.02,0.14,0.21
-0.84,-4.48,1.7,-0.01,0.14,0.21
-0.94,-4.5,1.67,-0.01,0.14,0.2
-0.94,-4.44,1.74,-0.0,0.14,0.2
-0.82,-4.39,1.78,0.0,0.14,0.2
-0.77,-4.35,1.76,0.0,0.14,0.19
-0.65,-4.25,1.63,-0.01,0.14,0.19
-0.63,-4.27,1.67,-0.01,0.15,0.18
-0.69,-4.25,1.7,-0.02,0.15,0.18
-0.67,-4.29,1.57,-0.03,0.15,0.17
-0.75,-4.25,1.65,-0.04,0.14,0.17
-0.75,-4.33,1.69,-0.04,0.14,0.17
-0.82,-4.35,1.69,-0.05,0.14,0.17
-0.84,-4.37,1.7,-0.05,0.14,0.17
-0.9,-4.39,1.59,-0.06,0.15,0.17
-1.03,-4.44,1.63,-0.06,0.16,0.17
-1.09,-4.46,1.61,-0.06,0.16,0.17
-1.11,-4.5,1.65,-0.06,0.17,0.17
-1.11,-4.56,1.65,-0.06,0.17,0.17
-1.05,-4.5,1.65,-0.05,0.17,0.18
-1.05,-4.52,1.61,-0.04,0.17,0.18
-1.11,-4.5,1.59,-0.03,0.18,0.18
-1.13,-4.44,1.61,-0.02,0.18,0.19
-1.09,-4.48,1.59,-0.01,0.18,0.19
-1.17,-4.41,1.63,-0.01,0.19,0.19
-1.17,-4.41,1.63,-0.0,0.19,0.19
-1.15,-4.44,1.65,0.0,0.19,0.19
-1.28,-4.39,1.61,0.01,0.18,0.19
-1.28,-4.37,1.59,0.01,0.18,0.19
-1.32,-4.33,1.59,0.01,0.18,0.19
-1.34,-4.33,1.65,0.01,0.17,0.19
-1.38,-4.25,1.63,0.02,0.17,0.2
-1.46,-4.31,1.61,0.02,0.17,0.2
-1.46,-4.18,1.49,0.02,0.17,0.21
-1.47,-4.21,1.63,0.02,0.16,0.22
-1.51,-4.23,1.51,0.02,0.15,0.23
-1.55,-4.21,1.55,0.02,0.15,0.23
-1.57,-4.29,1.61,0.02,0.15,0.24
-1.61,-4.31,1.53,0.01,0.14,0.24
-1.59,-4.29,1.61,0.01,0.14,0.25
-1.61,-4.31,1.65,0.02,0.14,0.25
-1.59,-4.33,1.57,0.02,0.13,0.26
-1.55,-4.29,1.65,0.03,0.12,0.26
-1.55,-4.31,1.74,0.03,0.12,0.27
-1.49,-4.23,1.59,0.03,0.11,0.27
-1.51,-4.18,1.61,0.03,0.1,0.27
-1.47,-4.1,1.59,0.02,0.1,0.28
-1.46,-4.08,1.57,0.02,0.1,0.28
-1.55,-4.04,1.53,0.01,0.09,0.28
-1.46,-4.19,1.55,-0.01,0.08,0.29
-1.44,-4.27,1.55,-0.01,0.08,0.28
-1.46,-4.19,1.59,-0.01,0.09,0.28
-1.47,-4.23,1.61,-0.01,0.1,0.28
-1.53,-4.21,1.61,-0.01,0.1,0.28
-1.55,-4.27,1.63,-0.01,0.1,0.28
-1.51,-4.31,1.61,-0.0,0.1,0.28
-1.55,-4.31,1.7,0.0,0.1,0.28
-1.53,-4.44,1.51,0.0,0.1,0.28
-1.61,-4.37,1.59,0.01,0.09,0.28
-1.61,-4.37,1.59,0.01,0.09,0.28
-1.63,-4.39,1.57,0.02,0.09,0.28
-1.61,-4.29,1.57,0.02,0.09,0.29
-1.65,-4.19,1.53,0.03,0.09,0.29
-1.63,-4.12,1.47,0.03,0.09,0.3
-1.63,-4.04,1.49,0.02,0.08,0.3
-1.67,-4.06,1.49,0.01,0.08,0.3
-1.63,-3.98,1.46,0.0,0.09,0.3
-1.61,-3.93,1.55,-0.01,0.09,0.31
-1.57,-4.02,1.55,-0.02,0.1,0.31
-1.53,-4.06,1.49,-0.03,0.11,0.3
-1.55,-4.1,1.57,-0.04,0.12,0.3
-1.55,-4.18,1.57,-0.05,0.13,0.29
-1.67,-4.19,1.55,-0.05,0.13,0.29
-1.65,-4.25,1.57,-0.05,0.13,0.29
-1.65,-4.27,1.57,-0.05,0.12,0.29
-1.63,-4.29,1.51,-0.05,0.12,0.29
-1.65,-4.27,1.51,-0.04,0.12,0.29
-1.74,-4.27,1.49,-0.04,0.11,0.29
-1.82,-4.27,1.57,-0.03,0.11,0.29
-1.8,-4.23,1.46,-0.03,0.11,0.29
-1.78,-4.25,1.47,-0.02,0.12,0.3
-1.84,-4.21,1.49,-0.01,0.13,0.3
-1.95,-4.19,1.44,-0.01,0.14,0.3
-1.93,-4.16,1.4,-0.0,0.14,0.3
-1.88,-4.16,1.4,0.0,0.14,0.31
-1.88,-4.1,1.42,0.0,0.14,0.31
-1.95,-4.08,1.42,0.0,0.13,0.31
-1.99,-4.04,1.42,0.01,0.13,0.31
-2.01,-3.96,1.47,0.01,0.12,0.31
-2.05,-3.93,1.53,0.0,0.11,0.31
-2.01,-3.93,1.53,0.0,0.11,0.31
-2.01,-3.87,1.42,0.0,0.1,0.31
-2.09,-3.87,1.44,0.0,0.1,0.31
-2.15,-3.91,1.46,0.01,0.1,0.32
-2.24,-3.93,1.42,0.01,0.09,0.32
-2.18,-3.96,1.46,0.01,0.09,0.32
-2.22,-3.98,1.42,0.02,0.09,0.32
-2.26,-4.06,1.38,0.02,0.09,0.32
-2.2,-4.04,1.51,0.03,0.09,0.32
-2.18,-4.1,1.47,0.03,0.09,0.33
-2.22,-4.12,1.51,0.04,0.09,0.32
-2.26,-4.06,1.49,0.04,0.09,0.33
-2.18,-4.04,1.61,0.04,0.09,0.32
-2.24,-4.02,1.51,0.04,0.09,0.32
-2.2,-3.98,1.53,0.05,0.09,0.33
-2.26,-3.95,1.4,0.05,0.09,0.33
-2.28,-3.89,1.44,0.05,0.09,0.33
-2.32,-3.91,1.38,0.05,0.09,0.34
-2.32,-3.85,1.46,0.05,0.09,0.34
-2.32,-3.81,1.51,0.03,0.08,0.34
-2.36,-3.85,1.46,0.02,0.07,0.34
-2.41,-3.83,1.42,0.01,0.07,0.33
-2.43,-3.85,1.4,0.01,0.07,0.33
-2.53,-3.83,1.36,0.02,0.07,0.34
-2.6,-3.87,1.34,0.03,0.06,0.34
-2.66,-3.77,1.36,0.04,0.06,0.35
-2.68,-3.79,1.4,0.04,0.06,0.35
-2.66,-3.77,1.46,0.04,0.07,0.35
-2.7,-3.77,1.47,0.03,0.07,0.35
-2.64,-3.73,1.46,0.03,0.07,0.36
-2.66,-3.77,1.51,0.02,0.08,0.36
-2.6,-3.77,1.47,0.02,0.08,0.36
-2.64,-3.79,1.53,0.02,0.08,0.36
-2.68,-3.73,1.38,0.02,0.08,0.35
-2.7,-3.66,1.34,0.03,0.08,0.35
-2.7,-3.66,1.36,0.03,0.08,0.36
-2.7,-3.51,1.44,0.02,0.08,0.36
-2.74,-3.45,1.44,0.02,0.08,0.37
-2.74,-3.47,1.49,0.01,0.07,0.37
-2.8,-3.51,1.51,0.01,0.07,0.38
-2.82,-3.58,1.47,-0.0,0.07,0.38
-2.8,-3.66,1.55,-0.01,0.07,0.39
-2.82,-3.73,1.44,-0.0,0.08,0.39
-2.83,-3.73,1.4,-0.0,0.08,0.39
-2.83,-3.68,1.38,-0.01,0.07,0.39
-2.89,-3.7,1.38,-0.02,0.07,0.39
-2.93,-3.73,1.36,-0.03,0.07,0.39
-2.91,-3.77,1.38,-0.04,0.08,0.39
-2.99,-3.7,1.38,-0.03,0.08,0.38
-2.99,-3.56,1.34,-0.03,0.08,0.37
-3.05,-3.56,1.4,-0.02,0.08,0.37
-3.03,-3.49,1.42,-0.02,0.08,0.36
-3.03,-3.41,1.46,-0.02,0.08,0.36
-3.08,-3.39,1.44,-0.02,0.08,0.36
-3.14,-3.43,1.49,-0.03,0.08,0.35
-3.08,-3.41,1.3,-0.04,0.08,0.35
-3.03,-3.49,1.38,-0.04,0.08,0.35
-2.99,-3.45,1.34,-0.05,0.08,0.34
-2.97,-3.47,1.38,-0.05,0.07,0.34
-2.91,-3.45,1.38,-0.05,0.07,0.34
-2.87,-3.51,1.36,-0.05,0.07,0.34
-2.95,-3.43,1.3,-0.05,0.06,0.34
-2.97,-3.37,1.24,-0.05,0.06,0.34
-3.05,-3.41,1.3,-0.05,0.06,0.34
-3.03,-3.45,1.4,-0.05,0.06,0.34
-3.08,-3.51,1.36,-0.05,0.05,0.34
-3.06,-3.47,1.36,-0.04,0.04,0.34
-3.12,-3.39,1.32,-0.03,0.03,0.34
-3.16,-3.35,1.26,-0.02,0.02,0.34
-3.14,-3.29,1.24,-0.01,0.01,0.34
-3.12,-3.31,1.24,-0.01,0.0,0.34
-3.16,-3.31,1.26,-0.01,-0.01,0.34
-2.74,-3.22,1.07,-0.01,-0.02,0.34
-3.18,-3.18,1.28,-0.0,-0.02,0.34
-3.22,-3.2,1.32,0.0,-0.02,0.33
-3.2,-3.16,1.4,0.0,-0.02,0.33
-3.14,-3.22,1.34,0.01,-0.03,0.33
-3.18,-3.18,1.34,0.01,-0.03,0.33
-3.26,-3.14,1.36,0.02,-0.03,0.33
-3.24,-3.18,1.28,0.03,-0.03,0.33
-3.29,-3.2,1.32,0.03,-0.03,0.32
-3.28,-3.2,1.3,0.04,-0.03,0.33
-3.26,-3.2,1.17,0.04,-0.04,0.33
-3.28,-3.18,1.24,0.04,-0.05,0.33
-3.26,-3.16,1.32,0.03,-0.05,0.33
-3.2,-3.26,1.24,0.03,-0.05,0.33
-3.16,-3.28,1.3,0.04,-0.05,0.33
-3.14,-3.26,1.34,0.04,-0.05,0.33
-3.12,-3.22,1.32,0.05,-0.04,0.33
-3.22,-3.14,1.26,0.05,-0.04,0.32
-3.2,-3.16,1.24,0.06,-0.03,0.32
-3.26,-3.14,1.26,0.07,-0.03,0.32
-3.33,-3.12,1.32,0.07,-0.03,0.31
-3.39,-3.14,1.17,0.08,-0.02,0.31
-3.35,-3.03,1.32,0.08,-0.02,0.31
-3.37,-3.08,1.23,0.08,-0.02,0.31
-3.31,-3.08,1.17,0.09,-0.01,0.31
-3.31,-3.14,1.15,0.09,-0.01,0.3
-3.29,-3.14,1.26,0.09,-0.0,0.3
-3.2,-3.06,1.24,0.1,0.01,0.3
-3.28,-3.06,1.4,0.1,0.03,0.29
-3.28,-3.1,1.46,0.1,0.03,0.3
-3.24,-3.1,1.38,0.1,0.04,0.3
-3.35,-3.22,1.42,0.11,0.05,0.3
-3.43,-3.22,1.4,0.13,0.06,0.3
-3.52,-3.12,1.4,0.15,0.07,0.3
-3.64,-3.08,1.4,0.16,0.08,0.31
-3.52,-3.06,1.36,0.16,0.08,0.32
-3.52,-2.95,1.42,0.16,0.09,0.32
-3.52,-2.89,1.53,0.16,0.1,0.32
-3.52,-2.8,1.47,0.16,0.1,0.32
-3.56,-2.68,1.51,0.16,0.1,0.33
-3.72,-2.6,1.42,0.16,0.11,0.32
-3.79,-2.57,1.38,0.16,0.11,0.32
-3.89,-2.57,1.4,0.17,0.12,0.32
-3.83,-2.57,1.32,0.17,0.12,0.32
-3.81,-2.6,1.19,0.17,0.12,0.32
-3.75,-2.57,1.24,0.17,0.13,0.32
-3.81,-2.53,1.36,0.16,0.15,0.32
-3.79,-2.51,1.44,0.16,0.16,0.32
-3.81,-2.47,1.47,0.15,0.16,0.31
-3.89,-2.51,1.47,0.15,0.17,0.31
-3.91,-2.57,1.57,0.15,0.18,0.31
-3.98,-2.51,1.61,0.16,0.19,0.31
-3.93,-2.39,1.61,0.18,0.2,0.31
-3.96,-2.34,1.49,0.19,0.2,0.32
-3.95,-2.22,1.42,0.19,0.19,0.32
-4.0,-2.11,1.38,0.18,0.18,0.33
-4.12,-2.03,1.42,0.18,0.18,0.33
-4.08,-1.99,1.55,0.17,0.19,0.34
-4.16,-1.88,1.53,0.16,0.19,0.35
-4.12,-1.88,1.7,0.16,0.18,0.36
-4.08,-1.88,1.61,0.15,0.16,0.36
-4.06,-1.86,1.55,0.15,0.14,0.36
-4.0,-1.8,1.44,0.15,0.12,0.34
-4.23,-1.74,1.46,0.14,0.11,0.33
-4.33,-1.72,1.55,0.12,0.11,0.32
-4.37,-1.69,1.53,0.11,0.1,0.32
-4.44,-1.67,1.67,0.09,0.1,0.32
-4.54,-1.61,1.59,0.09,0.11,0.32
-4.42,-1.74,1.63,0.08,0.12,0.32
-4.41,-1.74,1.59,0.08,0.12,0.32
-4.33,-1.8,1.49,0.08,0.12,0.32
-4.41,-1.78,1.47,0.09,0.12,0.32
-4.39,-1.7,1.53,0.09,0.13,0.33
-4.42,-1.59,1.59,0.09,0.12,0.34
-4.48,-1.63,1.61,0.09,0.11,0.34
-4.46,-1.57,1.63,0.09,0.09,0.34
-4.39,-1.57,1.63,0.09,0.08,0.33
-4.41,-1.59,1.59,0.09,0.07,0.33
-4.42,-1.55,1.57,0.09,0.07,0.33
-4.5,-1.57,1.51,0.09,0.06,0.33
-4.52,-1.34,1.63,0.09,0.05,0.33
-4.52,-1.19,1.61,0.08,0.05,0.33
-4.44,-1.13,1.67,0.07,0.05,0.34
-4.5,-1.13,1.65,0.06,0.04,0.34
-4.52,-1.21,1.49,0.06,0.04,0.33
-4.46,-1.26,1.47,0.06,0.03,0.32
-4.5,-1.32,1.57,0.06,0.03,0.32
-4.54,-1.36,1.61,0.06,0.02,0.32
-4.5,-1.32,1.59,0.06,0.01,0.32
-4.39,-1.34,1.72,0.06,-0.01,0.32
-4.44,-1.28,1.74,0.06,-0.01,0.31
-4.5,-1.42,1.69,0.06,-0.02,0.32
-4.54,-1.44,1.7,0.07,-0.03,0.32
-4.62,-1.36,1.8,0.08,-0.02,0.32
-4.54,-1.28,1.88,0.08,-0.02,0.32
-4.46,-1.19,1.93,0.08,-0.02,0.33
-4.31,-1.15,1.88,0.09,-0.02,0.33
-4.35,-1.17,1.78,0.09,-0.03,0.33
-4.25,-1.11,1.69,0.09,-0.04,0.32
-4.27,-1.19,1.76,0.1,-0.05,0.32
-4.33,-1.13,1.63,0.1,-0.05,0.31
-4.31,-1.17,1.63,0.1,-0.06,0.3
-4.35,-1.15,1.67,0.1,-0.07,0.3
-4.35,-1.13,1.57,0.1,-0.07,0.29
-4.35,-1.13,1.59,0.11,-0.06,0.28
-4.39,-1.02,1.59,0.11,-0.05,0.28
-4.44,-0.92,1.65,0.1,-0.04,0.27
-4.46,-0.9,1.78,0.09,-0.04,0.27
-4.41,-0.98,1.8,0.08,-0.05,0.27
-4.44,-1.05,1.67,0.07,-0.05,0.26
-4.41,-1.15,1.69,0.07,-0.05,0.26
-4.44,-1.23,1.7,0.08,-0.04,0.26
-4.5,-1.13,1.76,0.08,-0.03,0.25
-4.54,-1.19,1.8,0.08,-0.03,0.25
-4.52,-1.11,1.82,0.08,-0.04,0.25
-4.48,-1.09,1.76,0.08,-0.04,0.25
-4.42,-1.13,1.65,0.09,-0.05,0.25
-4.35,-1.07,1.65,0.09,-0.05,0.25
-4.39,-1.07,1.55,0.09,-0.05,0.25
-4.31,-1.17,1.51,0.1,-0.05,0.25
-4.27,-1.17,1.57,0.1,-0.06,0.25
-4.27,-1.09,1.59,0.09,-0.06,0.25
-4.25,-1.11,1.67,0.08,-0.05,0.24
-4.23,-1.11,1.72,0.08,-0.04,0.23
-4.19,-1.17,1.72,0.07,-0.03,0.22
-4.19,-1.32,1.61,0.07,-0.02,0.22
-4.25,-1.3,1.59,0.08,-0.01,0.2
-4.33,-1.34,1.57,0.08,-0.01,0.19
-4.37,-1.34,1.59,0.09,-0.01,0.18
-4.37,-1.36,1.69,0.09,-0.0,0.18
-4.41,-1.32,1.65,0.09,-0.01,0.17
-4.44,-1.34,1.69,0.1,-0.02,0.16
-4.41,-1.3,1.63,0.11,-0.04,0.15
-4.35,-1.28,1.65,0.12,-0.05,0.14
-4.35,-1.21,1.63,0.13,-0.06,0.13
-4.37,-1.15,1.76,0.13,-0.06,0.12
-4.33,-1.0,1.78,0.12,-0.06,0.11
-4.25,-0.98,1.78,0.11,-0.06,0.1
-4.18,-0.9,1.9,0.1,-0.06,0.08
-4.21,-0.82,1.9,0.08,-0.07,0.08
-4.14,-0.84,1.92,0.07,-0.07,0.07
-4.18,-0.88,1.88,0.06,-0.07,0.06
-4.16,-0.86,1.88,0.06,-0.07,0.05
-4.16,-1.0,1.78,0.06,-0.08,0.05
-4.1,-1.0,1.8,0.06,-0.07,0.04
-4.12,-0.9,1.76,0.06,-0.07,0.04
-4.18,-0.9,1.82,0.06,-0.06,0.05
-4.21,-0.98,1.95,0.07,-0.06,0.05
-4.21,-0.96,1.93,0.07,-0.06,0.06
-4.21,-0.88,1.88,0.08,-0.07,0.06
-4.19,-0.96,1.82,0.08,-0.07,0.06
-4.16,-0.92,1.97,0.09,-0.08,0.06
-4.18,-0.88,1.93,0.09,-0.08,0.06
-4.19,-0.9,1.9,0.09,-0.08,0.06
-4.29,-0.84,1.84,0.09,-0.09,0.05
-4.35,-0.8,1.92,0.09,-0.09,0.05
-4.31,-0.77,1.86,0.1,-0.09,0.05
-4.39,-0.75,1.86,0.1,-0.08,0.05
-4.39,-0.75,1.76,0.1,-0.08,0.05
-4.48,-0.75,1.74,0.1,-0.07,0.05
-4.44,-0.69,1.76,0.11,-0.06,0.05
-4.42,-0.61,1.97,0.1,-0.04,0.05
-4.41,-0.61,2.07,0.09,-0.03,0.06
-4.37,-0.63,2.07,0.08,-0.04,0.06
-4.21,-0.77,2.03,0.08,-0.04,0.06
-4.25,-0.79,2.01,0.08,-0.04,0.06
-4.29,-0.84,1.88,0.08,-0.03,0.06
-4.25,-0.86,1.95,0.08,-0.03,0.06
-4.19,-0.86,1.99,0.08,-0.03,0.06
-4.21,-0.96,2.07,0.08,-0.02,0.07
-4.21,-0.82,2.03,0.08,-0.02,0.06
-4.23,-0.82,2.11,0.08,-0.01,0.06
-4.21,-0.79,2.13,0.07,-0.01,0.06
-4.27,-0.77,2.11,0.07,-0.01,0.05
-4.23,-0.77,2.07,0.06,-0.01,0.04
-4.35,-0.69,2.01,0.06,-0.01,0.04
-4.37,-0.69,2.18,0.05,-0.0,0.03
-4.44,-0.61,2.07,0.04,0.01,0.03
-4.44,-0.67,1.97,0.03,0.01,0.03
-4.46,-0.65,2.01,0.03,0.01,0.03
-4.39,-0.61,1.97,0.02,0.02,0.03
-4.46,-0.65,1.97,0.02,0.02,0.03
-4.44,-0.59,1.92,0.02,0.03,0.03
-4.39,-0.61,1.9,0.01,0.03,0.03
-4.37,-0.69,1.78,0.01,0.03,0.03
-4.37,-0.67,1.78,0.01,0.03,0.03
-4.41,-0.75,1.78,0.01,0.04,0.03
-4.35,-0.79,1.84,0.01,0.04,0.03
-4.35,-0.75,2.05,0.0,0.05,0.03
-4.37,-0.82,1.9,0.0,0.05,0.03
-4.39,-0.79,1.93,0.0,0.05,0.02
-4.46,-0.8,2.01,0.0,0.05,0.02
-4.48,-0.73,1.97,-0.01,0.05,0.02
-4.58,-0.73,2.01,-0.02,0.05,0.02
-4.5,-0.67,2.11,-0.02,0.05,0.02
-4.48,-0.65,2.05,-0.03,0.05,0.02
-4.44,-0.69,2.09,-0.03,0.05,0.03
-4.35,-0.69,1.99,-0.03,0.05,0.03
-4.33,-0.67,1.93,-0.02,0.05,0.03
-4.27,-0.63,1.95,-0.02,0.05,0.04
-4.25,-0.63,1.88,-0.02,0.06,0.04
-4.23,-0.71,1.78,-0.02,0.05,0.04
-4.21,-0.67,1.78,-0.02,0.05,0.04
-4.16,-0.69,1.78,-0.01,0.05,0.04
-4.21,-0.61,1.88,-0.0,0.06,0.04
-4.21,-0.63,1.97,-0.01,0.06,0.04
-4.25,-0.63,2.07,-0.02,0.05,0.04
-4.19,-0.75,2.16,-0.04,0.05,0.04
-4.12,-0.88,2.26,-0.05,0.05,0.04
-4.12,-0.98,2.11,-0.05,0.05,0.04
-4.21,-1.03,2.03,-0.05,0.06,0.04
-4.25,-1.03,1.99,-0.04,0.06,0.04
-4.35,-1.02,2.01,-0.03,0.05,0.04
-4.42,-0.92,1.97,-0.02,0.04,0.04
-4.48,-0.88,2.03,-0.01,0.03,0.04
-4.46,-0.77,2.05,-0.01,0.03,0.05
-4.42,-0.77,2.07,-0.0,0.02,0.05
-4.37,-0.71,1.99,0.0,0.01,0.06
-4.37,-0.73,1.97,0.01,0.01,0.06
-4.25,-0.61,1.82,0.02,0.0,0.06
-4.27,-0.57,1.84,0.03,-0.01,0.05
-4.18,-0.46,1.92,0.03,-0.01,0.05
-4.19,-0.44,2.09,0.01,0.01,0.04
-4.1,-0.5,2.36,-0.01,0.02,0.04
-4.12,-0.69,2.38,-0.04,0.03,0.03
-4.19,-0.79,2.3,-0.06,0.03,0.02
-4.19,-0.9,2.18,-0.06,0.03,0.01
-4.29,-0.96,2.15,-0.06,0.04,0.0
-4.33,-0.96,2.05,-0.05,0.05,-0.0
-4.35,-0.92,2.05,-0.04,0.05,-0.0
-4.37,-0.8,1.99,-0.03,0.06,0.0
-4.48,-0.73,1.88,-0.02,0.05,0.0
-4.42,-0.63,1.84,-0.01,0.05,0.01
-4.46,-0.56,1.76,-0.01,0.05,0.01
-4.44,-0.59,1.7,-0.01,0.04,0.01
-4.46,-0.61,1.7,-0.01,0.04,0.01
-4.52,-0.69,1.63,-0.01,0.03,0.01
-4.48,-0.67,1.67,-0.01,0.02,0.0
-4.42,-0.69,1.65,0.0,0.02,0.0
-4.41,-0.61,1.7,0.01,0.02,-0.01
-4.46,-0.61,1.82,0.01,0.02,-0.01
-4.46,-0.67,1.88,-0.0,0.03,-0.01
-4.44,-0.69,1.99,-0.01,0.03,-0.01
-4.5,-0.71,2.01,-0.02,0.03,-0.01
-4.44,-0.69,2.09,-0.02,0.02,-0.0
-4.41,-0.67,2.16,-0.03,0.01,-0.01
-4.37,-0.67,2.3,-0.05,0.01,-0.01
-4.41,-0.61,2.22,-0.05,0.01,-0.01
-4.37,-0.61,2.09,-0.05,0.01,-0.01
-4.31,-0.67,2.05,-0.05,0.01,-0.01
-4.35,-0.63,1.92,-0.04,0.02,-0.01
-4.31,-0.54,1.88,-0.04,0.03,-0.01
-4.23,-0.54,1.8,-0.03,0.03,0.0
-4.33,-0.54,1.92,-0.03,0.04,0.01
-4.29,-0.54,1.97,-0.03,0.05,0.02
-4.39,-0.59,1.88,-0.03,0.05,0.03
-4.39,-0.59,2.01,-0.02,0.05,0.03
-4.41,-0.65,1.95,-0.01,0.05,0.03
-4.35,-0.61,1.88,-0.0,0.04,0.03
-4.31,-0.48,1.95,0.0,0.04,0.03
-4.19,-0.5,1.95,0.0,0.06,0.04
-4.14,-0.46,2.07,-0.01,0.09,0.05
-4.12,-0.48,2.16,-0.03,0.11,0.05
-4.14,-0.56,2.24,-0.05,0.11,0.05
-4.1,-0.59,2.26,-0.06,0.11,0.05
-4.04,-0.79,2.36,-0.08,0.11,0.04
-4.0,-0.86,2.3,-0.08,0.11,0.03
-4.04,-1.02,2.2,-0.08,0.11,0.02
-4.04,-1.03,2.16,-0.07,0.11,0.01
-4.04,-1.03,2.13,-0.05,0.11,0.0
-4.04,-1.07,2.11,-0.04,0.1,-0.0
-4.16,-0.96,1.99,-0.03,0.09,-0.0
-4.12,-0.94,1.99,-0.01,0.09,0.0
-4.21,-0.92,1.97,-0.0,0.09,0.0
-4.29,-0.79,1.93,0.01,0.09,0.01
-4.31,-0.73,1.92,0.01,0.09,0.0
-4.31,-0.63,1.9,0.02,0.09,0.0
-4.35,-0.57,1.92,0.02,0.1,-0.0
-4.35,-0.59,1.82,0.01,0.11,-0.01
-4.27,-0.61,1.82,0.01,0.12,-0.02
-4.31,-0.56,1.84,0.0,0.13,-0.03
-4.29,-0.65,1.8,-0.0,0.13,-0.03
-4.35,-0.59,1.82,-0.01,0.14,-0.03
-4.41,-0.59,1.99,-0.03,0.14,-0.03
-4.35,-0.61,2.01,-0.04,0.14,-0.03
-4.33,-0.61,2.11,-0.05,0.14,-0.03
-4.27,-0.57,2.03,-0.05,0.14,-0.03
-4.21,-0.67,1.99,-0.05,0.14,-0.03
-4.21,-0.71,1.95,-0.05,0.15,-0.03
-4.25,-0.67,1.82,-0.05,0.16,-0.03
-4.29,-0.77,1.8,-0.05,0.17,-0.04
-4.31,-0.82,1.84,-0.05,0.18,-0.04
-4.37,-0.94,1.8,-0.04,0.18,-0.04
-4.5,-0.9,1.8,-0.03,0.18,-0.03
-4.54,-0.88,1.92,-0.02,0.18,-0.02
-4.6,-0.82,1.93,-0.01,0.18,-0.01
-4.56,-0.82,1.92,0.01,0.18,0.01
-4.58,-0.86,1.92,0.01,0.18,0.02
-4.52,-0.86,1.86,0.02,0.18,0.03
-4.42,-0.82,1.78,0.02,0.18,0.04
-4.29,-0.8,1.78,0.02,0.19,0.05
-4.25,-0.8,1.72,0.01,0.22,0.04
-4.23,-0.79,1.74,0.0,0.24,0.04
-4.33,-0.75,1.72,-0.01,0.26,0.04
-4.37,-0.8,1.69,-0.01,0.27,0.03
-4.42,-0.8,1.69,-0.02,0.28,0.03
-4.41,-0.86,1.69,-0.03,0.27,0.03
-4.44,-0.8,1.7,-0.04,0.27,0.02
-4.37,-0.84,1.63,-0.03,0.27,0.03
-4.29,-0.9,1.57,-0.03,0.26,0.03
-4.23,-0.86,1.44,-0.01,0.26,0.03
-4.23,-0.86,1.51,-0.0,0.27,0.03
-4.27,-0.84,1.4,0.0,0.27,0.02
-4.31,-0.8,1.34,0.0,0.28,0.01
-4.48,-0.8,1.32,0.0,0.27,0.01
-4.54,-0.86,1.4,-0.0,0.26,0.0
-4.67,-0.88,1.36,-0.01,0.25,-0.0
-4.73,-0.88,1.38,-0.0,0.24,-0.01
-4.69,-0.84,1.42,0.0,0.22,-0.01
-4.64,-0.82,1.38,0.01,0.22,-0.01
-4.73,-0.79,1.46,0.02,0.21,-0.0
-4.73,-0.77,1.47,0.02,0.21,-0.01
-4.77,-0.73,1.55,0.02,0.22,-0.01
-4.79,-0.63,1.51,0.01,0.22,-0.01
-4.81,-0.59,1.57,0.0,0.22,-0.01
-4.77,-0.63,1.61,-0.01,0.22,-0.02
-4.73,-0.57,1.59,-0.02,0.22,-0.02
-4.65,-0.59,1.65,-0.04,0.23,-0.02
-4.6,-0.65,1.49,-0.05,0.23,-0.02
-4.54,-0.71,1.57,-0.05,0.23,-0.02
-4.54,-0.73,1.49,-0.06,0.23,-0.02
-4.48,-0.8,1.36,-0.05,0.23,-0.02
-4.33,-0.9,1.34,-0.05,0.23,-0.02
-4.33,-0.9,1.34,-0.05,0.23,-0.02
-4.37,-0.9,1.34,-0.04,0.22,-0.03
-4.52,-0.82,1.34,-0.03,0.22,-0.03
-4.54,-0.84,1.32,-0.03,0.22,-0.03
-4.58,-0.84,1.23,-0.02,0.21,-0.03
-4.62,-0.75,1.26,-0.02,0.2,-0.03
-4.62,-0.77,1.28,-0.02,0.18,-0.02
-4.65,-0.67,1.24,-0.03,0.17,-0.02
-4.67,-0.73,1.24,-0.03,0.17,-0.02
-4.71,-0.71,1.23,-0.04,0.16,-0.01
-4.71,-0.67,1.21,-0.04,0.16,-0.0
-4.73,-0.67,1.26,-0.05,0.16,0.0
-4.64,-0.79,1.23,-0.05,0.17,0.0
-4.67,-0.82,1.3,-0.06,0.18,-0.0
-4.67,-0.79,1.15,-0.06,0.19,-0.01
-4.67,-0.84,1.23,-0.07,0.2,-0.01
-4.73,-0.82,1.21,-0.07,0.21,-0.02
-4.73,-0.82,1.19,-0.06,0.21,-0.02
-4.71,-0.79,1.24,-0.06,0.21,-0.03
-4.69,-0.77,1.23,-0.05,0.22,-0.03
-4.67,-0.82,1.19,-0.05,0.22,-0.04
-4.75,-0.75,1.17,-0.05,0.22,-0.04
-4.69,-0.69,1.21,-0.06,0.22,-0.04
-4.71,-0.79,1.21,-0.06,0.22,-0.03
-4.67,-0.69,1.24,-0.06,0.21,-0.03
-4.64,-0.71,1.21,-0.06,0.21,-0.02
-4.6,-0.75,1.24,-0.06,0.2,-0.02
-4.56,-0.75,1.36,-0.06,0.2,-0.01
-4.6,-0.79,1.19,-0.06,0.19,-0.01
-4.62,-0.75,1.07,-0.06,0.19,-0.01
-4.62,-0.77,1.02,-0.06,0.18,-0.02
-4.79,-0.79,1.15,-0.06,0.17,-0.02
-4.75,-0.79,1.13,-0.06,0.16,-0.02
-4.81,-0.82,1.09,-0.05,0.15,-0.01
-4.81,-0.88,1.07,-0.05,0.14,-0.01
-4.81,-0.79,1.09,-0.04,0.13,-0.01
-4.83,-0.86,0.94,-0.04,0.13,-0.01
-4.79,-0.9,1.0,-0.04,0.14,-0.01
-4.81,-0.96,1.02,-0.04,0.14,-0.01
-4.77,-0.98,1.07,-0.03,0.14,-0.01
-4.77,-0.84,1.0,-0.03,0.15,-0.02
-4.81,-0.9,1.02,-0.03,0.15,-0.02
-4.77,-0.94,0.92,-0.03,0.15,-0.02
-4.81,-0.94,0.94,-0.04,0.15,-0.02
-4.77,-0.98,1.07,-0.04,0.15,-0.03
-4.85,-0.94,1.02,-0.04,0.15,-0.03
-4.83,-0.92,0.94,-0.04,0.15,-0.03
-4.73,-0.98,1.0,-0.04,0.16,-0.03
-4.71,-0.88,0.96,-0.04,0.16,-0.03
-4.64,-0.9,0.98,-0.04,0.17,-0.03
-4.67,-0.88,0.92,-0.04,0.18,-0.03
-4.65,-0.88,0.92,-0.04,0.18,-0.03
-4.67,-0.86,0.92,-0.04,0.18,-0.03
-4.69,-0.82,0.96,-0.04,0.18,-0.03
-4.81,-0.8,0.9,-0.04,0.18,-0.03
-4.75,-0.73,0.94,-0.04,0.18,-0.03
-4.81,-0.75,0.71,-0.04,0.17,-0.03
-4.92,-0.79,0.77,-0.04,0.17,-0.02
-4.85,-0.8,0.77,-0.04,0.16,-0.02
-4.9,-0.79,0.73,-0.05,0.15,-0.01
-4.85,-0.75,0.79,-0.06,0.15,-0.01
-4.83,-0.79,0.79,-0.06,0.15,-0.01
-4.85,-0.88,0.82,-0.07,0.15,-0.0
-4.9,-0.88,0.77,-0.07,0.15,0.0
-4.85,-0.88,0.77,-0.07,0.15,0.0
-4.88,-0.86,0.73,-0.07,0.15,0.01
-4.88,-0.92,0.79,-0.07,0.15,0.01
-4.92,-0.79,0.82,-0.08,0.15,0.01
-4.92,-0.88,0.79,-0.08,0.15,0.02
-4.88,-0.84,0.77,-0.09,0.16,0.02
-4.94,-0.86,0.86,-0.09,0.16,0.03
-4.9,-0.92,0.69,-0.09,0.16,0.03
-4.83,-0.94,0.73,-0.09,0.15,0.04
-4.83,-0.84,0.71,-0.08,0.15,0.04
-4.77,-0.84,0.67,-0.08,0.14,0.04
-4.79,-0.77,0.63,-0.08,0.14,0.03
-4.79,-0.84,0.71,-0.08,0.14,0.03
-4.79,-0.8,0.77,-0.08,0.13,0.02
-4.83,-0.84,0.82,-0.08,0.13,0.01
-4.83,-0.79,0.8,-0.08,0.12,0.01
-4.92,-0.8,0.79,-0.08,0.12,0.01
-4.87,-0.77,0.79,-0.08,0.11,0.01
-4.87,-0.79,0.84,-0.08,0.1,0.01
-4.87,-0.88,0.86,-0.08,0.09,0.01
-4.81,-0.8,0.8,-0.08,0.09,0.01
-4.75,-0.82,0.82,-0.08,0.08,0.01
-4.73,-0.88,0.77,-0.09,0.08,0.01
-4.79,-0.92,0.8,-0.09,0.07,0.01
-4.77,-0.94,0.8,-0.09,0.07,0.01
-4.79,-1.03,0.71,-0.08,0.07,0.01
-4.79,-1.05,0.61,-0.08,0.06,0.01
-4.75,-1.02,0.57,-0.07,0.07,0.01
-4.81,-0.98,0.57,-0.07,0.07,0.01
-4.75,-1.02,0.44,-0.06,0.07,0.01
-4.81,-0.96,0.46,-0.06,0.07,0.01
-4.79,-1.05,0.52,-0.06,0.08,0.01
-4.87,-1.02,0.44,-0.05,0.08,0.01
-4.85,-1.0,0.48,-0.05,0.08,0.01
-4.9,-0.96,0.44,-0.04,0.08,0.01
-4.94,-0.98,0.5,-0.04,0.08,0.01
-4.9,-0.92,0.44,-0.03,0.07,0.02
-4.87,-0.92,0.56,-0.03,0.07,0.02
-4.83,-0.86,0.52,-0.02,0.07,0.02
-4.77,-0.92,0.59,-0.02,0.08,0.02
-4.75,-0.88,0.56,-0.02,0.08,0.02
-4.83,-0.86,0.67,-0.02,0.08,0.02
-4.79,-0.9,0.63,-0.02,0.08,0.02
-4.81,-0.94,0.69,-0.02,0.07,0.02
-4.85,-0.92,0.67,-0.02,0.07,0.01
-4.83,-0.94,0.69,-0.02,0.06,0.01
-4.85,-0.9,0.73,-0.02,0.06,0.01
-4.83,-0.88,0.73,-0.02,0.05,0.01
-4.83,-0.9,0.71,-0.02,0.04,0.0
-4.85,-0.9,0.71,-0.02,0.03,0.0
-4.81,-0.9,0.73,-0.02,0.02,-0.0
-4.83,-0.96,0.69,-0.02,0.01,0.0
-4.85,-0.86,0.71,-0.02,0.01,0.0
-4.87,-0.84,0.71,-0.01,0.01,0.01
-4.87,-0.82,0.61,-0.01,0.01,0.01
-4.83,-0.79,0.59,-0.01,0.01,0.01
-4.77,-0.77,0.52,-0.01,0.01,0.02
-4.81,-0.75,0.5,-0.01,0.02,0.02
-4.79,-0.75,0.59,-0.02,0.02,0.02
-4.79,-0.75,0.63,-0.02,0.02,0.02
-4.81,-0.8,0.65,-0.03,0.02,0.02
-4.81,-0.84,0.63,-0.03,0.02,0.02
-4.79,-0.96,0.63,-0.03,0.02,0.02
-4.73,-0.92,0.75,-0.03,0.02,0.02
-4.75,-0.94,0.69,-0.03,0.02,0.02
-4.77,-0.9,0.77,-0.03,0.02,0.02
-4.83,-0.88,0.63,-0.03,0.02,0.02
-4.75,-0.88,0.71,-0.02,0.03,0.02
-4.83,-0.8,0.69,-0.02,0.03,0.01
-4.77,-0.8,0.63,-0.03,0.03,0.01
-4.73,-0.86,0.63,-0.03,0.03,0.01
-4.79,-0.86,0.67,-0.02,0.03,0.01
-4.77,-0.8,0.73,-0.02,0.03,0.01
-4.77,-0.82,0.63,-0.02,0.03,0.01
-4.77,-0.9,0.59,-0.02,0.03,0.01
-4.83,-0.82,0.65,-0.01,0.03,0.01
-4.85,-0.8,0.77,-0.01,0.02,0.0
-4.85,-0.8,0.71,-0.01,0.02,0.0
-4.87,-0.8,0.79,-0.0,0.02,0.0
-4.83,-0.75,0.82,-0.0,0.02,0.0
-4.85,-0.75,0.79,0.0,0.02,0.0
-4.81,-0.75,0.77,0.0,0.02,0.01
-4.81,-0.75,0.73,0.0,0.02,0.01
-4.83,-0.77,0.77,0.0,0.02,0.01
-4.79,-0.73,0.71,0.0,0.01,0.01
-4.83,-0.82,0.77,0.0,0.01,0.01
-4.79,-0.79,0.73,-0.0,0.01,0.01
-4.85,-0.75,0.69,-0.0,0.01,0.01
-4.79,-0.77,0.71,-0.0,0.01,0.01
-4.81,-0.77,0.71,-0.0,0.02,0.01
-4.79,-0.75,0.73,-0.01,0.02,0.01
-4.79,-0.77,0.69,-0.01,0.02,0.01
-4.83,-0.77,0.71,-0.01,0.03,0.01
-4.77,-0.77,0.73,-0.01,0.03,0.01
-4.77,-0.82,0.69,-0.01,0.03,0.0
-4.81,-0.77,0.65,-0.01,0.04,0.0
-4.77,-0.8,0.79,-0.02,0.04,0.0
-4.81,-0.84,0.71,-0.02,0.04,0.0
-4.83,-0.75,0.79,-0.02,0.04,0.0
-4.77,-0.8,0.77,-0.02,0.03,0.0
-4.79,-0.77,0.84,-0.02,0.03,0.0
-4.81,-0.79,0.73,-0.02,0.03,0.0
-4.83,-0.75,0.75,-0.02,0.03,0.0
-4.85,-0.79,0.77,-0.01,0.03,0.0
-4.81,-0.77,0.61,-0.01,0.03,0.01
-4.81,-0.75,0.73,-0.01,0.03,0.01
-4.81,-0.8,0.65,-0.01,0.02,0.01
-4.77,-0.79,0.73,-0.01,0.02,0.01
-4.87,-0.77,0.65,-0.0,0.02,0.01
-4.79,-0.77,0.71,-0.0,0.02,0.01
-4.79,-0.82,0.69,-0.01,0.02,0.01
-4.75,-0.84,0.71,-0.01,0.03,0.01
-4.73,-0.82,0.71,-0.01,0.03,0.01
-4.75,-0.88,0.75,-0.01,0.03,0.0
-4.71,-0.84,0.73,-0.01,0.03,0.0
-4.77,-0.9,0.8,-0.01,0.03,0.0
-4.79,-0.84,0.8,-0.01,0.03,0.0
-4.79,-0.79,0.75,-0.01,0.03,0.0
-4.79,-0.75,0.71,-0.01,0.03,0.0
-4.83,-0.73,0.77,-0.01,0.03,0.0
-4.77,-0.71,0.71,-0.01,0.04,0.01
-4.77,-0.75,0.71,-0.01,0.04,0.0
-4.79,-0.79,0.71,-0.02,0.04,0.0
-4.79,-0.82,0.71,-0.02,0.04,0.0
-4.79,-0.77,0.77,-0.02,0.04,-0.0
-4.83,-0.84,0.71,-0.02,0.04,-0.0
-4.79,-0.88,0.71,-0.02,0.04,-0.0
-4.77,-0.88,0.69,-0.01,0.04,-0.0
-4.81,-0.88,0.69,-0.01,0.04,-0.0
-4.87,-0.77,0.65,-0.01,0.05,-0.0
-4.83,-0.8,0.67,-0.01,0.05,-0.0
-4.81,-0.82,0.75,-0.01,0.05,-0.0
-4.85,-0.79,0.69,-0.01,0.05,0.0
-4.85,-0.8,0.75,-0.01,0.04,0.0
-4.79,-0.8,0.67,-0.01,0.04,0.0
-4.79,-0.77,0.73,-0.01,0.04,0.0
-4.79,-0.8,0.73,-0.01,0.04,0.0
-4.81,-0.77,0.65,-0.01,0.04,0.0
-4.83,-0.77,0.63,-0.01,0.04,0.0
-4.77,-0.79,0.67,-0.01,0.04,0.0
-4.83,-0.79,0.73,-0.01,0.04,0.0
-4.77,-0.79,0.73,-0.01,0.04,-0.0
-4.79,-0.82,0.69,-0.01,0.04,-0.0
-4.79,-0.82,0.69,-0.01,0.05,-0.0
-4.81,-0.84,0.71,-0.01,0.05,-0.0
-4.83,-0.79,0.71,-0.01,0.05,-0.0
-4.83,-0.77,0.77,-0.01,0.05,-0.0
-4.81,-0.79,0.75,-0.01,0.05,-0.0
-4.79,-0.73,0.69,-0.01,0.05,-0.0
-4.81,-0.75,0.65,-0.01,0.05,0.0
-4.79,-0.79,0.65,-0.01,0.05,0.0
-4.81,-0.8,0.63,-0.01,0.05,-0.0
-4.79,-0.82,0.69,-0.01,0.05,-0.0
-4.79,-0.82,0.63,-0.01,0.05,-0.0
-4.81,-0.8,0.75,-0.01,0.04,-0.0
-4.81,-0.84,0.67,-0.01,0.04,-0.0
-4.83,-0.84,0.65,-0.01,0.04,-0.0
-4.87,-0.82,0.63,-0.01,0.03,-0.0
-4.81,-0.77,0.67,-0.01,0.03,-0.0
-4.85,-0.8,0.67,-0.01,0.03,-0.0
-4.87,-0.79,0.63,-0.01,0.03,0.0
-4.83,-0.8,0.73,-0.01,0.03,0.0
-4.85,-0.82,0.59,-0.01,0.03,0.0
-4.83,-0.84,0.73,-0.01,0.03,0.0
-4.85,-0.8,0.71,-0.01,0.03,0.0
-4.87,-0.79,0.71,-0.02,0.04,-0.0
-4.87,-0.84,0.63,-0.02,0.04,-0.0
-4.79,-0.8,0.67,-0.02,0.04,-0.01
-4.81,-0.84,0.59,-0.02,0.04,-0.01
-4.77,-0.84,0.69,-0.02,0.04,-0.01
-4.81,-0.8,0.56,-0.02,0.05,-0.01
-4.81,-0.82,0.63,-0.02,0.05,-0.01
-4.73,-0.88,0.63,-0.02,0.05,-0.01
-4.81,-0.79,0.69,-0.02,0.05,-0.01
-4.85,-0.82,0.73,-0.02,0.04,-0.01
-4.85,-0.77,0.75,-0.02,0.04,-0.01
-4.83,-0.84,0.79,-0.01,0.04,-0.01
-4.83,-0.88,0.71,-0.01,0.03,-0.01
-4.83,-0.84,0.73,-0.01,0.03,-0.01
-4.81,-0.8,0.65,-0.01,0.03,-0.01
-4.87,-0.8,0.63,-0.01,0.03,-0.01
-4.75,-0.79,0.61,-0.01,0.03,-0.01
-4.81,-0.77,0.67,-0.01,0.03,-0.0
-4.81,-0.84,0.73,-0.01,0.03,-0.0
-4.73,-0.82,0.71,-0.01,0.03,-0.0
-4.77,-0.8,0.67,-0.01,0.03,-0.0
-4.81,-0.9,0.63,-0.01,0.03,-0.0
-4.85,-0.82,0.67,-0.01,0.04,-0.0
-4.79,-0.84,0.59,-0.01,0.04,-0.0
-4.83,-0.88,0.61,-0.01,0.04,-0.01
-4.87,-0.8,0.59,-0.01,0.04,-0.01
-4.81,-0.86,0.63,-0.01,0.04,-0.01
-4.85,-0.82,0.54,-0.0,0.04,-0.01
-4.79,-0.8,0.54,-0.0,0.04,-0.01
-4.81,-0.75,0.63,-0.0,0.04,-0.0
-4.81,-0.79,0.59,-0.01,0.03,-0.0
-4.81,-0.82,0.61,-0.01,0.03,-0.0
-4.81,-0.79,0.63,-0.01,0.03,-0.0
-4.79,-0.79,0.67,-0.01,0.03,-0.0
-4.81,-0.82,0.67,-0.01,0.03,-0.0
-4.81,-0.84,0.65,-0.02,0.03,-0.0
-4.88,-0.8,0.67,-0.02,0.03,-0.01
-4.77,-0.86,0.73,-0.02,0.03,-0.01
-4.83,-0.88,0.71,-0.02,0.03,-0.01
-4.75,-0.94,0.71,-0.02,0.03,-0.01
-4.79,-0.98,0.65,-0.02,0.03,-0.01
-4.79,-0.9,0.69,-0.02,0.03,-0.01
-4.77,-0.88,0.77,-0.02,0.03,-0.01
-4.71,-0.88,0.61,-0.02,0.03,-0.01
-4.69,-0.9,0.63,-0.02,0.04,-0.01
-4.75,-0.92,0.63,-0.02,0.04,-0.01
-4.81,-0.88,0.69,-0.01,0.05,-0.01
-4.83,-0.84,0.59,-0.01,0.05,-0.01
-4.83,-0.86,0.67,-0.01,0.05,-0.0
-4.77,-0.86,0.63,-0.01,0.05,-0.0
-4.77,-0.86,0.71,-0.0,0.05,-0.0
-4.77,-0.9,0.57,-0.0,0.05,0.0
-4.73,-0.9,0.61,-0.01,0.04,-0.0
-4.75,-0.84,0.63,-0.01,0.04,-0.0
-4.71,-0.88,0.65,-0.01,0.04,-0.0
-4.77,-0.79,0.63,-0.01,0.04,-0.0
-4.77,-0.82,0.67,-0.01,0.03,-0.01
-4.81,-0.82,0.67,-0.0,0.03,-0.01
-4.85,-0.84,0.69,-0.0,0.03,-0.01
-4.83,-0.8,0.73,-0.0,0.03,-0.01
-4.83,-0.79,0.69,-0.01,0.03,-0.01
-4.83,-0.77,0.67,-0.01,0.03,-0.01
-4.88,-0.73,0.65,-0.01,0.03,-0.01
-4.83,-0.84,0.65,-0.01,0.03,-0.01
-4.85,-0.79,0.61,-0.01,0.03,-0.01
-4.83,-0.77,0.69,-0.01,0.03,-0.01
-4.83,-0.75,0.71,-0.01,0.03,-0.01
-4.79,-0.77,0.69,-0.01,0.03,-0.01
-4.79,-0.79,0.71,-0.0,0.03,-0.01
-4.79,-0.77,0.67,-0.0,0.03,-0.0
-4.77,-0.77,0.65,-0.0,0.03,-0.0
-4.69,-0.77,0.63,-0.0,0.03,-0.0
-4.75,-0.73,0.63,-0.0,0.03,-0.0
-4.73,-0.77,0.65,0.0,0.03,-0.0
-4.79,-0.75,0.63,0.0,0.03,-0.0
-4.87,-0.73,0.69,-0.0,0.02,-0.0
-4.83,-0.79,0.73,-0.0,0.02,-0.0
-4.85,-0.79,0.65,-0.0,0.02,0.0
-4.83,-0.8,0.65,-0.01,0.02,0.0
-4.85,-0.84,0.63,-0.01,0.02,0.0
-4.85,-0.86,0.61,-0.01,0.02,0.0
-4.83,-0.86,0.73,-0.01,0.03,0.0
-4.85,-0.86,0.71,-0.02,0.04,0.0
-4.85,-0.8,0.67,-0.01,0.04,0.0
-4.77,-0.8,0.65,-0.01,0.05,-0.0
-4.81,-0.84,0.65,-0.01,0.05,-0.0
-4.81,-0.82,0.73,-0.0,0.04,-0.0
-4.79,-0.8,0.57,-0.0,0.04,-0.01
-4.73,-0.8,0.54,0.0,0.03,-0.01
-4.73,-0.82,0.57,-0.0,0.03,-0.01
-4.75,-0.82,0.67,-0.0,0.03,-0.01
-4.79,-0.79,0.65,-0.0,0.02,-0.01
-4.85,-0.86,0.65,-0.0,0.02,-0.02
-4.83,-0.82,0.63,-0.0,0.02,-0.02
-4.83,-0.92,0.57,-0.0,0.01,-0.02
-4.87,-0.8,0.52,-0.0,0.01,-0.02
-4.85,-0.9,0.61,-0.01,0.02,-0.02
-4.85,-0.96,0.57,-0.01,0.02,-0.02
-4.83,-0.9,0.67,-0.01,0.03,-0.02
-4.88,-0.86,0.59,-0.01,0.04,-0.02
-4.88,-0.92,0.71,-0.01,0.04,-0.02
-4.88,-0.82,0.67,-0.01,0.04,-0.03
-4.98,-0.8,0.71,-0.01,0.04,-0.03
-5.0,-0.84,0.65,-0.02,0.04,-0.03
-4.98,-0.8,0.63,-0.02,0.04,-0.03
-5.06,-0.77,0.57,-0.02,0.03,-0.03
-5.0,-0.8,0.59,-0.02,0.03,-0.03
-4.98,-0.86,0.54,-0.02,0.02,-0.03
-4.9,-0.88,0.61,-0.02,0.02,-0.03
-4.85,-0.88,0.61,-0.02,0.03,-0.02
-4.83,-0.9,0.71,-0.01,0.04,-0.02
-4.77,-0.98,0.73,-0.01,0.05,-0.02
-4.73,-1.03,0.71,-0.01,0.05,-0.02
-4.65,-1.11,0.71,-0.01,0.05,-0.01
-4.62,-1.05,0.75,-0.0,0.06,-0.01
-4.64,-1.03,0.75,0.0,0.06,-0.01
-4.64,-1.03,0.73,0.0,0.05,-0.01
-4.64,-0.94,0.63,0.01,0.05,-0.01
-4.64,-0.92,0.73,0.01,0.05,-0.01
-4.62,-0.9,0.61,0.01,0.05,-0.0
-4.69,-0.86,0.59,0.0,0.05,-0.01
-4.69,-0.92,0.65,0.0,0.05,-0.01
-4.75,-0.92,0.67,0.0,0.06,-0.01
-4.77,-0.94,0.71,0.0,0.06,-0.01
-4.81,-0.92,0.69,0.01,0.05,-0.01
-4.85,-0.92,0.79,0.01,0.05,-0.01
-4.85,-0.92,0.77,0.01,0.04,-0.01
-4.88,-0.88,0.77,0.01,0.04,-0.01
-4.85,-0.88,0.77,0.01,0.04,-0.01
-4.83,-0.9,0.77,0.02,0.04,-0.01
-4.79,-0.88,0.8,0.02,0.04,-0.01
-4.75,-0.96,0.77,0.02,0.05,-0.01
-4.71,-0.98,0.69,0.03,0.05,-0.01
-4.71,-0.96,0.75,0.04,0.05,-0.0
-4.71,-0.86,0.65,0.04,0.04,-0.0
-4.69,-0.88,0.69,0.05,0.04,0.0
-4.62,-0.92,0.69,0.05,0.04,0.0
-4.62,-0.82,0.67,0.05,0.04,0.0
-4.64,-0.79,0.73,0.05,0.05,0.0
-4.69,-0.79,0.71,0.04,0.05,0.0
-4.75,-0.77,0.75,0.04,0.05,0.0
-4.75,-0.73,0.8,0.03,0.05,0.0
-4.79,-0.75,0.73,0.03,0.06,0.0
-4.73,-0.77,0.63,0.02,0.06,0.01
-4.77,-0.73,0.71,0.02,0.07,0.01
-4.79,-0.75,0.65,0.02,0.08,0.01
-4.83,-0.77,0.67,0.01,0.09,0.02
-4.81,-0.79,0.77,0.01,0.09,0.02
-4.75,-0.82,0.73,0.01,0.09,0.02
-4.9,-0.79,0.71,0.01,0.09,0.02
-4.81,-0.8,0.77,0.01,0.08,0.02
-4.83,-0.8,0.67,0.01,0.08,0.02
-4.83,-0.82,0.63,0.01,0.08,0.02
-4.73,-0.8,0.63,0.01,0.08,0.02
-4.71,-0.88,0.61,0.01,0.08,0.02
-4.73,-0.82,0.67,0.01,0.08,0.02
-4.71,-0.9,0.63,0.01,0.08,0.02
-4.88,-1.15,0.44,0.02,0.08,0.02
-4.77,-0.92,0.69,0.02,0.08,0.02
-4.79,-0.96,0.69,0.03,0.08,0.03
-4.81,-0.98,0.63,0.03,0.07,0.03
-4.79,-0.92,0.67,0.04,0.07,0.03
-4.83,-0.86,0.61,0.04,0.07,0.03
-4.83,-0.86,0.65,0.04,0.07,0.04
-4.81,-0.8,0.61,0.04,0.07,0.04
-4.79,-0.73,0.56,0.04,0.07,0.04
-4.81,-0.79,0.54,0.03,0.07,0.04
-4.77,-0.73,0.52,0.03,0.08,0.04
-4.83,-0.77,0.52,0.03,0.08,0.03
-4.79,-0.82,0.57,0.03,0.08,0.03
-4.83,-0.82,0.57,0.03,0.08,0.03
-4.77,-0.88,0.61,0.03,0.08,0.03
-4.87,-0.79,0.61,0.03,0.08,0.03
-4.87,-0.75,0.61,0.03,0.07,0.03
-4.87,-0.77,0.59,0.04,0.07,0.03
-4.88,-0.79,0.5,0.04,0.07,0.03
-4.9,-0.77,0.61,0.04,0.07,0.03
-4.9,-0.8,0.5,0.04,0.07,0.03
-4.92,-0.75,0.5,0.04,0.07,0.03
-4.92,-0.79,0.56,0.03,0.07,0.04
-4.88,-0.75,0.48,0.03,0.07,0.04
-4.9,-0.67,0.5,0.02,0.07,0.04
-4.88,-0.63,0.44,0.01,0.06,0.04
-4.98,-0.65,0.44,0.0,0.06,0.04
-5.02,-0.61,0.4,-0.0,0.06,0.04
-5.02,-0.56,0.48,-0.01,0.06,0.04
-4.94,-0.67,0.48,-0.01,0.05,0.04
-4.94,-0.63,0.33,-0.01,0.05,0.04
-4.94,-0.63,0.36,-0.02,0.05,0.04
-4.96,-0.59,0.48,-0.03,0.05,0.03
-4.94,-0.69,0.46,-0.03,0.04,0.03
-4.94,-0.75,0.48,-0.04,0.04,0.03
-4.9,-0.77,0.54,-0.04,0.03,0.03
-4.92,-0.77,0.57,-0.04,0.02,0.02
-4.98,-0.67,0.52,-0.04,0.01,0.02
-5.0,-0.79,0.5,-0.04,0.01,0.02
-4.94,-0.82,0.52,-0.04,-0.0,0.02
-4.9,-0.82,0.54,-0.04,-0.01,0.02
-4.94,-0.84,0.52,-0.04,-0.01,0.02
-4.98,-0.8,0.61,-0.03,-0.01,0.01
-4.94,-0.84,0.56,-0.03,-0.01,0.01
-5.0,-0.79,0.65,-0.03,-0.01,0.01
-4.96,-0.77,0.56,-0.02,-0.01,0.01
-5.0,-0.71,0.46,-0.02,-0.02,0.01
-4.98,-0.75,0.48,-0.02,-0.02,0.01
-5.0,-0.69,0.46,-0.02,-0.02,0.01
-5.0,-0.59,0.42,-0.02,-0.02,0.01
-4.94,-0.63,0.44,-0.03,-0.03,0.02
-4.88,-0.54,0.48,-0.04,-0.03,0.02
-4.83,-0.61,0.48,-0.04,-0.03,0.02
-4.81,-0.56,0.42,-0.05,-0.02,0.02
-4.81,-0.61,0.38,-0.06,-0.01,0.02
-4.77,-0.67,0.48,-0.07,-0.01,0.02
-4.73,-0.71,0.59,-0.07,-0.0,0.01
-4.73,-0.77,0.65,-0.08,0.0,0.01
-4.73,-0.71,0.54,-0.08,0.0,0.01
-4.65,-0.84,0.54,-0.08,0.0,0.0
-4.65,-0.82,0.61,-0.08,0.0,0.0
-4.6,-0.82,0.63,-0.08,0.0,0.0
-4.65,-0.88,0.69,-0.08,0.01,-0.0
-4.64,-0.8,0.67,-0.07,0.01,-0.0
-4.69,-0.8,0.71,-0.06,0.02,-0.0
-4.79,-0.84,0.71,-0.05,0.01,-0.0
-4.83,-0.79,0.73,-0.04,0.01,-0.0
-4.83,-0.84,0.73,-0.03,0.0,-0.0
-4.79,-0.8,0.63,-0.02,-0.01,-0.0
-4.81,-0.8,0.61,-0.01,-0.01,-0.01
-4.77,-0.77,0.73,-0.01,-0.02,-0.01
-4.79,-0.8,0.67,0.0,-0.02,-0.01
-4.85,-0.71,0.63,0.01,-0.02,-0.01
-4.77,-0.77,0.75,0.01,-0.02,-0.01
-4.81,-0.71,0.75,0.01,-0.02,-0.0
-4.71,-0.71,0.71,0.02,-0.02,-0.0
-4.69,-0.73,0.79,0.02,-0.01,0.0
-4.73,-0.71,0.77,0.03,-0.0,0.0
-4.75,-0.71,0.75,0.03,0.01,0.0
-4.65,-0.69,0.77,0.04,0.01,0.0
-4.69,-0.71,0.77,0.03,0.01,-0.0
-4.69,-0.69,0.82,0.03,0.02,-0.01
-4.58,-0.65,0.79,0.03,0.03,-0.01
-4.67,-0.61,0.82,0.03,0.04,-0.01
-4.64,-0.63,0.82,0.03,0.05,-0.02
-4.62,-0.56,0.79,0.03,0.06,-0.02
-4.65,-0.5,0.73,0.02,0.06,-0.02
-4.71,-0.5,0.77,0.02,0.07,-0.02
-4.71,-0.56,0.71,0.02,0.07,-0.02
-4.73,-0.56,0.63,0.01,0.07,-0.02
-4.75,-0.5,0.79,0.01,0.07,-0.02
-4.85,-0.52,0.69,0.0,0.06,-0.02
-4.88,-0.5,0.75,-0.01,0.06,-0.03
-4.88,-0.56,0.67,-0.01,0.05,-0.02
-4.88,-0.61,0.77,-0.02,0.05,-0.03
-4.94,-0.61,0.69,-0.02,0.05,-0.03
-4.98,-0.65,0.75,-0.03,0.05,-0.02
-4.96,-0.69,0.67,-0.03,0.05,-0.02
-4.92,-0.63,0.69,-0.02,0.06,-0.02
-4.88,-0.65,0.77,-0.02,0.07,-0.02
-4.87,-0.71,0.69,-0.02,0.07,-0.01
-4.92,-0.71,0.75,-0.02,0.08,-0.01
-4.85,-0.75,0.67,-0.02,0.08,-0.01
-4.83,-0.82,0.67,-0.02,0.07,-0.01
-4.77,-0.84,0.65,-0.02,0.07,-0.02
-4.71,-0.86,0.61,-0.01,0.06,-0.02
-4.64,-0.86,0.52,-0.01,0.06,-0.02
-4.6,-0.77,0.56,0.0,0.06,-0.02
-4.62,-0.8,0.57,0.01,0.06,-0.02
-4.64,-0.77,0.65,0.02,0.07,-0.02
-4.6,-0.79,0.65,0.02,0.07,-0.02
-4.69,-0.79,0.56,0.03,0.07,-0.03
-4.75,-0.77,0.63,0.03,0.07,-0.03
-4.71,-0.75,0.63,0.03,0.07,-0.04
-4.77,-0.75,0.59,0.03,0.08,-0.04
-4.75,-0.79,0.67,0.03,0.08,-0.04
-4.77,-0.79,0.67,0.03,0.09,-0.04
-4.77,-0.77,0.69,0.03,0.09,-0.04
-4.83,-0.77,0.71,0.03,0.09,-0.04
-4.83,-0.77,0.71,0.03,0.1,-0.05
-4.92,-0.77,0.73,0.03,0.09,-0.05
-4.88,-0.65,0.63,0.03,0.09,-0.05
-4.87,-0.65,0.59,0.03,0.09,-0.05
-4.9,-0.65,0.59,0.03,0.09,-0.06
-4.83,-0.67,0.61,0.02,0.09,-0.06
-4.87,-0.63,0.5,0.02,0.09,-0.06
-4.83,-0.63,0.59,0.01,0.09,-0.06
-4.81,-0.65,0.52,0.01,0.09,-0.06
-4.77,-0.69,0.57,0.01,0.1,-0.06
-4.79,-0.73,0.61,0.01,0.1,-0.06
-4.77,-0.75,0.56,0.01,0.1,-0.07
-4.81,-0.73,0.59,0.01,0.11,-0.07
-4.77,-0.8,0.56,0.01,0.11,-0.08
-4.81,-0.79,0.59,0.01,0.1,-0.08
-4.87,-0.79,0.52,0.01,0.1,-0.09
-4.83,-0.84,0.52,0.01,0.1,-0.09
-4.87,-0.75,0.57,0.01,0.1,-0.1
-4.88,-0.75,0.59,0.01,0.1,-0.1
-4.85,-0.79,0.54,0.01,0.1,-0.1
-4.85,-0.79,0.44,0.01,0.1,-0.11
-4.88,-0.79,0.46,0.02,0.1,-0.11
-4.81,-0.82,0.42,0.02,0.1,-0.12
-4.85,-0.82,0.44,0.02,0.11,-0.13
-4.75,-0.8,0.4,0.02,0.12,-0.13
-4.75,-0.84,0.44,0.02,0.13,-0.14
-4.79,-0.8,0.44,0.02,0.14,-0.14
-4.83,-0.79,0.52,0.02,0.14,-0.14
-4.73,-0.79,0.56,0.02,0.15,-0.14
-4.79,-0.73,0.54,0.02,0.15,-0.14
-4.73,-0.79,0.57,0.02,0.15,-0.14
-4.77,-0.75,0.61,0.02,0.14,-0.15
-4.75,-0.79,0.59,0.02,0.14,-0.16
-4.73,-0.77,0.44,0.01,0.13,-0.17
-4.71,-0.86,0.54,0.01,0.12,-0.17
-4.75,-0.84,0.56,-0.0,0.12,-0.18
-4.81,-0.84,0.5,-0.01,0.12,-0.19
-4.81,-0.82,0.5,-0.01,0.11,-0.2
-4.92,-0.75,0.36,-0.02,0.11,-0.21
-4.98,-0.73,0.29,-0.03,0.1,-0.22
-5.02,-0.71,0.25,-0.04,0.1,-0.23
-5.02,-0.69,0.23,-0.05,0.1,-0.23
-4.98,-0.79,0.25,-0.07,0.1,-0.23
-4.96,-0.88,0.29,-0.09,0.1,-0.24
-4.98,-1.0,0.4,-0.09,0.09,-0.25
-5.04,-1.15,0.38,-0.09,0.09,-0.26
-5.04,-1.26,0.4,-0.07,0.1,-0.26
-5.04,-1.23,0.36,-0.06,0.1,-0.27
-5.0,-1.24,0.25,-0.04,0.12,-0.26
-4.94,-1.24,0.31,-0.03,0.14,-0.26
-4.83,-1.13,0.33,-0.03,0.15,-0.25
-4.79,-1.11,0.38,-0.03,0.16,-0.25
-4.75,-1.05,0.38,-0.03,0.16,-0.25
-4.71,-1.02,0.34,-0.04,0.15,-0.25
-4.6,-1.05,0.33,-0.05,0.14,-0.25
-4.6,-1.07,0.21,-0.05,0.12,-0.26
-4.6,-1.13,0.23,-0.05,0.12,-0.27
-4.67,-1.17,0.11,-0.05,0.11,-0.28
-4.65,-1.11,0.1,-0.05,0.11,-0.28
-4.71,-1.24,0.13,-0.05,0.11,-0.28
-4.81,-1.24,0.06,-0.05,0.11,-0.28
-4.81,-1.28,0.11,-0.05,0.1,-0.28
-4.85,-1.34,0.11,-0.06,0.11,-0.28
-4.83,-1.36,0.17,-0.05,0.11,-0.28
-4.88,-1.4,0.15,-0.05,0.12,-0.27
-4.87,-1.42,0.13,-0.05,0.13,-0.27
-4.92,-1.49,0.17,-0.04,0.13,-0.26
-4.88,-1.44,0.17,-0.03,0.14,-0.26
-4.87,-1.42,0.19,-0.02,0.14,-0.25
-4.79,-1.47,0.17,-0.01,0.14,-0.25
-4.75,-1.4,0.06,-0.01,0.13,-0.25
-4.73,-1.4,0.0,-0.01,0.14,-0.25
-4.62,-1.51,-0.17,-0.01,0.15,-0.25
-4.69,-1.53,-0.08,-0.01,0.15,-0.26
-4.64,-1.49,-0.06,-0.01,0.15,-0.26
-4.64,-1.51,-0.08,-0.01,0.15,-0.26
-4.6,-1.59,0.06,-0.02,0.15,-0.27
-4.67,-1.53,0.11,-0.02,0.15,-0.27
-4.62,-1.59,0.0,-0.03,0.15,-0.28
-4.71,-1.61,0.17,-0.03,0.14,-0.28
-4.73,-1.65,0.08,-0.03,0.13,-0.28
-4.75,-1.65,0.08,-0.02,0.13,-0.29
-4.88,-1.57,0.17,-0.02,0.12,-0.29
-4.85,-1.65,0.11,-0.02,0.12,-0.29
-4.94,-1.65,0.13,-0.02,0.1,-0.28
-4.96,-1.61,0.11,-0.02,0.09,-0.28
-4.98,-1.63,0.15,-0.02,0.07,-0.28
-4.87,-1.74,0.19,-0.03,0.05,-0.28
-4.81,-1.8,0.15,-0.03,0.04,-0.29
-4.77,-1.93,0.21,-0.02,0.03,-0.29
-4.79,-1.92,0.17,-0.02,0.02,-0.29
-4.75,-1.95,0.15,-0.02,0.02,-0.29
-4.71,-2.05,0.21,-0.01,0.01,-0.29
-4.71,-1.99,0.21,-0.0,0.0,-0.29
-4.71,-1.92,0.15,0.0,-0.01,-0.29
-4.64,-1.84,0.21,0.0,-0.01,-0.29
-4.6,-1.76,0.19,0.0,-0.02,-0.28
-4.56,-1.72,0.17,-0.01,-0.03,-0.28
-4.5,-1.8,0.17,-0.01,-0.03,-0.28
-4.52,-1.72,0.19,-0.01,-0.04,-0.28
-4.48,-1.82,0.19,-0.02,-0.05,-0.28
-4.46,-1.86,0.19,-0.02,-0.06,-0.29
-4.52,-1.95,0.19,-0.02,-0.07,-0.29
-4.5,-1.99,0.13,-0.02,-0.08,-0.3
-4.56,-2.03,0.15,-0.02,-0.09,-0.3
-4.52,-2.11,0.17,-0.02,-0.09,-0.31
-4.48,-2.16,0.25,-0.01,-0.09,-0.31
-4.52,-2.16,0.29,-0.01,-0.09,-0.31
-4.5,-2.15,0.31,-0.0,-0.09,-0.31
-4.48,-2.15,0.31,0.0,-0.08,-0.3
-4.54,-2.05,0.21,0.0,-0.07,-0.3
-4.54,-2.07,0.27,0.01,-0.07,-0.3
-4.46,-2.05,0.23,0.01,-0.07,-0.3
-4.46,-2.01,0.21,0.01,-0.07,-0.29
-4.46,-1.95,0.11,0.0,-0.07,-0.29
-4.42,-2.07,0.13,-0.0,-0.07,-0.29
-4.41,-2.09,0.1,-0.0,-0.08,-0.29
-4.35,-2.11,0.11,-0.01,-0.09,-0.29
-4.37,-2.05,0.23,-0.02,-0.09,-0.29
-4.35,-2.07,0.33,-0.02,-0.1,-0.29
-4.35,-2.13,0.33,-0.02,-0.1,-0.28
-4.35,-2.09,0.31,-0.03,-0.1,-0.28
-4.35,-2.09,0.34,-0.02,-0.1,-0.28
-4.35,-2.11,0.38,-0.02,-0.1,-0.28
-4.39,-2.09,0.33,-0.02,-0.1,-0.28
-4.42,-2.2,0.27,-0.02,-0.11,-0.28
-4.37,-2.15,0.25,-0.03,-0.11,-0.28
-4.37,-2.2,0.19,-0.03,-0.11,-0.28
-4.41,-2.24,0.27,-0.04,-0.11,-0.28
-4.39,-2.2,0.25,-0.04,-0.11,-0.28
-4.41,-2.24,0.25,-0.05,-0.11,-0.27
-4.37,-2.26,0.33,-0.05,-0.11,-0.27
-4.35,-2.36,0.29,-0.06,-0.1,-0.27
-4.31,-2.36,0.33,-0.06,-0.1,-0.27
-4.33,-2.39,0.42,-0.06,-0.1,-0.27
-4.31,-2.38,0.4,-0.06,-0.11,-0.27
-4.25,-2.41,0.25,-0.06,-0.11,-0.26
-4.27,-2.39,0.38,-0.06,-0.11,-0.27
-4.25,-2.45,0.42,-0.06,-0.11,-0.26
-4.18,-2.43,0.38,-0.07,-0.11,-0.27
-4.16,-2.49,0.33,-0.07,-0.12,-0.27
-4.23,-2.51,0.38,-0.08,-0.11,-0.27
-4.19,-2.51,0.36,-0.07,-0.1,-0.28
-4.16,-2.45,0.33,-0.07,-0.08,-0.28
-4.14,-2.41,0.38,-0.06,-0.07,-0.28
-4.12,-2.49,0.4,-0.06,-0.06,-0.28
-4.14,-2.45,0.4,-0.06,-0.06,-0.28
-4.1,-2.55,0.4,-0.06,-0.06,-0.28
-4.18,-2.57,0.36,-0.06,-0.06,-0.28
-4.19,-2.62,0.46,-0.05,-0.07,-0.29
-4.23,-2.72,0.46,-0.05,-0.09,-0.29
-4.14,-2.7,0.56,-0.04,-0.1,-0.3
-4.14,-2.64,0.56,-0.03,-0.12,-0.29
-4.08,-2.72,0.5,-0.02,-0.13,-0.29
-4.14,-2.57,0.46,-0.01,-0.14,-0.29
-4.1,-2.57,0.46,-0.0,-0.14,-0.28
-4.06,-2.55,0.48,-0.0,-0.15,-0.28
-4.1,-2.53,0.48,-0.0,-0.15,-0.28
-4.08,-2.53,0.48,-0.01,-0.15,-0.27
-3.98,-2.53,0.54,-0.02,-0.15,-0.28
-3.98,-2.55,0.59,-0.02,-0.15,-0.28
-3.95,-2.6,0.57,-0.03,-0.14,-0.28
-3.96,-2.64,0.56,-0.03,-0.14,-0.28
-4.0,-2.72,0.61,-0.04,-0.14,-0.29
-3.95,-2.8,0.56,-0.04,-0.15,-0.29
-3.95,-2.82,0.46,-0.04,-0.15,-0.3
-3.98,-2.8,0.56,-0.04,-0.16,-0.3
-3.96,-2.78,0.57,-0.05,-0.16,-0.31
-3.98,-2.85,0.56,-0.04,-0.16,-0.31
-3.96,-2.85,0.54,-0.04,-0.16,-0.3
-3.95,-2.8,0.54,-0.04,-0.15,-0.3
-3.89,-2.83,0.57,-0.03,-0.15,-0.29
-3.85,-2.85,0.61,-0.03,-0.14,-0.28
-3.81,-2.83,0.57,-0.03,-0.14,-0.28
-3.83,-2.85,0.57,-0.03,-0.15,-0.28
-3.83,-2.89,0.59,-0.03,-0.15,-0.28
-3.79,-3.05,0.61,-0.03,-0.16,-0.28
-3.81,-2.95,0.69,-0.03,-0.16,-0.28
-3.81,-2.93,0.77,-0.03,-0.16,-0.28
-3.85,-2.93,0.82,-0.03,-0.16,-0.28
-3.83,-2.89,0.8,-0.04,-0.16,-0.28
-3.77,-2.91,0.75,-0.04,-0.16,-0.28
-3.75,-2.93,0.69,-0.04,-0.15,-0.28
-3.81,-3.03,0.73,-0.04,-0.15,-0.29
-3.7,-3.03,0.73,-0.03,-0.15,-0.29
-3.68,-3.08,0.71,-0.04,-0.14,-0.29
-3.6,-3.1,0.79,-0.04,-0.13,-0.29
-3.64,-3.14,0.77,-0.04,-0.12,-0.3
-3.64,-3.14,0.77,-0.04,-0.1,-0.29
-3.52,-3.16,0.86,-0.04,-0.09,-0.29
-3.52,-3.18,0.9,-0.03,-0.09,-0.29
-3.54,-3.2,0.92,-0.02,-0.1,-0.29
-3.49,-3.24,0.94,-0.02,-0.1,-0.29
-3.58,-3.28,0.94,-0.01,-0.11,-0.3
-3.6,-3.26,0.88,-0.01,-0.11,-0.3
-3.58,-3.28,0.9,-0.01,-0.11,-0.3
-3.62,-3.2,0.9,-0.0,-0.12,-0.3
-3.58,-3.24,0.84,-0.0,-0.12,-0.3
-3.56,-3.18,0.86,-0.0,-0.12,-0.3
-3.52,-3.1,0.94,-0.0,-0.12,-0.3
-3.45,-3.12,0.88,-0.0,-0.12,-0.3
-3.43,-3.1,0.96,-0.01,-0.12,-0.3
-3.41,-3.18,0.96,-0.01,-0.12,-0.3
-3.45,-3.18,0.96,-0.02,-0.12,-0.31
-3.43,-3.26,1.02,-0.02,-0.12,-0.31
-3.39,-3.24,1.05,-0.02,-0.12,-0.31
-3.31,-3.33,1.09,-0.02,-0.12,-0.31
-3.33,-3.31,1.11,-0.02,-0.11,-0.31
-3.31,-3.45,1.02,-0.01,-0.12,-0.31
-3.28,-3.43,0.96,-0.0,-0.12,-0.3
-3.28,-3.35,1.02,0.01,-0.13,-0.3
-3.24,-3.35,1.07,0.01,-0.14,-0.3
-3.28,-3.33,1.03,0.02,-0.14,-0.3
-3.26,-3.33,1.0,0.02,-0.14,-0.3
-3.22,-3.33,1.02,0.01,-0.14,-0.3
-3.22,-3.29,1.02,0.01,-0.14,-0.3
-3.1,-3.35,1.0,0.0,-0.13,-0.3
-3.2,-3.35,1.0,-0.01,-0.13,-0.3
-3.14,-3.45,0.98,-0.02,-0.12,-0.31
-3.16,-3.45,0.96,-0.03,-0.11,-0.31
-3.14,-3.47,1.02,-0.04,-0.1,-0.31
-3.22,-3.47,0.96,-0.04,-0.09,-0.32
-3.2,-3.52,1.02,-0.03,-0.09,-0.32
-3.24,-3.56,0.96,-0.03,-0.09,-0.32
-3.18,-3.56,1.02,-0.02,-0.1,-0.31
-3.14,-3.58,1.02,-0.01,-0.1,-0.31
-3.1,-3.52,0.98,0.0,-0.11,-0.31
-3.14,-3.52,0.94,0.01,-0.11,-0.31
-3.14,-3.51,1.05,0.01,-0.12,-0.31
-3.12,-3.49,1.0,0.01,-0.12,-0.31
-3.05,-3.49,1.07,0.0,-0.12,-0.31
-3.1,-3.47,1.09,-0.0,-0.12,-0.31
-3.1,-3.45,1.09,-0.01,-0.11,-0.31
-3.01,-3.49,1.03,-0.01,-0.11,-0.31
-3.01,-3.56,0.98,-0.02,-0.1,-0.31
-2.95,-3.56,0.94,-0.02,-0.09,-0.31
-2.91,-3.66,0.96,-0.02,-0.08,-0.31
-2.91,-3.68,0.94,-0.02,-0.08,-0.31
-2.89,-3.66,1.05,-0.02,-0.08,-0.3
-2.91,-4.08,1.24,-0.02,-0.07,-0.31
-2.87,-3.73,1.05,-0.02,-0.07,-0.31
-2.95,-3.81,1.07,-0.02,-0.07,-0.31
-2.95,-3.79,1.11,-0.01,-0.08,-0.31
-2.85,-3.81,1.09,-0.0,-0.08,-0.31
-2.93,-3.79,1.03,0.0,-0.08,-0.31
-2.87,-3.83,1.15,0.0,-0.08,-0.32
-2.76,-3.81,1.11,0.01,-0.07,-0.32
-2.74,-3.77,1.07,0.01,-0.06,-0.32
-2.68,-3.73,1.07,0.02,-0.05,-0.32
-2.64,-3.75,1.05,0.03,-0.05,-0.32
-2.66,-3.75,1.07,0.03,-0.04,-0.32
-2.66,-3.72,1.03,0.03,-0.04,-0.32
-2.6,-3.75,1.05,0.03,-0.04,-0.33
-2.6,-3.75,1.17,0.02,-0.04,-0.33
-2.57,-3.81,1.13,0.02,-0.05,-0.33
-2.51,-3.85,1.15,0.02,-0.05,-0.33
-2.59,-3.81,1.13,0.02,-0.05,-0.33
-2.55,-3.77,1.17,0.03,-0.05,-0.33
-2.51,-3.81,1.15,0.03,-0.05,-0.33
-2.57,-3.83,1.13,0.04,-0.05,-0.34
-2.55,-3.85,1.09,0.04,-0.05,-0.34
-2.57,-3.85,1.23,0.05,-0.05,-0.34
-2.57,-3.85,1.15,0.05,-0.05,-0.34
-2.59,-3.85,1.15,0.05,-0.05,-0.34
-2.53,-3.89,1.07,0.05,-0.05,-0.34
-2.55,-3.85,1.21,0.05,-0.05,-0.34
-2.57,-3.95,1.19,0.05,-0.04,-0.34
-2.51,-3.95,1.23,0.05,-0.04,-0.35
-2.51,-4.04,1.15,0.05,-0.04,-0.35
-2.39,-4.06,1.26,0.06,-0.04,-0.34
-2.39,-4.0,1.34,0.06,-0.05,-0.34
-2.3,-3.98,1.28,0.06,-0.05,-0.34
-2.22,-4.0,1.23,0.07,-0.06,-0.34
-2.28,-4.0,1.26,0.08,-0.06,-0.34
-2.15,-4.0,1.24,0.08,-0.06,-0.33
-2.13,-4.02,1.23,0.07,-0.06,-0.33
-2.07,-4.0,1.21,0.06,-0.06,-0.33
-1.99,-4.06,1.23,0.05,-0.06,-0.33
-1.97,-4.1,1.26,0.04,-0.05,-0.33
-1.99,-4.1,1.28,0.03,-0.04,-0.34
-2.03,-4.14,1.26,0.02,-0.03,-0.34
-2.03,-4.12,1.3,0.02,-0.02,-0.34
-2.07,-4.12,1.32,0.02,-0.02,-0.34
-2.05,-4.18,1.28,0.02,-0.02,-0.34
-2.01,-4.04,1.23,0.02,-0.01,-0.34
-2.05,-4.08,1.23,0.02,-0.01,-0.34
-2.07,-4.08,1.23,0.02,-0.01,-0.34
-2.05,-4.06,1.19,0.03,-0.01,-0.34
-2.05,-4.06,1.17,0.03,-0.02,-0.33
-1.97,-4.06,1.11,0.04,-0.02,-0.33
-2.01,-4.08,1.19,0.04,-0.02,-0.32
-1.95,-4.06,1.11,0.04,-0.02,-0.32
-1.9,-4.1,1.26,0.04,-0.02,-0.32
-1.8,-4.1,1.32,0.04,-0.02,-0.31
-1.76,-4.14,1.28,0.04,-0.02,-0.31
-1.67,-4.16,1.28,0.04,-0.02,-0.31
-1.67,-4.16,1.3,0.03,-0.02,-0.31
-1.65,-4.19,1.17,0.03,-0.01,-0.31
-1.65,-4.21,1.19,0.02,-0.01,-0.32
-1.55,-4.27,1.19,0.01,-0.01,-0.32
-1.55,-4.35,1.11,0.0,-0.0,-0.32
-1.53,-4.37,1.07,-0.0,-0.0,-0.32
-1.57,-4.44,1.11,-0.0,-0.0,-0.32
-1.49,-4.46,1.11,0.0,-0.01,-0.32
-1.55,-4.46,1.21,0.0,-0.01,-0.32
-1.47,-4.48,1.17,0.01,-0.01,-0.32
-1.51,-4.48,1.21,0.01,-0.02,-0.32
-1.57,-4.52,1.23,0.01,-0.02,-0.33
-1.59,-4.5,1.3,0.01,-0.03,-0.33
-1.53,-4.48,1.24,0.01,-0.03,-0.33
-1.57,-4.39,1.24,0.01,-0.03,-0.33
-1.55,-4.42,1.32,0.01,-0.03,-0.33
-1.53,-4.35,1.3,0.0,-0.03,-0.33
-1.49,-4.41,1.24,0.0,-0.03,-0.33
-1.46,-4.31,1.23,0.0,-0.03,-0.33
-1.46,-4.29,1.21,0.0,-0.03,-0.33
-1.36,-4.23,1.21,-0.0,-0.02,-0.33
-1.36,-4.27,1.15,-0.01,-0.02,-0.33
-1.38,-4.31,1.24,-0.02,-0.02,-0.33
-1.42,-4.37,1.23,-0.02,-0.01,-0.32
-1.34,-4.39,1.24,-0.02,-0.01,-0.32
-1.32,-4.41,1.24,-0.02,-0.0,-0.32
-1.42,-4.48,1.24,-0.02,0.0,-0.32
-1.32,-4.54,1.24,-0.02,0.0,-0.32
-1.44,-4.46,1.28,-0.01,0.0,-0.32
-1.4,-4.48,1.3,-0.01,-0.0,-0.31
-1.34,-4.46,1.32,-0.01,-0.01,-0.3
-1.34,-4.46,1.24,-0.02,-0.02,-0.29
-1.3,-4.5,1.3,-0.02,-0.03,-0.28
-1.28,-4.42,1.15,-0.01,-0.03,-0.28
-1.26,-4.41,1.09,-0.01,-0.04,-0.27
-1.32,-4.42,1.17,-0.01,-0.04,-0.27
-1.4,-4.46,1.17,-0.01,-0.05,-0.27
-1.34,-4.54,1.21,-0.02,-0.06,-0.26
-1.36,-4.52,1.23,-0.02,-0.06,-0.26
-1.36,-4.62,1.32,-0.01,-0.06,-0.25
-1.28,-4.62,1.36,-0.0,-0.06,-0.24
-1.24,-4.69,1.4,0.01,-0.05,-0.24
-1.23,-4.69,1.4,0.02,-0.05,-0.23
-1.15,-4.73,1.4,0.04,-0.04,-0.22
-1.13,-4.69,1.42,0.05,-0.04,-0.22
-1.07,-4.65,1.44,0.06,-0.04,-0.21
-1.03,-4.64,1.38,0.07,-0.04,-0.21
-1.0,-4.58,1.44,0.08,-0.03,-0.21
-1.0,-4.5,1.42,0.08,-0.02,-0.21
-0.92,-4.46,1.44,0.09,-0.02,-0.21
-1.0,-4.35,1.38,0.09,-0.01,-0.2
-1.02,-4.27,1.42,0.08,-0.01,-0.2
-1.02,-4.31,1.42,0.08,-0.02,-0.2
-1.11,-4.21,1.42,0.07,-0.02,-0.2
-1.07,-4.19,1.38,0.06,-0.03,-0.2
-1.09,-4.16,1.44,0.05,-0.03,-0.19
-1.05,-4.21,1.42,0.04,-0.03,-0.19
-1.11,-4.25,1.4,0.04,-0.03,-0.2
-1.11,-4.19,1.34,0.03,-0.03,-0.2
-1.03,-4.35,1.42,0.02,-0.03,-0.2
-1.05,-4.37,1.47,0.02,-0.03,-0.2
-1.11,-4.42,1.4,0.02,-0.04,-0.2
-1.11,-4.42,1.4,0.02,-0.04,-0.2
-1.07,-4.54,1.4,0.02,-0.04,-0.2
-1.02,-4.56,1.44,0.02,-0.05,-0.2
-1.0,-4.54,1.46,0.02,-0.05,-0.2
-0.92,-4.64,1.44,0.03,-0.04,-0.2
-0.86,-4.54,1.46,0.03,-0.04,-0.2
-0.9,-4.54,1.53,0.04,-0.04,-0.2
-0.79,-4.56,1.51,0.04,-0.04,-0.2
-0.75,-4.52,1.49,0.04,-0.04,-0.2
-0.69,-4.5,1.44,0.04,-0.04,-0.19
-0.59,-4.52,1.49,0.04,-0.04,-0.19
-0.63,-4.58,1.51,0.04,-0.04,-0.19
-0.65,-4.5,1.46,0.04,-0.03,-0.19
-0.57,-4.5,1.49,0.03,-0.03,-0.19
-0.56,-4.44,1.55,0.03,-0.02,-0.19
-0.54,-4.42,1.51,0.03,-0.02,-0.19
-0.54,-4.44,1.42,0.03,-0.01,-0.19
-0.59,-4.41,1.42,0.02,-0.01,-0.19
-0.59,-4.39,1.44,0.02,-0.01,-0.2
-0.71,-4.39,1.44,0.02,-0.01,-0.2
-0.71,-4.33,1.44,0.02,-0.01,-0.19
-0.79,-4.37,1.4,0.02,-0.01,-0.19
-0.8,-4.31,1.4,0.02,-0.0,-0.19
-0.79,-4.31,1.38,0.02,0.0,-0.18
-0.79,-4.39,1.32,0.01,0.0,-0.18
-0.79,-4.42,1.38,0.01,0.0,-0.18
-0.79,-4.5,1.47,0.01,-0.0,-0.19
-0.8,-4.56,1.44,0.0,-0.01,-0.19
-0.8,-4.58,1.57,0.01,-0.01,-0.19
-0.9,-4.64,1.55,0.01,-0.02,-0.19
-0.94,-4.6,1.57,0.02,-0.03,-0.19
-0.86,-4.6,1.59,0.02,-0.03,-0.18
-0.92,-4.62,1.61,0.03,-0.03,-0.18
-0.92,-4.52,1.59,0.03,-0.04,-0.17
-0.86,-4.5,1.51,0.02,-0.04,-0.17
-0.75,-4.56,1.51,0.02,-0.05,-0.16
-0.69,-4.58,1.47,0.01,-0.05,-0.16
-0.63,-4.6,1.59,0.01,-0.05,-0.15
-0.61,-4.6,1.51,0.01,-0.05,-0.15
-0.56,-4.6,1.47,0.01,-0.05,-0.15
-0.42,-4.62,1.55,0.01,-0.05,-0.15
-0.34,-4.6,1.51,0.01,-0.05,-0.14
-0.25,-4.6,1.51,0.01,-0.05,-0.15
-0.34,-4.6,1.46,0.01,-0.05,-0.15
-0.25,-4.62,1.57,0.01,-0.05,-0.15
-0.25,-4.6,1.59,0.01,-0.05,-0.15
-0.23,-4.56,1.57,0.01,-0.05,-0.16
-0.19,-4.58,1.59,0.02,-0.04,-0.16
-0.15,-4.56,1.57,0.02,-0.04,-0.16
-0.19,-4.48,1.63,0.02,-0.03,-0.16
-0.21,-4.52,1.57,0.02,-0.03,-0.17
-0.23,-4.46,1.59,0.03,-0.03,-0.17
-0.23,-4.44,1.53,0.03,-0.04,-0.17
-0.25,-4.48,1.57,0.03,-0.04,-0.17
-0.25,-4.54,1.49,0.03,-0.04,-0.18
-0.27,-4.42,1.57,0.03,-0.04,-0.18
-0.25,-4.46,1.53,0.04,-0.04,-0.18
-0.4,-4.44,1.65,0.04,-0.04,-0.18
-0.42,-4.41,1.61,0.04,-0.04,-0.19
-0.42,-4.46,1.61,0.04,-0.05,-0.19
-0.44,-4.39,1.61,0.04,-0.05,-0.19
-0.44,-4.37,1.63,0.04,-0.06,-0.18
-0.42,-4.44,1.69,0.04,-0.06,-0.18
-0.4,-4.37,1.7,0.04,-0.07,-0.18
-0.4,-4.46,1.74,0.04,-0.07,-0.17
-0.36,-4.44,1.63,0.04,-0.07,-0.17
-0.34,-4.48,1.67,0.05,-0.07,-0.16
-0.29,-4.48,1.65,0.05,-0.07,-0.15
-0.19,-4.56,1.63,0.05,-0.07,-0.15
-0.15,-4.5,1.57,0.05,-0.07,-0.14
-0.21,-4.46,1.55,0.05,-0.07,-0.14
-0.19,-4.39,1.57,0.05,-0.07,-0.14
-0.17,-4.39,1.51,0.04,-0.08,-0.14
-0.08,-4.42,1.57,0.04,-0.08,-0.14
-0.06,-4.46,1.49,0.03,-0.08,-0.13
-0.08,-4.42,1.57,0.02,-0.08,-0.13
-0.06,-4.48,1.53,0.02,-0.08,-0.13
-0.06,-4.48,1.55,0.02,-0.08,-0.13
-0.08,-4.46,1.51,0.02,-0.08,-0.13
-0.06,-4.5,1.57,0.02,-0.07,-0.13
-0.04,-4.52,1.53,0.02,-0.07,-0.13
-0.06,-4.5,1.55,0.02,-0.06,-0.13
-0.06,-4.52,1.69,0.01,-0.06,-0.13
-0.02,-4.54,1.63,0.01,-0.06,-0.14
-0.06,-4.56,1.63,0.01,-0.06,-0.14
-0.02,-4.6,1.78,0.01,-0.05,-0.14
0.0,-4.56,1.7,0.01,-0.05,-0.15
0.0,-4.52,1.76,0.02,-0.04,-0.15
0.06,-4.46,1.67,0.03,-0.04,-0.15
0.04,-4.42,1.63,0.03,-0.03,-0.15
0.04,-4.48,1.69,0.04,-0.03,-0.15
-0.02,-4.37,1.59,0.04,-0.02,-0.15
0.06,-4.42,1.61,0.04,-0.02,-0.15
0.0,-4.37,1.65,0.04,-0.02,-0.15
0.08,-4.39,1.61,0.03,-0.01,-0.15
0.02,-4.37,1.65,0.03,-0.01,-0.15
0.0,-4.39,1.63,0.03,-0.01,-0.14
0.06,-4.48,1.67,0.02,-0.0,-0.14
0.04,-4.44,1.65,0.02,0.0,-0.14
0.02,-4.46,1.69,0.02,0.0,-0.13
0.06,-4.48,1.7,0.02,0.01,-0.12
0.04,-4.42,1.67,0.02,0.01,-0.12
0.0,-4.42,1.67,0.02,0.01,-0.11
-0.02,-4.5,1.69,0.02,0.01,-0.1
0.04,-4.52,1.65,0.02,0.01,-0.1
0.02,-4.46,1.65,0.01,0.01,-0.09
0.02,-4.48,1.65,0.01,0.01,-0.09
0.11,-4.46,1.61,0.01,0.02,-0.08
0.17,-4.46,1.69,0.0,0.02,-0.08
0.15,-4.54,1.69,0.0,0.02,-0.08
0.19,-4.48,1.78,0.0,0.02,-0.08
0.17,-4.46,1.74,0.01,0.02,-0.07
0.23,-4.48,1.76,0.01,0.02,-0.07
0.25,-4.52,1.69,0.01,0.01,-0.07
0.21,-4.46,1.72,0.02,0.01,-0.07
0.29,-4.42,1.7,0.02,0.01,-0.07
0.23,-4.44,1.74,0.02,0.01,-0.07
0.23,-4.39,1.59,0.02,0.0,-0.07
0.23,-4.42,1.67,0.02,0.01,-0.07
0.33,-4.42,1.69,0.02,0.01,-0.07
0.33,-4.42,1.72,0.02,0.01,-0.07
0.29,-4.41,1.69,0.02,0.02,-0.07
0.34,-4.37,1.7,0.02,0.02,-0.07
0.38,-4.37,1.76,0.03,0.01,-0.07
0.4,-4.39,1.78,0.03,0.01,-0.07
0.38,-4.37,1.7,0.03,0.0,-0.07
0.38,-4.37,1.76,0.02,-0.0,-0.07
0.38,-4.35,1.67,0.02,-0.01,-0.08
0.34,-4.39,1.7,0.01,-0.01,-0.08
0.4,-4.37,1.72,-0.0,-0.01,-0.08
0.36,-4.39,1.78,-0.01,-0.01,-0.08
0.31,-4.44,1.84,-0.02,-0.01,-0.08
0.31,-4.48,1.78,-0.02,-0.0,-0.08
0.27,-4.52,1.76,-0.02,-0.0,-0.08
0.29,-4.6,1.78,-0.02,-0.0,-0.07
0.25,-4.56,1.78,-0.02,-0.01,-0.07
0.17,-4.64,1.76,-0.01,-0.01,-0.06
0.19,-4.64,1.84,-0.01,-0.01,-0.05
0.17,-4.6,1.78,-0.0,-0.02,-0.05
0.17,-4.58,1.76,-0.0,-0.03,-0.05
0.17,-4.54,1.7,0.0,-0.03,-0.04
0.17,-4.44,1.76,0.01,-0.04,-0.04
0.13,-4.44,1.72,0.01,-0.04,-0.04
0.13,-4.37,1.74,0.02,-0.04,-0.03
0.1,-4.37,1.7,0.02,-0.04,-0.03
0.21,-4.31,1.65,0.02,-0.05,-0.02
0.19,-4.33,1.69,0.01,-0.05,-0.02
0.13,-4.33,1.7,0.01,-0.05,-0.01
0.13,-4.29,1.76,0.0,-0.06,-0.01
0.13,-4.37,1.67,0.0,-0.07,-0.01
0.11,-4.33,1.61,-0.0,-0.07,-0.01
0.15,-4.35,1.69,-0.0,-0.08,-0.01
0.15,-4.39,1.55,-0.0,-0.08,-0.01
0.19,-4.39,1.65,-0.01,-0.08,-0.0
0.17,-4.46,1.67,-0.01,-0.08,-0.0
0.19,-4.5,1.63,-0.01,-0.07,0.0
0.17,-4.5,1.72,-0.01,-0.06,0.0
0.25,-4.48,1.74,-0.0,-0.06,0.01
0.31,-4.46,1.69,-0.0,-0.06,0.01
0.25,-4.5,1.7,-0.0,-0.06,0.01
0.23,-4.48,1.65,-0.0,-0.06,0.01
0.29,-4.41,1.7,-0.0,-0.06,0.01
0.31,-4.41,1.7,-0.01,-0.06,0.01
0.23,-4.42,1.8,-0.01,-0.06,0.01
0.19,-4.35,1.78,-0.01,-0.06,0.01
0.19,-4.35,1.63,-0.01,-0.06,0.01
0.17,-4.44,1.86,-0.02,-0.06,0.02
0.23,-4.39,1.63,-0.02,-0.06,0.02
0.19,-4.39,1.63,-0.02,-0.06,0.02
0.19,-4.39,1.65,-0.03,-0.06,0.03
0.19,-4.39,1.59,-0.03,-0.06,0.03
0.19,-4.39,1.59,-0.04,-0.06,0.04
0.25,-4.46,1.59,-0.05,-0.06,0.04
0.25,-4.48,1.49,-0.05,-0.06,0.05
0.27,-4.52,1.59,-0.05,-0.07,0.05
0.25,-4.54,1.61,-0.05,-0.07,0.05
0.19,-4.54,1.63,-0.05,-0.08,0.05
0.27,-4.56,1.61,-0.05,-0.09,0.05
0.33,-4.58,1.65,-0.04,-0.09,0.04
0.31,-4.52,1.61,-0.03,-0.1,0.04
0.36,-4.52,1.65,-0.02,-0.09,0.05
0.4,-4.46,1.59,-0.01,-0.09,0.05
0.46,-4.5,1.65,-0.01,-0.09,0.05
0.44,-4.41,1.69,-0.01,-0.08,0.05
0.48,-4.41,1.61,-0.01,-0.08,0.05
0.56,-4.37,1.65,-0.01,-0.07,0.05
0.56,-4.37,1.59,-0.01,-0.07,0.04
0.5,-4.41,1.59,-0.01,-0.07,0.04
0.59,-4.46,1.63,-0.02,-0.06,0.03
0.52,-4.44,1.57,-0.03,-0.06,0.03
0.52,-4.48,1.55,-0.03,-0.06,0.03
0.56,-4.54,1.51,-0.03,-0.05,0.03
0.46,-4.5,1.46,-0.03,-0.04,0.02
0.42,-4.58,1.51,-0.03,-0.04,0.02
0.52,-4.56,1.59,-0.03,-0.03,0.02
0.48,-4.6,1.57,-0.02,-0.03,0.03
0.38,-4.48,1.47,-0.01,-0.03,0.03
0.44,-4.5,1.51,-0.01,-0.02,0.03
0.36,-4.44,1.47,-0.01,-0.02,0.03
0.44,-4.41,1.47,-0.01,-0.02,0.03
0.36,-4.33,1.44,-0.02,-0.01,0.03
0.42,-4.41,1.32,-0.03,-0.01,0.03
0.36,-4.42,1.36,-0.04,-0.0,0.03
0.38,-4.42,1.32,-0.05,0.01,0.04
0.34,-4.44,1.44,-0.06,0.02,0.03
0.33,-4.48,1.46,-0.06,0.02,0.03
0.33,-4.54,1.46,-0.06,0.03,0.03
0.34,-4.5,1.49,-0.06,0.03,0.03
0.33,-4.48,1.51,-0.05,0.03,0.02
0.4,-4.56,1.59,-0.04,0.03,0.02
0.27,-4.44,1.55,-0.04,0.03,0.02
0.34,-4.48,1.55,-0.04,0.03,0.02
0.31,-4.44,1.42,-0.04,0.03,0.01
0.34,-4.5,1.46,-0.04,0.03,0.01
0.29,-4.46,1.47,-0.04,0.03,0.02
0.34,-4.52,1.4,-0.05,0.03,0.02
0.31,-4.52,1.49,-0.05,0.03,0.02
0.31,-4.58,1.47,-0.05,0.04,0.02
0.33,-4.54,1.59,-0.05,0.04,0.02
0.38,-4.56,1.57,-0.04,0.04,0.02
0.36,-4.56,1.63,-0.04,0.04,0.03
0.36,-4.56,1.67,-0.03,0.05,0.03
0.38,-4.52,1.63,-0.03,0.05,0.03
0.34,-4.46,1.59,-0.03,0.05,0.02
0.42,-4.52,1.59,-0.02,0.05,0.02
0.38,-4.52,1.59,-0.02,0.06,0.02
0.33,-4.52,1.65,-0.02,0.06,0.02
0.33,-4.54,1.55,-0.02,0.05,0.02
0.34,-4.56,1.53,-0.02,0.05,0.02
0.29,-4.56,1.59,-0.02,0.05,0.02
0.29,-4.6,1.63,-0.02,0.05,0.02
0.27,-4.54,1.69,-0.01,0.05,0.01
0.27,-4.5,1.67,-0.01,0.06,0.01
0.27,-4.52,1.67,-0.0,0.06,0.01
0.29,-4.58,1.65,0.0,0.06,0.01
0.29,-4.54,1.63,0.01,0.06,0.01
0.29,-4.54,1.55,0.01,0.06,0.01
0.29,-4.52,1.53,0.02,0.06,0.01
0.25,-4.46,1.51,0.02,0.06,0.01
0.29,-4.41,1.47,0.02,0.07,0.01
0.25,-4.41,1.57,0.02,0.07,0.01
0.19,-4.64,1.38,0.02,0.07,0.0
0.27,-4.42,1.57,0.02,0.07,0.0
0.27,-4.41,1.7,0.02,0.07,0.0
0.25,-4.41,1.69,0.02,0.07,0.0
0.25,-4.44,1.72,0.01,0.07,0.0
0.29,-4.41,1.65,0.01,0.07,-0.0
0.21,-4.42,1.65,0.01,0.07,-0.0
0.17,-4.44,1.65,0.01,0.07,-0.0
0.17,-4.44,1.69,0.01,0.07,-0.0
0.17,-4.48,1.67,0.01,0.06,-0.0
0.11,-4.42,1.7,0.0,0.06,-0.0
0.11,-4.52,1.69,0.0,0.06,-0.0
0.1,-4.54,1.65,0.0,0.05,-0.0
0.02,-4.48,1.69,0.0,0.05,-0.0
0.02,-4.54,1.78,0.0,0.05,-0.0
0.04,-4.54,1.67,0.0,0.05,0.0
0.0,-4.48,1.67,0.01,0.05,0.0
0.02,-4.5,1.72,0.01,0.05,0.01
0.0,-4.5,1.63,0.01,0.05,0.01
0.06,-4.48,1.67,0.02,0.05,0.01
0.08,-4.44,1.67,0.02,0.05,0.02
0.08,-4.44,1.67,0.02,0.05,0.02
0.06,-4.39,1.55,0.01,0.04,0.02
0.0,-4.35,1.65,0.01,0.04,0.02
0.02,-4.39,1.65,0.01,0.04,0.02
0.04,-4.41,1.67,0.01,0.04,0.02
0.02,-4.41,1.63,0.01,0.04,0.01
0.04,-4.39,1.61,0.01,0.03,0.01
0.13,-4.41,1.59,0.01,0.03,0.01
0.15,-4.48,1.59,0.01,0.04,0.01
0.19,-4.44,1.51,0.01,0.04,0.01
0.13,-4.5,1.55,0.01,0.04,0.01
0.21,-4.48,1.53,0.01,0.04,0.01
0.23,-4.44,1.65,0.01,0.05,0.01
0.17,-4.46,1.59,0.01,0.05,0.0
0.19,-4.54,1.65,0.01,0.05,0.0
0.15,-4.48,1.59,0.01,0.05,0.0
0.19,-4.52,1.63,0.01,0.05,0.0
0.19,-4.54,1.63,0.01,0.05,0.0
0.21,-4.54,1.74,0.01,0.05,0.0
0.17,-4.5,1.59,0.01,0.05,0.0
0.21,-4.54,1.67,0.01,0.05,0.0
0.21,-4.6,1.61,0.01,0.05,0.0
0.23,-4.58,1.63,0.02,0.05,0.0
0.21,-4.54,1.61,0.02,0.05,0.0
0.17,-4.52,1.63,0.02,0.04,0.01
0.19,-4.44,1.65,0.03,0.04,0.0
0.17,-4.46,1.59,0.03,0.04,0.01
0.19,-4.42,1.51,0.03,0.04,0.0
0.19,-4.52,1.67,0.03,0.04,0.01
0.19,-4.46,1.61,0.02,0.04,0.0
0.19,-4.42,1.65,0.02,0.04,0.0
0.15,-4.42,1.63,0.02,0.04,0.0
0.29,-4.44,1.69,0.03,0.04,0.0
0.23,-4.44,1.65,0.03,0.04,0.0
0.19,-4.39,1.59,0.03,0.04,0.0
0.21,-4.41,1.74,0.03,0.04,0.0
0.15,-4.41,1.76,0.02,0.04,0.0
0.25,-4.44,1.72,0.03,0.04,0.0
0.23,-4.42,1.7,0.02,0.04,0.0
0.19,-4.39,1.76,0.02,0.04,0.0
0.23,-4.44,1.65,0.02,0.04,0.0
0.19,-4.42,1.7,0.02,0.03,0.0
0.19,-4.39,1.67,0.02,0.03,0.0
0.19,-4.42,1.76,0.02,0.03,0.0
0.1,-4.41,1.72,0.02,0.03,0.0
0.06,-4.39,1.7,0.02,0.03,0.0
0.15,-4.46,1.76,0.02,0.03,0.0
0.19,-4.41,1.69,0.02,0.03,0.0
0.21,-4.44,1.76,0.02,0.03,0.01
0.15,-4.39,1.76,0.02,0.03,0.0
0.25,-4.5,1.76,0.02,0.03,0.0
0.17,-4.44,1.76,0.02,0.03,0.0
0.15,-4.5,1.76,0.02,0.03,0.01
0.19,-4.44,1.7,0.02,0.03,0.01
0.13,-4.37,1.72,0.02,0.03,0.01
0.21,-4.39,1.69,0.02,0.03,0.01
0.13,-4.42,1.78,0.02,0.02,0.01
0.17,-4.42,1.72,0.02,0.02,0.0
0.21,-4.41,1.72,0.02,0.02,0.0
0.13,-4.37,1.72,0.02,0.02,0.0
0.17,-4.39,1.69,0.02,0.02,0.0
0.17,-4.41,1.67,0.01,0.02,0.0
0.11,-4.42,1.67,0.01,0.02,0.0
0.17,-4.46,1.69,0.01,0.03,0.0
0.13,-4.44,1.72,0.01,0.03,0.0
0.15,-4.39,1.63,0.01,0.03,0.0
0.21,-4.37,1.69,0.01,0.03,0.0
0.21,-4.46,1.76,0.01,0.03,0.0
0.21,-4.46,1.67,0.01,0.03,0.0
0.17,-4.44,1.72,0.01,0.03,0.0
0.17,-4.41,1.69,0.01,0.03,0.0
0.21,-4.44,1.7,0.01,0.03,0.0
0.19,-4.41,1.65,0.01,0.03,0.0
0.23,-4.44,1.7,0.01,0.03,0.0
0.23,-4.44,1.69,0.01,0.03,0.01
0.23,-4.39,1.69,0.01,0.03,0.0
0.17,-4.39,1.7,0.01,0.03,0.0
0.19,-4.44,1.69,0.01,0.03,0.0
0.19,-4.46,1.7,0.0,0.03,0.0
0.19,-4.41,1.78,0.0,0.03,0.0
0.17,-4.42,1.78,0.0,0.03,0.0
0.17,-4.42,1.7,0.0,0.03,0.0
0.15,-4.46,1.76,0.0,0.03,0.0
0.19,-4.46,1.69,0.0,0.03,0.0
0.19,-4.44,1.7,0.0,0.03,0.0
0.15,-4.46,1.69,0.0,0.03,0.0
0.17,-4.42,1.69,0.0,0.03,0.0
0.19,-4.42,1.76,0.0,0.03,0.0
0.1,-4.41,1.72,0.0,0.03,0.0
0.15,-4.44,1.74,0.0,0.03,0.0
0.15,-4.44,1.8,0.0,0.02,0.0
0.15,-4.46,1.7,0.0,0.03,0.0
0.19,-4.44,1.7,0.01,0.03,0.0
0.25,-4.39,1.74,0.01,0.03,0.0
0.19,-4.46,1.76,0.01,0.03,0.0
0.27,-4.42,1.76,0.01,0.04,0.0
0.19,-4.44,1.78,0.0,0.04,0.0
0.25,-4.41,1.82,0.0,0.04,0.0
0.21,-4.44,1.74,0.0,0.04,0.0
0.21,-4.42,1.74,0.0,0.03,0.0
0.17,-4.46,1.82,0.0,0.03,0.0
0.23,-4.42,1.72,0.0,0.03,-0.0
0.21,-4.39,1.8,0.0,0.03,-0.0
0.19,-4.42,1.69,0.0,0.03,-0.0
0.11,-4.42,1.65,0.0,0.03,-0.0
0.19,-4.42,1.7,0.0,0.03,-0.0
0.17,-4.39,1.67,0.0,0.03,-0.0
0.15,-4.44,1.72,0.0,0.03,-0.0
0.1,-4.35,1.7,0.0,0.03,-0.0
0.13,-4.44,1.82,0.0,0.03,-0.0
0.1,-4.42,1.82,-0.0,0.03,0.0
0.06,-4.42,1.74,-0.0,0.03,0.0
0.13,-4.5,1.78,-0.0,0.02,0.0
0.1,-4.42,1.7,-0.0,0.02,0.0
0.08,-4.44,1.74,-0.0,0.02,0.0
0.11,-4.42,1.82,-0.0,0.02,0.0
0.13,-4.42,1.76,-0.0,0.02,0.01
0.19,-4.39,1.74,0.0,0.02,0.01
0.21,-4.42,1.74,0.0,0.02,0.01
0.15,-4.39,1.74,0.0,0.02,0.01
0.15,-4.39,1.69,0.0,0.03,0.01
0.17,-4.39,1.69,0.0,0.03,0.0
0.21,-4.35,1.67,-0.0,0.03,0.0
0.21,-4.39,1.74,-0.0,0.03,0.0
0.27,-4.41,1.82,-0.0,0.03,0.0
0.29,-4.41,1.78,-0.0,0.03,0.0
0.27,-4.41,1.76,-0.0,0.03,0.0
0.21,-4.44,1.74,-0.0,0.03,-0.0
0.23,-4.46,1.74,-0.0,0.03,-0.0
0.21,-4.41,1.78,-0.0,0.03,-0.0
0.21,-4.44,1.78,-0.0,0.03,-0.0
0.21,-4.5,1.78,-0.0,0.03,-0.0
0.21,-4.42,1.78,-0.0,0.03,-0.0
0.17,-4.46,1.8,0.0,0.03,-0.0
0.11,-4.42,1.76,0.0,0.03,0.0
0.25,-4.46,1.7,0.0,0.03,-0.0
0.19,-4.41,1.76,0.0,0.03,0.0
0.19,-4.42,1.69,0.0,0.03,0.0
0.11,-4.35,1.69,0.01,0.03,0.0
0.11,-4.48,1.65,0.01,0.03,0.0
0.15,-4.42,1.78,0.01,0.03,0.0
0.13,-4.39,1.67,0.0,0.03,0.0
0.13,-4.44,1.69,0.0,0.03,0.0
0.11,-4.39,1.76,0.0,0.03,0.0
0.17,-4.46,1.78,0.0,0.03,0.0
0.06,-4.39,1.8,0.01,0.03,0.0
0.13,-4.42,1.86,0.01,0.03,0.0
0.19,-4.37,1.8,0.01,0.03,-0.0
0.17,-4.44,1.74,0.01,0.02,0.0
0.17,-4.41,1.7,0.01,0.03,0.0
0.15,-4.44,1.8,0.01,0.03,0.0
0.19,-4.48,1.74,0.01,0.03,0.0
0.19,-4.42,1.7,0.0,0.03,0.0
0.21,-4.46,1.76,0.0,0.03,0.0
0.15,-4.41,1.69,0.01,0.03,0.0
0.21,-4.37,1.7,0.01,0.03,0.0
0.15,-4.37,1.74,0.01,0.03,0.01
0.21,-4.44,1.78,0.01,0.03,0.0
0.21,-4.41,1.82,0.0,0.03,0.01
0.19,-4.41,1.72,0.0,0.03,0.0
0.21,-4.42,1.72,-0.0,0.03,0.01
0.19,-4.41,1.8,-0.0,0.03,0.0
0.17,-4.5,1.78,-0.0,0.03,0.01
0.13,-4.37,1.76,-0.0,0.03,0.0
0.17,-4.44,1.76,0.0,0.03,0.01
0.15,-4.39,1.72,0.0,0.03,0.0
0.13,-4.44,1.8,0.01,0.03,0.0
0.13,-4.41,1.76,0.01,0.03,0.0
0.15,-4.41,1.74,0.01,0.03,0.0
0.15,-4.35,1.72,0.01,0.03,0.0
0.15,-4.41,1.74,0.01,0.03,0.0
0.15,-4.37,1.76,0.01,0.03,0.0
0.17,-4.37,1.76,0.01,0.03,0.0
0.17,-4.37,1.72,0.01,0.03,0.0
0.19,-4.35,1.8,0.01,0.03,0.0
0.17,-4.39,1.78,0.01,0.03,-0.0
0.19,-4.37,1.8,0.01,0.03,0.0
0.17,-4.46,1.82,0.0,0.03,0.0
0.19,-4.42,1.74,0.0,0.03,0.0
0.19,-4.42,1.76,0.0,0.03,-0.0
0.17,-4.42,1.76,0.0,0.03,-0.0
0.17,-4.42,1.84,0.0,0.03,-0.0
0.17,-4.44,1.78,0.01,0.03,-0.0
0.13,-4.37,1.74,0.01,0.04,-0.0
0.15,-4.41,1.78,0.01,0.04,0.0
0.21,-4.42,1.84,0.01,0.04,0.0
0.17,-4.39,1.78,0.01,0.04,0.0
0.15,-4.39,1.74,0.01,0.03,0.0
0.19,-4.37,1.82,0.01,0.03,0.0
0.11,-4.37,1.78,0.01,0.03,0.0
0.15,-4.39,1.84,0.0,0.03,0.0
0.13,-4.41,1.86,0.0,0.03,0.0
0.1,-4.37,1.84,0.0,0.03,0.0
0.17,-4.41,1.8,0.0,0.03,-0.0
0.13,-4.41,1.9,0.0,0.03,-0.0
0.19,-4.44,1.78,0.0,0.03,-0.0
0.11,-4.37,1.82,0.0,0.03,-0.0
0.15,-4.44,1.82,0.01,0.03,-0.0
0.23,-4.42,1.74,0.01,0.03,0.0
0.1,-4.41,1.76,0.01,0.03,-0.0
0.17,-4.37,1.8,0.01,0.03,0.0
