accX,accY,accZ,gyroX,gyroY,gyroZ
0.17,-4.23,2.18,-0.01,0.03,-0.0
0.17,-4.21,2.2,-0.01,0.03,-0.0
0.17,-4.25,2.18,-0.01,0.03,-0.0
0.17,-4.18,2.15,-0.01,0.03,-0.0
0.27,-4.21,2.15,-0.01,0.03,-0.0
0.17,-4.25,2.16,-0.01,0.03,-0.0
0.15,-4.18,2.13,-0.01,0.04,-0.0
0.21,-4.23,2.18,-0.01,0.03,-0.0
0.13,-4.18,2.15,-0.01,0.03,-0.0
0.13,-4.18,2.11,-0.02,0.03,-0.0
0.21,-4.19,2.18,-0.02,0.03,-0.0
0.21,-4.23,2.15,-0.02,0.03,-0.0
0.15,-4.23,2.24,-0.02,0.03,-0.0
0.19,-4.19,2.11,-0.02,0.03,-0.0
0.19,-4.19,2.15,-0.01,0.03,-0.0
0.19,-4.23,2.15,-0.01,0.03,-0.0
0.15,-4.19,2.18,-0.01,0.03,-0.0
0.1,-4.14,2.16,-0.02,0.03,-0.0
0.15,-4.25,2.18,-0.01,0.03,-0.0
0.15,-4.19,2.18,-0.02,0.04,-0.0
0.1,-4.18,2.11,-0.02,0.04,-0.0
0.21,-4.23,2.2,-0.02,0.04,-0.01
0.29,-4.25,2.26,-0.02,0.04,-0.0
0.13,-4.18,2.32,-0.02,0.04,-0.01
0.29,-4.14,2.15,-0.02,0.04,-0.0
0.11,-4.33,2.15,-0.02,0.04,-0.0
0.27,-4.18,2.22,-0.02,0.04,-0.0
0.19,-4.35,2.13,-0.02,0.04,-0.0
0.15,-4.29,2.26,-0.01,0.04,-0.0
0.25,-4.1,2.13,-0.01,0.04,-0.0
0.19,-4.14,1.93,-0.01,0.04,-0.0
0.15,-4.27,2.03,-0.01,0.04,-0.0
0.21,-4.21,2.13,-0.01,0.04,-0.0
0.21,-4.23,2.15,-0.01,0.04,-0.0
0.29,-4.29,2.24,-0.01,0.03,-0.0
0.33,-4.12,2.13,-0.01,0.04,-0.0
0.23,-4.08,2.28,-0.01,0.03,-0.0
0.15,-4.29,2.18,-0.01,0.04,-0.01
0.27,-4.12,2.07,-0.01,0.03,-0.0
0.17,-4.18,2.11,-0.01,0.04,-0.01
0.19,-4.27,2.16,-0.01,0.03,-0.0
0.17,-4.19,2.11,-0.01,0.03,-0.01
0.15,-4.18,2.18,-0.01,0.04,-0.0
0.21,-4.21,2.15,-0.01,0.04,-0.0
0.19,-4.19,2.16,-0.01,0.04,-0.0
0.21,-4.21,2.09,-0.01,0.03,-0.0
0.19,-4.19,2.13,-0.01,0.03,0.0
0.17,-4.16,2.2,-0.01,0.03,0.0
0.15,-4.16,2.15,-0.01,0.03,0.0
0.17,-4.19,2.13,-0.01,0.03,-0.0
0.23,-4.08,2.13,-0.01,0.03,0.0
0.15,-4.12,2.09,-0.01,0.03,-0.0
0.21,-4.18,2.15,-0.01,0.03,0.0
0.21,-4.19,2.15,-0.01,0.03,0.0
0.21,-4.14,2.09,-0.02,0.03,0.0
0.19,-4.21,2.15,-0.01,0.03,0.0
0.21,-4.21,2.2,-0.01,0.03,0.0
0.15,-4.23,2.24,-0.01,0.04,-0.0
0.21,-4.19,2.24,-0.01,0.04,0.0
0.17,-4.23,2.22,-0.0,0.04,-0.0
0.15,-4.19,2.13,-0.0,0.04,-0.0
0.19,-4.19,2.16,0.0,0.04,-0.0
0.17,-4.25,2.22,-0.0,0.04,-0.0
0.15,-4.12,2.16,-0.0,0.04,-0.0
0.19,-4.18,2.13,-0.0,0.04,-0.0
0.13,-4.18,2.13,-0.0,0.03,-0.0
0.21,-4.16,2.15,-0.01,0.03,-0.0
0.11,-4.1,2.11,-0.01,0.03,-0.0
0.15,-4.21,2.13,-0.01,0.03,-0.0
0.15,-4.19,2.11,-0.01,0.03,-0.0
0.15,-4.19,2.11,-0.01,0.03,-0.0
0.13,-4.18,2.13,-0.01,0.03,-0.0
0.13,-4.16,2.13,-0.01,0.03,-0.0
0.21,-4.21,2.13,-0.01,0.03,-0.0
0.15,-4.25,2.15,-0.01,0.03,-0.0
0.15,-4.25,2.15,-0.01,0.03,-0.0
0.23,-4.21,2.09,-0.01,0.03,-0.0
0.17,-4.25,2.07,-0.01,0.03,-0.0
0.19,-4.18,2.09,-0.01,0.03,-0.0
0.19,-4.23,2.07,-0.01,0.03,-0.0
0.15,-4.25,2.15,-0.01,0.03,-0.0
0.17,-4.25,2.07,-0.01,0.03,-0.0
0.21,-4.25,2.07,-0.01,0.03,-0.0
0.21,-4.23,2.13,-0.01,0.03,-0.0
0.21,-4.25,2.07,-0.01,0.03,-0.0
0.19,-4.19,2.09,-0.01,0.03,-0.0
0.17,-4.25,2.07,-0.01,0.03,-0.0
0.19,-4.19,2.15,-0.01,0.04,-0.01
0.19,-4.25,2.09,-0.0,0.04,-0.0
0.13,-4.18,2.11,-0.01,0.04,-0.01
0.19,-4.25,2.15,-0.01,0.04,-0.0
0.21,-4.25,2.09,-0.01,0.04,-0.01
0.17,-4.23,2.18,-0.01,0.04,-0.0
0.15,-4.18,2.24,-0.0,0.04,-0.0
0.25,-4.27,2.13,-0.0,0.04,-0.0
0.19,-4.21,2.15,0.0,0.04,-0.0
0.19,-4.19,2.16,0.0,0.04,-0.0
0.21,-4.21,2.13,-0.0,0.04,-0.0
0.21,-4.18,2.15,-0.0,0.04,-0.0
0.21,-4.19,2.13,-0.0,0.04,-0.01
0.11,-4.16,2.11,-0.0,0.04,-0.0
0.11,-4.19,2.15,-0.0,0.04,-0.01
0.21,-4.21,2.18,-0.0,0.03,-0.0
0.11,-4.19,2.18,-0.01,0.03,-0.01
0.19,-4.21,2.16,-0.01,0.03,-0.01
0.21,-4.18,2.2,-0.01,0.03,-0.01
0.17,-4.21,2.2,-0.01,0.03,-0.01
0.25,-4.23,2.13,-0.01,0.04,-0.01
0.17,-3.89,2.24,-0.01,0.04,-0.0
0.17,-4.23,2.39,-0.01,0.04,-0.01
0.08,-4.02,2.26,-0.01,0.04,-0.0
0.11,-4.29,2.13,-0.0,0.04,-0.0
0.21,-4.23,2.09,-0.0,0.04,-0.0
0.29,-4.39,2.09,-0.0,0.04,-0.0
0.17,-4.18,2.2,-0.0,0.04,-0.0
0.15,-4.21,2.22,-0.01,0.04,-0.0
0.38,-4.0,2.28,-0.01,0.04,-0.0
0.23,-4.25,2.34,-0.01,0.04,-0.0
0.23,-3.98,2.26,-0.01,0.04,-0.0
0.23,-4.23,2.24,-0.01,0.04,-0.0
0.06,-4.16,2.39,-0.01,0.04,-0.0
0.25,-4.16,2.03,-0.01,0.04,-0.0
0.13,-4.02,2.28,-0.01,0.03,-0.0
0.17,-4.31,2.13,-0.01,0.03,-0.0
0.21,-4.08,2.16,-0.01,0.03,-0.0
0.13,-4.14,2.39,-0.01,0.03,-0.0
0.34,-4.18,2.22,-0.01,0.03,-0.0
0.23,-4.19,2.15,-0.01,0.03,-0.01
0.17,-4.12,2.16,-0.01,0.03,-0.0
0.17,-4.14,2.2,-0.01,0.03,-0.01
0.23,-4.19,2.22,-0.01,0.03,-0.0
0.34,-4.1,2.22,-0.01,0.04,-0.0
0.25,-4.21,2.15,-0.01,0.03,-0.0
0.17,-4.16,2.13,-0.01,0.03,-0.0
0.21,-4.18,2.18,-0.01,0.04,-0.0
0.15,-4.16,2.07,-0.01,0.04,-0.01
0.15,-4.16,2.22,-0.01,0.04,-0.01
0.17,-4.19,2.16,-0.01,0.04,-0.01
0.15,-4.21,2.13,-0.02,0.04,-0.01
0.11,-4.21,2.16,-0.02,0.04,-0.01
0.15,-4.19,2.15,-0.02,0.04,-0.01
0.13,-4.18,2.03,-0.02,0.04,-0.01
0.13,-4.19,2.18,-0.02,0.04,-0.0
0.11,-4.27,2.16,-0.02,0.03,-0.01
0.17,-4.29,2.13,-0.02,0.03,-0.0
0.19,-4.21,2.15,-0.01,0.03,-0.0
0.17,-4.18,2.11,-0.01,0.03,-0.0
0.13,-4.25,2.15,-0.01,0.03,-0.0
0.19,-4.16,2.18,-0.01,0.04,0.0
0.21,-4.18,2.13,-0.01,0.03,-0.0
0.23,-4.19,2.16,-0.01,0.03,0.0
0.19,-4.12,2.09,-0.01,0.03,0.0
0.21,-4.14,2.09,-0.01,0.03,0.0
0.21,-4.16,2.07,-0.01,0.03,0.0
0.29,-4.25,2.15,-0.01,0.04,0.0
0.19,-4.18,2.05,-0.01,0.04,0.0
0.21,-4.19,2.09,-0.01,0.04,0.0
0.23,-4.18,2.15,-0.01,0.04,-0.0
0.27,-4.21,2.11,-0.01,0.04,0.0
0.17,-4.19,2.15,-0.02,0.04,-0.0
0.21,-4.21,2.18,-0.02,0.04,-0.0
0.21,-4.21,2.16,-0.02,0.04,-0.0
0.15,-4.21,2.2,-0.02,0.04,-0.0
0.19,-4.25,2.15,-0.01,0.04,-0.0
0.23,-4.23,2.18,-0.01,0.04,-0.0
0.15,-4.25,2.2,-0.01,0.04,-0.0
0.15,-4.27,2.11,-0.01,0.04,-0.0
0.17,-4.25,2.15,-0.01,0.04,-0.0
0.19,-4.27,2.15,-0.01,0.04,0.0
0.19,-4.19,2.11,-0.01,0.04,-0.0
0.17,-4.19,2.15,-0.0,0.04,0.0
0.19,-4.18,2.09,-0.0,0.04,0.0
0.17,-4.19,2.13,-0.0,0.04,0.0
0.17,-4.12,2.09,-0.0,0.04,0.0
0.19,-4.14,2.15,-0.01,0.04,0.0
0.15,-4.18,2.18,-0.01,0.04,0.0
0.11,-4.16,2.15,-0.01,0.04,0.0
0.13,-4.19,2.22,-0.01,0.04,0.0
0.19,-4.19,2.22,-0.01,0.04,0.0
0.19,-4.25,2.09,-0.01,0.04,0.0
0.21,-4.23,2.22,-0.0,0.04,0.0
0.13,-4.25,2.18,-0.0,0.04,0.0
0.21,-4.19,2.13,0.0,0.04,-0.0
0.13,-4.16,2.15,0.0,0.04,-0.0
0.21,-4.19,2.16,0.0,0.04,0.0
0.17,-4.14,2.18,0.0,0.04,0.0
0.15,-4.23,2.16,-0.0,0.04,0.0
0.17,-4.16,2.2,-0.01,0.04,0.0
0.23,-4.18,2.2,-0.01,0.04,0.0
0.17,-4.14,2.15,-0.01,0.04,0.0
0.23,-4.19,2.13,-0.01,0.04,0.0
0.19,-4.23,2.11,-0.01,0.04,0.0
0.15,-4.14,2.05,-0.01,0.04,0.0
0.17,-4.21,2.09,-0.01,0.04,0.0
0.15,-4.21,2.13,-0.01,0.04,0.0
0.1,-4.16,2.18,-0.01,0.04,0.0
0.13,-4.19,2.09,-0.01,0.04,0.0
0.17,-4.14,2.13,-0.01,0.04,0.0
0.23,-4.21,2.26,-0.01,0.04,0.01
0.27,-4.16,2.24,-0.01,0.04,0.01
0.21,-4.18,2.16,-0.01,0.04,0.01
0.19,-4.16,2.15,-0.01,0.04,0.0
0.21,-4.18,2.16,-0.01,0.04,0.0
0.19,-4.18,2.24,-0.01,0.04,0.0
0.15,-4.16,2.13,-0.01,0.04,0.0
0.21,-4.16,2.15,-0.01,0.04,0.0
0.15,-4.23,2.05,-0.01,0.04,0.0
0.11,-4.21,2.09,-0.01,0.04,0.0
0.13,-4.19,2.11,-0.01,0.04,0.0
0.17,-4.25,2.18,-0.01,0.04,0.0
0.08,-4.19,2.18,-0.01,0.04,0.0
0.11,-4.23,2.15,-0.01,0.03,0.0
0.1,-4.23,2.07,-0.01,0.03,0.0
0.1,-4.21,2.15,-0.02,0.03,0.0
0.1,-4.23,2.15,-0.01,0.03,0.0
0.1,-4.23,2.18,-0.01,0.03,0.0
0.1,-4.19,2.18,-0.01,0.03,0.0
0.1,-4.23,2.05,-0.01,0.03,0.0
0.08,-4.19,2.13,-0.01,0.03,0.01
0.11,-4.27,2.03,-0.01,0.03,0.0
0.11,-4.18,2.09,-0.01,0.03,0.01
0.1,-4.21,2.15,-0.01,0.03,0.01
0.1,-4.14,2.15,-0.01,0.03,0.01
0.1,-4.21,2.05,-0.01,0.03,0.01
0.15,-4.21,2.18,-0.01,0.03,0.01
0.15,-4.18,2.13,-0.01,0.03,0.0
0.13,-4.18,2.07,-0.01,0.03,0.0
0.15,-4.19,2.13,-0.01,0.03,0.0
0.11,-4.21,2.18,-0.01,0.03,0.0
0.15,-4.19,2.13,-0.01,0.03,0.0
0.11,-4.16,2.03,-0.0,0.03,0.01
0.13,-4.21,2.11,-0.01,0.03,0.01
0.15,-4.19,2.13,-0.01,0.03,0.01
0.15,-4.18,2.15,-0.01,0.03,0.0
0.25,-4.21,2.13,-0.01,0.03,0.0
0.15,-4.23,2.18,-0.01,0.03,0.0
0.13,-4.16,2.18,-0.01,0.03,0.0
0.19,-4.21,2.18,-0.01,0.03,0.0
0.17,-4.21,2.13,-0.01,0.03,0.0
0.19,-4.19,2.11,-0.01,0.03,0.0
0.23,-4.18,2.13,-0.01,0.03,0.01
0.25,-4.16,2.11,-0.01,0.03,0.01
0.23,-4.12,2.15,-0.01,0.03,0.01
0.23,-4.18,2.11,-0.01,0.03,0.01
0.29,-4.19,2.13,-0.02,0.04,0.01
0.27,-4.16,2.07,-0.02,0.04,0.01
0.27,-4.18,2.09,-0.02,0.04,0.01
0.25,-4.18,2.16,-0.02,0.04,0.01
0.23,-4.19,2.2,-0.02,0.04,0.01
0.27,-4.19,2.18,-0.02,0.04,0.01
0.23,-4.19,2.18,-0.02,0.04,0.01
0.17,-4.18,2.15,-0.02,0.04,0.01
0.21,-4.25,2.18,-0.02,0.03,0.01
0.19,-4.21,2.16,-0.02,0.03,0.01
0.21,-4.19,2.16,-0.02,0.03,0.01
0.19,-4.23,2.16,-0.02,0.03,0.01
0.1,-4.23,2.2,-0.02,0.03,0.01
0.13,-4.25,2.24,-0.02,0.03,0.01
0.08,-4.23,2.22,-0.01,0.03,0.01
0.08,-4.21,2.18,-0.01,0.03,0.01
0.11,-4.21,2.18,-0.01,0.03,0.01
0.1,-4.21,2.13,-0.01,0.03,0.01
0.1,-4.19,2.15,-0.01,0.03,0.01
0.04,-4.23,2.09,-0.01,0.03,0.01
0.08,-4.21,2.11,-0.01,0.03,0.01
0.1,-4.21,2.13,-0.01,0.03,0.01
0.08,-4.19,2.13,-0.01,0.03,0.01
0.06,-4.23,2.13,-0.01,0.03,0.01
0.06,-4.18,2.18,-0.01,0.03,0.01
0.06,-4.27,2.11,-0.0,0.02,0.01
0.06,-4.21,2.13,-0.0,0.03,0.01
0.04,-4.16,2.13,-0.0,0.03,0.01
0.04,-4.23,2.15,-0.0,0.03,0.01
0.08,-4.16,2.15,-0.0,0.03,0.01
0.1,-4.23,2.18,-0.0,0.03,0.01
0.02,-4.16,2.15,-0.01,0.03,0.01
0.0,-4.19,2.16,-0.01,0.03,0.01
0.1,-4.21,2.13,-0.01,0.03,0.0
0.06,-4.25,2.16,-0.0,0.03,0.0
0.06,-4.21,2.16,-0.0,0.03,0.0
0.06,-4.25,2.13,-0.0,0.03,0.0
0.04,-4.21,2.11,-0.0,0.03,0.0
0.06,-4.19,2.16,-0.0,0.03,0.0
0.11,-4.23,2.11,-0.0,0.03,0.0
0.15,-4.21,2.09,-0.01,0.03,0.0
0.06,-4.19,2.05,-0.01,0.03,0.0
0.11,-4.18,2.07,-0.01,0.03,0.0
0.17,-4.21,2.07,-0.01,0.03,-0.0
0.08,-4.16,2.11,-0.01,0.03,0.0
0.11,-4.19,2.09,-0.01,0.03,-0.0
0.15,-4.23,2.11,-0.01,0.03,-0.0
0.17,-4.21,2.13,-0.01,0.03,-0.0
0.13,-4.25,2.11,-0.01,0.04,-0.0
0.19,-4.19,2.15,-0.0,0.04,-0.0
0.11,-4.23,2.13,-0.0,0.04,-0.0
0.19,-4.25,2.16,-0.0,0.04,-0.0
0.19,-4.23,2.11,-0.01,0.04,-0.0
0.17,-4.19,2.13,-0.01,0.04,-0.0
0.11,-4.23,2.13,-0.01,0.04,-0.0
0.17,-4.23,2.16,-0.01,0.04,-0.0
0.13,-4.16,2.13,-0.01,0.04,-0.0
0.11,-4.19,2.16,-0.01,0.04,-0.0
0.13,-4.19,2.2,-0.01,0.03,-0.0
0.13,-4.19,2.16,-0.01,0.03,-0.0
0.11,-4.19,2.11,-0.01,0.03,-0.0
0.1,-4.16,2.13,-0.01,0.03,-0.0
0.17,-4.21,2.16,-0.01,0.03,0.0
0.13,-4.19,2.16,-0.01,0.03,0.0
0.15,-4.23,2.15,-0.01,0.03,0.0
0.13,-4.18,2.18,-0.01,0.03,0.0
0.21,-4.29,2.16,-0.01,0.03,0.0
0.17,-4.23,2.11,-0.01,0.03,0.0
0.13,-4.27,2.18,-0.01,0.03,0.0
0.17,-4.21,2.15,-0.01,0.03,0.0
0.17,-4.23,2.18,-0.01,0.03,0.0
0.15,-4.21,2.18,-0.01,0.03,0.0
0.11,-4.21,2.11,-0.0,0.03,0.0
0.17,-4.18,2.13,-0.0,0.03,-0.0
0.1,-4.16,2.16,-0.01,0.03,-0.0
0.13,-4.23,2.16,-0.01,0.03,-0.0
0.04,-4.18,2.15,-0.01,0.03,-0.0
0.17,-4.23,2.09,-0.02,0.03,-0.0
0.13,-4.21,2.11,-0.02,0.03,0.0
0.11,-4.18,2.13,-0.02,0.04,0.0
0.1,-4.21,2.13,-0.02,0.04,0.0
0.17,-4.29,2.18,-0.01,0.04,0.0
0.13,-4.25,2.13,-0.01,0.03,0.0
0.11,-4.25,2.15,-0.01,0.04,0.0
0.13,-4.21,2.16,-0.01,0.04,0.0
0.15,-4.23,2.05,-0.01,0.03,0.0
0.21,-4.23,2.15,-0.01,0.03,0.0
0.21,-4.23,2.07,-0.01,0.03,0.0
0.13,-4.18,2.11,-0.01,0.04,0.0
0.15,-4.21,2.07,-0.01,0.04,0.0
0.13,-4.25,2.13,-0.01,0.04,0.0
0.15,-4.23,2.15,-0.01,0.04,0.0
0.15,-4.23,2.13,-0.01,0.04,0.0
0.15,-4.19,2.16,-0.01,0.04,0.0
0.1,-4.23,2.09,-0.01,0.04,0.01
0.1,-4.18,2.09,-0.01,0.03,0.01
0.17,-4.29,2.18,-0.01,0.03,0.01
0.1,-4.19,2.13,-0.01,0.03,0.01
0.06,-4.21,2.13,-0.01,0.03,0.01
0.1,-4.18,2.13,-0.01,0.03,0.01
0.11,-4.14,2.22,-0.01,0.03,0.01
0.13,-4.18,2.11,-0.01,0.03,0.01
0.13,-4.21,2.18,-0.0,0.03,0.01
0.08,-4.19,2.16,-0.0,0.03,0.01
0.13,-4.19,2.11,-0.0,0.04,0.01
0.1,-4.12,2.15,-0.0,0.04,0.01
0.13,-4.21,2.09,-0.01,0.03,0.01
0.1,-4.21,2.15,-0.01,0.03,0.01
0.08,-4.19,2.03,-0.01,0.03,0.01
0.06,-4.19,2.13,-0.01,0.03,0.01
0.17,-4.21,2.16,-0.01,0.03,0.01
0.1,-4.19,2.15,-0.01,0.03,0.01
0.11,-4.23,2.07,-0.01,0.03,0.01
0.13,-4.23,2.13,-0.01,0.03,0.01
0.13,-4.21,2.07,-0.01,0.03,0.01
0.06,-4.21,2.2,-0.01,0.03,0.01
0.15,-4.21,2.13,-0.01,0.03,0.01
0.13,-4.18,2.18,-0.01,0.03,0.01
0.21,-4.23,2.09,-0.01,0.03,0.01
0.19,-4.23,2.16,-0.01,0.04,0.01
0.13,-4.12,2.15,-0.01,0.04,0.01
0.21,-4.19,2.09,-0.01,0.05,0.01
0.19,-4.21,2.11,-0.01,0.05,0.02
0.19,-4.23,2.11,-0.01,0.05,0.02
0.15,-4.21,2.03,-0.01,0.05,0.02
0.15,-4.19,2.11,-0.01,0.04,0.02
0.21,-4.18,2.11,-0.01,0.04,0.01
0.11,-4.23,2.11,-0.01,0.04,0.01
0.15,-4.21,2.18,-0.01,0.04,0.01
0.17,-4.18,2.11,-0.01,0.04,0.01
0.13,-4.19,2.16,-0.01,0.04,0.01
0.11,-4.21,2.13,-0.01,0.04,0.01
0.06,-4.19,2.09,-0.02,0.04,0.01
0.08,-4.16,2.15,-0.02,0.04,0.01
0.02,-4.25,2.16,-0.02,0.04,0.01
0.0,-4.19,2.11,-0.02,0.04,0.01
0.04,-4.23,2.07,-0.02,0.04,0.01
-0.15,-4.37,1.63,-0.02,0.04,0.01
0.04,-4.25,2.09,-0.02,0.04,0.02
0.02,-4.21,2.13,-0.02,0.03,0.02
0.0,-4.27,2.15,-0.02,0.03,0.02
-0.04,-4.19,2.13,-0.02,0.03,0.02
0.04,-4.25,2.07,-0.02,0.02,0.02
0.02,-4.23,2.13,-0.02,0.02,0.02
0.06,-4.21,2.09,-0.02,0.02,0.02
0.02,-4.21,2.2,-0.02,0.02,0.02
0.06,-4.21,2.16,-0.02,0.02,0.02
0.06,-4.23,2.11,-0.02,0.03,0.02
0.1,-4.25,2.07,-0.02,0.03,0.02
0.08,-4.25,2.09,-0.02,0.03,0.02
0.08,-4.23,2.15,-0.02,0.03,0.02
0.06,-4.21,2.15,-0.01,0.03,0.02
0.1,-4.23,2.2,-0.01,0.03,0.02
0.06,-4.23,2.05,-0.01,0.03,0.02
0.06,-4.25,2.16,-0.01,0.03,0.02
0.1,-4.23,2.18,-0.01,0.03,0.02
0.06,-4.18,2.16,-0.01,0.03,0.02
0.08,-4.23,2.11,-0.01,0.03,0.02
0.04,-4.21,2.13,-0.02,0.02,0.02
0.08,-4.27,2.15,-0.02,0.02,0.02
-0.02,-4.12,2.16,-0.02,0.02,0.02
-0.02,-4.21,2.18,-0.02,0.02,0.02
0.08,-4.19,2.15,-0.02,0.02,0.03
-0.02,-4.23,2.18,-0.02,0.02,0.03
0.02,-4.23,2.13,-0.02,0.02,0.03
-0.08,-4.25,2.16,-0.02,0.02,0.03
-0.02,-4.21,2.09,-0.02,0.01,0.03
-0.02,-4.18,2.15,-0.02,0.01,0.03
-0.06,-4.25,2.03,-0.02,0.01,0.04
-0.04,-4.23,2.09,-0.02,0.01,0.04
-0.02,-4.25,2.07,-0.02,0.01,0.04
0.0,-4.27,2.13,-0.02,0.01,0.04
0.06,-4.25,2.05,-0.02,0.01,0.04
0.06,-4.18,2.11,-0.02,0.01,0.05
0.1,-4.21,2.09,-0.02,0.01,0.05
0.13,-4.16,2.07,-0.02,0.01,0.05
0.11,-4.19,1.99,-0.03,0.01,0.05
0.11,-4.14,2.03,-0.03,0.02,0.05
0.21,-4.18,2.03,-0.04,0.02,0.05
0.23,-4.18,2.13,-0.04,0.02,0.05
0.17,-4.18,2.11,-0.05,0.02,0.05
0.19,-4.23,2.03,-0.05,0.02,0.05
0.17,-4.27,2.03,-0.04,0.02,0.05
0.17,-4.29,2.11,-0.04,0.02,0.05
0.17,-4.25,2.11,-0.04,0.02,0.06
0.1,-4.27,2.05,-0.04,0.02,0.06
0.04,-4.27,2.11,-0.04,0.02,0.06
0.0,-4.29,2.13,-0.04,0.02,0.06
0.08,-4.29,2.07,-0.04,0.02,0.06
0.08,-4.31,2.16,-0.04,0.02,0.06
0.04,-4.27,2.03,-0.03,0.02,0.06
0.02,-4.31,2.03,-0.03,0.02,0.06
0.06,-4.29,2.07,-0.03,0.02,0.06
0.06,-4.33,1.99,-0.03,0.02,0.06
0.08,-4.29,2.01,-0.02,0.03,0.06
0.08,-4.29,1.93,-0.02,0.03,0.06
0.04,-4.25,2.07,-0.02,0.03,0.07
0.13,-4.25,2.07,-0.02,0.03,0.07
0.11,-4.27,2.03,-0.02,0.04,0.07
0.15,-4.23,1.97,-0.02,0.04,0.07
0.21,-4.25,2.05,-0.02,0.04,0.07
0.17,-4.27,1.99,-0.03,0.04,0.07
0.17,-4.21,2.05,-0.03,0.04,0.07
0.17,-4.25,2.05,-0.03,0.04,0.07
0.13,-4.27,2.09,-0.03,0.04,0.07
0.19,-4.31,2.03,-0.03,0.04,0.07
0.11,-4.27,2.01,-0.03,0.04,0.07
0.11,-4.25,2.03,-0.04,0.04,0.07
0.08,-4.33,2.03,-0.03,0.04,0.07
0.08,-4.31,1.99,-0.03,0.05,0.07
0.1,-4.31,1.99,-0.03,0.05,0.07
0.06,-4.33,2.13,-0.03,0.06,0.07
0.0,-4.25,2.15,-0.03,0.06,0.08
0.0,-4.31,2.15,-0.02,0.06,0.08
-0.04,-4.27,2.15,-0.02,0.06,0.08
-0.11,-4.23,2.03,-0.02,0.06,0.09
-0.15,-4.25,2.11,-0.02,0.06,0.09
-0.08,-4.33,2.07,-0.02,0.06,0.09
-0.15,-4.25,2.09,-0.02,0.06,0.1
-0.15,-4.29,2.03,-0.02,0.05,0.1
-0.21,-4.23,2.09,-0.01,0.05,0.1
-0.21,-4.23,2.09,-0.01,0.05,0.1
-0.23,-4.23,2.03,-0.01,0.05,0.1
-0.21,-4.25,2.03,-0.01,0.05,0.11
-0.23,-4.18,2.11,-0.02,0.05,0.11
-0.17,-4.23,1.97,-0.01,0.05,0.11
-0.17,-4.31,1.99,-0.02,0.05,0.11
-0.13,-4.29,2.05,-0.02,0.06,0.12
-0.1,-4.23,2.01,-0.02,0.06,0.12
-0.13,-4.23,2.03,-0.01,0.07,0.12
-0.1,-4.27,2.09,-0.01,0.07,0.12
-0.1,-4.31,2.05,-0.01,0.07,0.12
-0.06,-4.27,2.05,-0.01,0.08,0.13
-0.08,-4.27,2.09,-0.02,0.08,0.13
-0.06,-4.27,2.09,-0.02,0.08,0.13
-0.04,-4.31,2.11,-0.02,0.08,0.13
-0.02,-4.29,2.03,-0.02,0.09,0.13
-0.1,-4.27,2.07,-0.03,0.09,0.13
0.04,-4.27,2.01,-0.03,0.09,0.13
0.0,-4.23,1.97,-0.03,0.09,0.13
0.0,-4.29,2.01,-0.04,0.09,0.13
-0.11,-4.27,1.97,-0.04,0.09,0.14
-0.17,-4.23,1.9,-0.04,0.09,0.14
-0.21,-4.19,2.03,-0.04,0.09,0.14
-0.21,-4.19,2.05,-0.05,0.09,0.14
-0.21,-4.19,2.01,-0.04,0.08,0.15
-0.23,-4.23,2.09,-0.04,0.08,0.15
-0.25,-4.29,2.07,-0.04,0.09,0.15
-0.29,-4.21,2.03,-0.04,0.09,0.15
-0.23,-4.25,2.05,-0.04,0.09,0.16
-0.31,-4.21,2.01,-0.04,0.1,0.16
-0.33,-4.21,2.05,-0.03,0.1,0.16
-0.31,-4.23,1.95,-0.03,0.1,0.16
-0.33,-4.21,2.01,-0.03,0.1,0.16
-0.38,-4.16,2.03,-0.03,0.1,0.16
-0.42,-4.19,2.05,-0.04,0.1,0.17
-0.4,-4.14,2.05,-0.04,0.1,0.17
-0.44,-4.1,2.03,-0.05,0.1,0.17
-0.4,-4.16,2.03,-0.06,0.1,0.17
-0.4,-4.16,2.05,-0.07,0.1,0.18
-0.44,-4.16,2.01,-0.09,0.1,0.18
-0.38,-4.29,1.99,-0.1,0.09,0.18
-0.33,-4.25,1.97,-0.11,0.09,0.19
-0.31,-4.27,1.95,-0.11,0.09,0.19
-0.38,-4.27,1.88,-0.12,0.09,0.19
-0.36,-4.27,1.93,-0.12,0.09,0.19
-0.33,-4.23,1.86,-0.12,0.09,0.19
-0.29,-4.27,1.86,-0.12,0.09,0.19
-0.23,-4.25,1.92,-0.13,0.1,0.19
-0.23,-4.21,1.97,-0.13,0.1,0.19
-0.21,-4.23,1.92,-0.14,0.11,0.19
-0.21,-4.25,1.86,-0.15,0.12,0.19
-0.23,-4.29,1.76,-0.16,0.12,0.18
-0.25,-4.35,1.78,-0.17,0.12,0.18
-0.36,-4.41,1.74,-0.17,0.12,0.17
-0.36,-4.42,1.7,-0.17,0.12,0.17
-0.48,-4.42,1.74,-0.17,0.12,0.17
-0.56,-4.44,1.72,-0.16,0.12,0.17
-0.57,-4.44,1.86,-0.15,0.13,0.17
-0.61,-4.35,1.8,-0.13,0.13,0.17
-0.69,-4.31,1.86,-0.12,0.14,0.17
-0.73,-4.37,1.82,-0.11,0.14,0.17
-0.71,-4.33,1.9,-0.1,0.14,0.17
-0.69,-4.35,1.82,-0.1,0.15,0.17
-0.79,-4.39,1.86,-0.1,0.15,0.17
-0.82,-4.39,1.7,-0.1,0.15,0.18
-0.88,-4.37,1.78,-0.1,0.15,0.18
-0.84,-4.35,1.8,-0.1,0.15,0.18
-0.82,-4.29,1.8,-0.1,0.15,0.18
-0.82,-4.44,1.74,-0.09,0.14,0.18
-0.8,-4.39,1.74,-0.09,0.14,0.18
-0.79,-4.31,1.72,-0.08,0.14,0.19
-0.8,-4.37,1.76,-0.08,0.14,0.19
-0.8,-4.35,1.76,-0.08,0.13,0.19
-0.8,-4.37,1.72,-0.07,0.13,0.19
-0.8,-4.37,1.72,-0.07,0.13,0.19
-0.82,-4.41,1.65,-0.06,0.13,0.19
-0.82,-4.44,1.74,-0.06,0.13,0.19
-0.82,-4.35,1.84,-0.05,0.14,0.19
-0.79,-4.39,1.76,-0.05,0.14,0.19
-0.82,-4.31,1.78,-0.04,0.14,0.18
-0.84,-4.35,1.78,-0.04,0.14,0.18
-0.75,-4.41,1.7,-0.04,0.14,0.18
-0.84,-4.41,1.7,-0.03,0.15,0.18
-0.84,-4.35,1.67,-0.03,0.16,0.18
-0.94,-4.37,1.69,-0.03,0.16,0.18
-1.05,-4.33,1.82,-0.03,0.15,0.18
-0.96,-4.33,1.69,-0.03,0.15,0.19
-0.96,-4.29,1.61,-0.03,0.14,0.19
-1.0,-4.29,1.63,-0.04,0.14,0.19
-1.11,-4.23,1.72,-0.04,0.14,0.19
-1.05,-4.27,1.61,-0.04,0.14,0.19
-1.11,-4.23,1.67,-0.05,0.14,0.19
-1.13,-4.29,1.69,-0.05,0.14,0.2
-1.17,-4.33,1.63,-0.06,0.14,0.19
-1.21,-4.37,1.69,-0.06,0.15,0.2
-1.23,-4.37,1.72,-0.06,0.15,0.19
-1.21,-4.41,1.72,-0.05,0.15,0.19
-1.23,-4.42,1.74,-0.05,0.15,0.19
-1.28,-4.37,1.86,-0.04,0.14,0.19
-1.3,-4.33,1.76,-0.04,0.14,0.19
-1.23,-4.31,1.76,-0.03,0.13,0.2
-1.28,-4.35,1.69,-0.03,0.13,0.2
-1.3,-4.29,1.78,-0.03,0.12,0.2
-1.24,-4.27,1.65,-0.03,0.12,0.2
-1.32,-4.21,1.65,-0.03,0.11,0.2
-1.34,-4.12,1.61,-0.04,0.11,0.2
-1.38,-4.14,1.63,-0.04,0.11,0.2
-1.44,-4.16,1.59,-0.04,0.1,0.21
-1.4,-4.1,1.67,-0.04,0.1,0.21
-1.44,-4.19,1.63,-0.05,0.1,0.21
-1.44,-4.14,1.59,-0.05,0.1,0.21
-1.46,-4.18,1.65,-0.05,0.1,0.21
-1.42,-4.19,1.59,-0.06,0.11,0.21
-1.44,-4.23,1.63,-0.05,0.11,0.21
-1.47,-4.33,1.61,-0.05,0.11,0.21
-1.53,-4.35,1.63,-0.04,0.1,0.21
-1.53,-4.37,1.69,-0.03,0.1,0.21
-1.59,-4.31,1.61,-0.03,0.09,0.21
-1.57,-4.31,1.69,-0.02,0.09,0.21
-1.55,-4.25,1.65,-0.01,0.09,0.21
-1.63,-4.19,1.72,-0.01,0.08,0.21
-1.55,-4.21,1.69,-0.01,0.08,0.21
-1.55,-4.21,1.59,-0.01,0.08,0.22
-1.55,-4.21,1.72,-0.02,0.07,0.21
-1.53,-4.16,1.61,-0.02,0.07,0.21
-1.47,-4.23,1.61,-0.02,0.06,0.21
-1.51,-4.16,1.63,-0.02,0.06,0.21
-1.47,-4.19,1.61,-0.02,0.06,0.21
-1.47,-4.18,1.61,-0.02,0.05,0.22
-1.53,-4.21,1.61,-0.02,0.05,0.22
-1.49,-4.19,1.63,-0.02,0.05,0.22
-1.51,-4.21,1.67,-0.01,0.05,0.22
-1.65,-4.21,1.61,-0.01,0.05,0.22
-1.59,-4.25,1.57,-0.01,0.06,0.22
-1.61,-4.25,1.63,-0.01,0.06,0.23
-1.57,-4.23,1.65,-0.01,0.06,0.22
-1.53,-4.25,1.63,-0.02,0.07,0.22
-1.67,-4.25,1.61,-0.02,0.07,0.22
-1.61,-4.29,1.59,-0.02,0.08,0.23
-1.59,-4.19,1.57,-0.01,0.08,0.23
-1.61,-4.23,1.59,-0.01,0.08,0.23
-1.57,-4.25,1.59,-0.01,0.08,0.24
-1.61,-4.27,1.53,-0.01,0.08,0.24
-1.61,-4.21,1.49,-0.01,0.08,0.24
-1.59,-4.23,1.55,-0.01,0.08,0.24
-1.67,-4.19,1.53,-0.01,0.08,0.24
-1.59,-4.19,1.49,-0.01,0.08,0.24
-1.63,-4.12,1.44,-0.01,0.09,0.24
-1.7,-4.21,1.44,-0.01,0.09,0.24
-1.72,-4.18,1.42,-0.01,0.09,0.24
-1.74,-4.1,1.47,-0.01,0.09,0.24
-1.76,-4.12,1.59,-0.01,0.09,0.24
-1.78,-4.1,1.63,-0.01,0.09,0.24
-1.86,-4.18,1.55,-0.01,0.09,0.24
-1.9,-4.12,1.53,-0.0,0.09,0.24
-1.9,-4.14,1.53,0.0,0.09,0.24
-1.86,-4.19,1.53,0.0,0.09,0.24
-1.86,-4.21,1.63,0.01,0.09,0.24
-1.88,-4.21,1.61,0.01,0.09,0.24
-1.88,-4.27,1.63,0.01,0.09,0.24
-1.88,-4.18,1.57,0.01,0.09,0.24
-1.8,-4.23,1.65,0.01,0.08,0.24
-1.86,-4.21,1.61,0.02,0.08,0.25
-1.82,-4.1,1.53,0.02,0.08,0.25
-1.8,-4.12,1.59,0.02,0.07,0.25
-1.8,-4.08,1.57,0.02,0.07,0.25
-1.8,-4.02,1.57,0.03,0.07,0.25
-1.82,-4.1,1.59,0.02,0.07,0.25
-1.82,-3.96,1.57,0.02,0.07,0.25
-1.9,-4.02,1.57,0.02,0.06,0.24
-1.82,-4.06,1.55,0.01,0.07,0.25
-1.92,-4.08,1.65,0.01,0.07,0.24
-1.93,-4.02,1.63,0.02,0.07,0.25
-1.9,-4.04,1.55,0.02,0.07,0.25
-1.95,-3.96,1.61,0.02,0.07,0.25
-1.97,-3.95,1.59,0.03,0.07,0.25
-2.07,-3.95,1.59,0.03,0.07,0.25
-2.11,-3.95,1.53,0.03,0.07,0.25
-2.13,-3.98,1.51,0.03,0.07,0.25
-2.09,-3.95,1.53,0.03,0.07,0.25
-2.16,-3.95,1.69,0.02,0.07,0.25
-2.18,-3.96,1.44,0.02,0.07,0.25
-2.18,-3.93,1.57,0.01,0.07,0.26
-2.16,-3.96,1.55,0.0,0.07,0.26
-2.24,-3.98,1.59,-0.0,0.07,0.26
-2.28,-4.02,1.57,-0.0,0.07,0.27
-2.28,-4.04,1.55,0.0,0.07,0.27
-2.24,-4.1,1.59,0.0,0.07,0.28
-2.3,-4.06,1.53,0.01,0.07,0.28
-2.26,-3.96,1.65,0.02,0.06,0.28
-2.26,-3.98,1.53,0.02,0.06,0.28
-2.26,-3.85,1.4,0.03,0.05,0.28
-2.3,-3.83,1.4,0.03,0.05,0.28
-2.34,-3.79,1.38,0.03,0.05,0.28
-2.3,-3.77,1.42,0.02,0.06,0.28
-2.32,-3.77,1.4,0.01,0.06,0.29
-2.43,-3.75,1.53,0.01,0.07,0.29
-2.39,-3.81,1.47,0.01,0.07,0.29
-2.41,-3.81,1.49,0.01,0.07,0.29
-2.47,-3.83,1.53,0.02,0.06,0.29
-2.49,-3.83,1.53,0.02,0.06,0.29
-2.51,-3.85,1.51,0.02,0.06,0.29
-2.51,-3.81,1.46,0.03,0.06,0.29
-2.57,-3.77,1.55,0.03,0.06,0.29
-2.59,-3.77,1.55,0.02,0.05,0.3
-2.57,-3.81,1.51,0.02,0.05,0.3
-2.57,-3.75,1.67,0.02,0.04,0.31
-2.59,-3.79,1.53,0.02,0.04,0.31
-2.57,-3.81,1.57,0.03,0.04,0.31
-2.64,-3.79,1.59,0.03,0.04,0.31
-2.51,-3.77,1.42,0.03,0.04,0.31
-2.57,-3.73,1.49,0.03,0.04,0.31
-2.55,-3.75,1.47,0.02,0.05,0.32
-2.53,-3.77,1.47,0.02,0.05,0.32
-2.51,-3.77,1.57,0.02,0.05,0.32
-2.43,-3.83,1.53,0.02,0.04,0.31
-2.43,-3.79,1.49,0.02,0.04,0.32
-2.55,-3.77,1.47,0.03,0.03,0.32
-2.49,-3.75,1.51,0.03,0.02,0.32
-2.55,-3.73,1.46,0.03,0.01,0.32
-2.55,-3.62,1.51,0.03,0.02,0.32
-2.66,-3.62,1.47,0.02,0.02,0.32
-2.68,-3.64,1.44,0.02,0.03,0.32
-2.76,-3.66,1.51,0.02,0.03,0.31
-2.76,-3.68,1.51,0.03,0.03,0.31
-2.76,-3.62,1.44,0.03,0.03,0.31
-2.7,-3.56,1.57,0.03,0.03,0.31
-2.72,-3.54,1.53,0.03,0.03,0.3
-2.8,-3.51,1.53,0.03,0.03,0.3
-2.78,-3.47,1.53,0.02,0.04,0.3
-2.87,-3.39,1.61,0.02,0.04,0.31
-2.93,-3.45,1.63,0.01,0.03,0.31
-3.05,-3.39,1.46,0.01,0.03,0.31
-3.1,-3.31,1.47,0.01,0.03,0.31
-3.06,-3.37,1.49,0.01,0.02,0.32
-3.08,-3.41,1.44,0.0,0.02,0.32
-3.2,-3.39,1.49,-0.0,0.02,0.32
-3.12,-3.49,1.51,-0.01,0.02,0.33
-3.14,-3.52,1.49,-0.01,0.01,0.34
-3.12,-3.56,1.46,-0.01,0.01,0.34
-3.14,-3.54,1.47,-0.0,0.01,0.35
-3.05,-3.51,1.47,0.0,0.0,0.35
-3.01,-3.56,1.47,0.0,0.0,0.36
-2.91,-3.56,1.51,0.0,-0.0,0.36
-3.01,-3.52,1.51,0.01,-0.01,0.36
-3.01,-3.47,1.53,0.01,-0.01,0.36
-2.97,-3.43,1.47,0.02,-0.0,0.36
-2.95,-3.41,1.47,0.03,0.0,0.36
-2.99,-3.39,1.53,0.04,0.0,0.36
-2.99,-3.37,1.55,0.04,0.0,0.36
-3.06,-3.31,1.51,0.05,0.0,0.36
-3.12,-3.26,1.51,0.06,-0.0,0.36
-3.2,-3.26,1.46,0.06,-0.0,0.36
-3.2,-3.16,1.53,0.06,-0.0,0.36
-3.22,-3.29,1.57,0.06,0.0,0.36
-3.29,-3.24,1.51,0.05,0.0,0.36
-3.26,-3.28,1.63,0.05,-0.0,0.36
-3.24,-3.29,1.57,0.05,-0.0,0.37
-3.26,-3.24,1.61,0.05,-0.01,0.37
-3.35,-3.18,1.55,0.05,-0.01,0.37
-3.37,-3.16,1.69,0.05,-0.02,0.38
-3.35,-3.1,1.65,0.05,-0.02,0.39
-3.22,-3.1,1.61,0.04,-0.02,0.4
-3.24,-3.08,1.61,0.04,-0.02,0.4
-3.28,-3.03,1.65,0.04,-0.02,0.4
-3.22,-2.95,1.7,0.04,-0.02,0.4
-3.14,-2.93,1.76,0.03,-0.02,0.41
-3.06,-2.93,1.78,0.03,-0.02,0.41
-2.95,-2.97,1.67,0.02,-0.02,0.41
-3.06,-2.93,1.74,0.01,-0.01,0.4
-3.05,-2.89,1.8,-0.01,-0.01,0.4
-3.06,-2.87,1.82,-0.02,-0.01,0.4
-3.01,-2.87,1.8,-0.03,-0.01,0.4
-3.05,-2.85,1.74,-0.03,-0.0,0.4
-3.08,-2.91,1.74,-0.04,0.0,0.4
-2.89,-3.28,1.8,-0.04,0.01,0.4
-3.18,-2.95,1.65,-0.05,0.01,0.4
-3.2,-2.95,1.67,-0.05,0.01,0.39
-3.18,-2.91,1.72,-0.05,0.01,0.39
-3.2,-2.93,1.69,-0.05,0.02,0.39
-3.35,-2.83,1.74,-0.05,0.04,0.38
-3.39,-2.87,1.69,-0.04,0.04,0.39
-3.43,-2.93,1.65,-0.04,0.04,0.39
-3.43,-2.89,1.63,-0.04,0.04,0.39
-3.41,-2.93,1.7,-0.03,0.04,0.39
-3.29,-2.99,1.63,-0.04,0.04,0.4
-3.26,-2.99,1.76,-0.04,0.04,0.4
-3.1,-2.97,1.65,-0.03,0.05,0.4
-3.08,-3.01,1.72,-0.03,0.05,0.39
-3.06,-2.99,1.61,-0.02,0.07,0.38
-3.06,-3.05,1.55,-0.02,0.09,0.38
-3.14,-3.14,1.59,-0.01,0.1,0.37
-3.1,-3.1,1.67,-0.01,0.11,0.36
-3.16,-3.01,1.67,0.0,0.13,0.35
-3.18,-2.99,1.72,0.01,0.14,0.35
-3.26,-2.89,1.72,0.03,0.14,0.35
-3.29,-2.93,1.57,0.05,0.14,0.35
-3.39,-2.74,1.51,0.06,0.14,0.34
-3.41,-2.72,1.53,0.06,0.15,0.34
-3.43,-2.78,1.44,0.05,0.15,0.33
-3.47,-2.72,1.44,0.05,0.16,0.32
-3.43,-2.83,1.47,0.04,0.17,0.31
-3.45,-2.85,1.44,0.03,0.18,0.3
-3.35,-2.83,1.49,0.03,0.18,0.29
-3.31,-2.78,1.59,0.03,0.19,0.28
-3.31,-2.8,1.57,0.04,0.19,0.27
-3.35,-2.74,1.51,0.05,0.18,0.26
-3.43,-2.72,1.46,0.06,0.17,0.26
-3.47,-2.68,1.49,0.08,0.17,0.25
-3.58,-2.68,1.47,0.09,0.17,0.25
-3.75,-2.62,1.44,0.1,0.17,0.24
-3.7,-2.57,1.49,0.11,0.17,0.24
-3.77,-2.51,1.46,0.11,0.17,0.24
-3.79,-2.45,1.36,0.11,0.17,0.24
-3.7,-2.32,1.3,0.11,0.17,0.24
-3.83,-2.28,1.36,0.1,0.17,0.23
-3.87,-2.32,1.38,0.09,0.17,0.23
-3.87,-2.34,1.49,0.09,0.17,0.23
-3.89,-2.26,1.49,0.09,0.17,0.22
-3.91,-2.22,1.34,0.09,0.16,0.22
-4.16,-2.26,1.4,0.09,0.16,0.22
-4.12,-2.24,1.4,0.09,0.15,0.23
-4.04,-2.2,1.38,0.09,0.13,0.24
-3.96,-2.05,1.38,0.09,0.12,0.24
-3.93,-1.99,1.28,0.1,0.12,0.25
-3.98,-2.01,1.34,0.09,0.12,0.24
-4.04,-1.97,1.28,0.09,0.12,0.24
-4.04,-2.03,1.36,0.09,0.12,0.24
-4.1,-1.99,1.28,0.09,0.12,0.24
-4.02,-1.97,1.32,0.1,0.11,0.23
-4.1,-1.93,1.4,0.1,0.11,0.23
-4.19,-1.8,1.47,0.11,0.11,0.23
-4.18,-1.74,1.44,0.11,0.11,0.23
-4.35,-1.7,1.53,0.1,0.12,0.23
-4.6,-1.72,1.36,0.1,0.11,0.22
-4.64,-1.7,1.4,0.1,0.1,0.22
-4.58,-1.59,1.34,0.1,0.1,0.22
-4.58,-1.49,1.42,0.09,0.1,0.22
-4.6,-1.53,1.44,0.08,0.1,0.22
-4.64,-1.51,1.44,0.08,0.1,0.22
-4.65,-1.61,1.42,0.08,0.1,0.22
-4.71,-1.59,1.4,0.08,0.09,0.22
-4.73,-1.47,1.38,0.09,0.08,0.23
-4.75,-1.4,1.38,0.09,0.08,0.23
-4.75,-1.4,1.47,0.09,0.09,0.24
-4.77,-1.3,1.59,0.09,0.09,0.25
-4.81,-1.32,1.55,0.08,0.09,0.26
-4.81,-1.3,1.44,0.07,0.09,0.27
-4.83,-1.3,1.47,0.07,0.08,0.27
-4.75,-1.34,1.44,0.06,0.08,0.28
-4.73,-1.34,1.49,0.06,0.07,0.29
-4.73,-1.38,1.49,0.06,0.07,0.3
-4.73,-1.36,1.55,0.06,0.07,0.31
-4.77,-1.28,1.53,0.07,0.07,0.32
-4.75,-1.23,1.69,0.07,0.07,0.32
-4.73,-1.21,1.59,0.08,0.06,0.33
-4.65,-1.09,1.51,0.09,0.05,0.33
-4.75,-1.03,1.55,0.1,0.05,0.33
-4.81,-0.98,1.55,0.1,0.04,0.33
-4.79,-1.0,1.51,0.1,0.03,0.32
-4.81,-1.03,1.49,0.09,0.02,0.32
-4.75,-1.09,1.53,0.08,0.02,0.31
-4.75,-1.11,1.61,0.08,0.01,0.32
-4.64,-1.17,1.53,0.08,0.01,0.31
-4.69,-1.15,1.65,0.08,0.01,0.31
-4.67,-1.11,1.61,0.08,0.01,0.31
-4.62,-1.03,1.63,0.09,0.0,0.31
-4.56,-1.02,1.7,0.09,-0.0,0.31
-4.54,-0.96,1.72,0.09,-0.01,0.31
-4.5,-0.9,1.7,0.09,-0.02,0.3
-4.5,-0.92,1.7,0.08,-0.03,0.3
-4.48,-0.98,1.72,0.08,-0.04,0.3
-4.5,-1.05,1.8,0.08,-0.04,0.29
-4.5,-1.05,1.67,0.08,-0.05,0.29
-4.54,-1.13,1.63,0.08,-0.06,0.29
-4.5,-1.24,1.55,0.09,-0.06,0.28
-4.42,-1.24,1.57,0.1,-0.06,0.29
-4.39,-1.15,1.72,0.1,-0.06,0.28
-4.29,-1.13,1.8,0.11,-0.05,0.28
-4.31,-0.94,1.78,0.11,-0.05,0.27
-4.37,-0.86,1.72,0.11,-0.05,0.26
-4.25,-0.88,1.72,0.09,-0.05,0.26
-4.23,-0.96,1.84,0.08,-0.05,0.25
-4.19,-1.07,1.8,0.07,-0.04,0.25
-4.18,-1.26,1.78,0.07,-0.05,0.24
-4.21,-1.32,1.7,0.08,-0.06,0.24
-4.23,-1.4,1.67,0.09,-0.06,0.24
-4.23,-1.36,1.69,0.11,-0.06,0.24
-4.23,-1.3,1.7,0.12,-0.06,0.24
-4.18,-1.23,1.93,0.13,-0.05,0.23
-4.1,-1.21,1.84,0.14,-0.04,0.23
-4.06,-1.19,1.82,0.14,-0.03,0.22
-4.08,-1.15,1.69,0.15,-0.02,0.22
-4.0,-1.21,1.65,0.15,-0.02,0.21
-4.04,-1.24,1.7,0.16,-0.02,0.21
-4.08,-1.24,1.69,0.16,-0.01,0.2
-4.16,-1.28,1.76,0.16,0.0,0.2
-4.12,-1.32,1.78,0.17,0.02,0.19
-4.18,-1.36,1.88,0.18,0.02,0.19
-4.18,-1.28,1.74,0.19,0.02,0.18
-4.08,-1.28,1.8,0.21,0.02,0.18
-4.08,-1.21,1.74,0.22,0.02,0.17
-4.06,-1.15,1.72,0.23,0.03,0.17
-4.12,-1.03,1.69,0.23,0.04,0.16
-4.18,-0.92,1.69,0.23,0.04,0.15
-4.27,-0.86,1.72,0.22,0.04,0.14
-4.33,-0.75,1.72,0.21,0.03,0.12
-4.39,-0.67,1.78,0.2,0.03,0.11
-4.44,-0.65,1.8,0.18,0.02,0.1
-4.46,-0.65,1.9,0.17,0.02,0.09
-4.44,-0.8,1.7,0.17,0.01,0.09
-4.41,-0.86,1.76,0.17,0.0,0.08
-4.35,-0.94,1.65,0.17,-0.0,0.08
-4.35,-0.94,1.84,0.17,-0.01,0.08
-4.27,-0.94,1.86,0.17,-0.01,0.08
-4.18,-1.0,1.92,0.18,-0.01,0.07
-4.18,-1.0,1.84,0.18,-0.01,0.07
-4.21,-0.94,1.84,0.19,-0.02,0.07
-4.23,-0.84,1.76,0.2,-0.03,0.07
-4.21,-0.79,1.72,0.21,-0.03,0.06
-4.29,-0.71,1.7,0.22,-0.04,0.07
-4.31,-0.61,1.78,0.23,-0.03,0.07
-4.29,-0.48,1.78,0.22,-0.03,0.07
-4.33,-0.4,1.84,0.21,-0.02,0.07
-4.35,-0.52,1.86,0.2,-0.02,0.07
-4.31,-0.48,1.9,0.18,-0.02,0.07
-4.27,-0.56,1.9,0.17,-0.02,0.07
-4.23,-0.67,1.9,0.17,-0.02,0.07
-4.31,-0.67,1.95,0.16,-0.01,0.07
-4.29,-0.73,1.92,0.16,-0.0,0.07
-4.35,-0.67,1.82,0.17,0.01,0.06
-4.35,-0.67,1.74,0.17,0.02,0.06
-4.37,-0.56,1.74,0.18,0.03,0.06
-4.42,-0.48,1.69,0.18,0.04,0.05
-4.44,-0.44,1.74,0.18,0.04,0.05
-4.41,-0.38,1.74,0.17,0.04,0.05
-4.35,-0.4,1.69,0.17,0.04,0.05
-4.35,-0.33,1.65,0.17,0.04,0.04
-4.54,-0.36,1.72,0.16,0.03,0.04
-4.5,-0.21,1.78,0.16,0.02,0.04
-4.54,-0.19,1.74,0.15,0.02,0.04
-4.56,-0.27,1.72,0.13,0.02,0.04
-4.65,-0.34,1.69,0.12,0.02,0.04
-4.62,-0.38,1.65,0.12,0.01,0.04
-4.73,-0.38,1.72,0.11,0.01,0.04
-4.79,-0.33,1.92,0.09,-0.0,0.05
-4.69,-0.34,1.95,0.08,-0.01,0.05
-4.65,-0.38,1.97,0.06,-0.01,0.05
-4.56,-0.44,2.01,0.05,-0.01,0.05
-4.58,-0.4,2.07,0.05,-0.01,0.05
-4.42,-0.36,2.03,0.04,-0.01,0.04
-4.42,-0.38,1.97,0.04,-0.01,0.03
-4.39,-0.36,1.86,0.04,0.0,0.03
-4.33,-0.36,1.67,0.04,0.0,0.02
-4.41,-0.4,1.72,0.04,0.01,0.02
-4.37,-0.42,1.7,0.04,0.02,0.01
-4.39,-0.34,1.7,0.04,0.02,0.01
-4.42,-0.44,1.74,0.03,0.03,0.01
-4.42,-0.38,1.72,0.03,0.03,0.0
-4.52,-0.31,1.7,0.03,0.03,-0.0
-4.56,-0.29,1.67,0.03,0.04,0.0
-4.71,-0.08,1.72,0.02,0.05,0.01
-4.65,-0.08,1.9,0.0,0.06,0.02
-4.56,-0.15,1.97,-0.02,0.07,0.03
-4.5,-0.25,1.93,-0.03,0.07,0.03
-4.6,-0.36,1.95,-0.03,0.06,0.04
-4.65,-0.4,1.86,-0.03,0.04,0.04
-4.67,-0.42,1.76,-0.03,0.03,0.04
-4.6,-0.46,1.86,-0.03,0.02,0.04
-4.62,-0.48,1.86,-0.03,0.02,0.04
-4.6,-0.44,1.78,-0.02,0.01,0.04
-4.6,-0.48,1.76,-0.02,0.01,0.04
-4.65,-0.42,1.65,-0.02,-0.0,0.04
-4.64,-0.34,1.63,-0.01,-0.0,0.03
-4.6,-0.33,1.61,-0.01,0.0,0.03
-4.62,-0.29,1.59,-0.02,0.01,0.03
-4.6,-0.25,1.53,-0.03,0.01,0.02
-4.58,-0.21,1.65,-0.04,0.01,0.02
-4.58,-0.21,1.65,-0.06,0.02,0.02
-4.52,-0.27,1.9,-0.08,0.02,0.03
-4.44,-0.38,1.93,-0.11,0.03,0.03
-4.37,-0.5,2.01,-0.12,0.02,0.03
-4.39,-0.69,1.99,-0.12,0.02,0.03
-4.37,-0.88,1.92,-0.11,0.01,0.03
-4.33,-0.96,1.86,-0.09,0.0,0.03
-4.27,-0.9,1.86,-0.07,-0.01,0.03
-4.33,-0.88,1.88,-0.06,-0.02,0.03
-4.35,-0.77,1.9,-0.04,-0.02,0.03
-4.42,-0.69,1.86,-0.02,-0.03,0.03
-4.41,-0.61,1.92,-0.01,-0.03,0.03
-4.41,-0.42,1.86,0.01,-0.03,0.04
-4.48,-0.23,1.86,0.01,-0.03,0.04
-4.37,-0.17,1.86,-0.01,-0.02,0.04
-4.41,-0.08,2.01,-0.03,-0.0,0.04
-4.35,-0.19,2.09,-0.06,0.01,0.05
-4.35,-0.27,1.99,-0.08,0.03,0.04
-4.39,-0.27,1.88,-0.09,0.03,0.04
-4.39,-0.4,1.88,-0.1,0.03,0.03
-4.39,-0.5,1.9,-0.1,0.04,0.02
-4.37,-0.56,1.9,-0.1,0.04,0.01
-4.41,-0.59,1.82,-0.09,0.04,0.0
-4.39,-0.61,1.97,-0.09,0.04,0.0
-4.33,-0.57,1.99,-0.08,0.04,0.01
-4.31,-0.65,1.95,-0.06,0.03,0.01
-4.39,-0.57,1.99,-0.05,0.02,0.01
-4.42,-0.5,2.13,-0.03,0.01,0.01
-4.52,-0.54,2.03,-0.02,-0.0,0.01
-4.39,-0.52,1.9,-0.01,-0.01,0.01
-4.41,-0.52,1.97,0.01,-0.02,0.02
-4.31,-0.46,1.9,0.03,-0.02,0.02
-4.27,-0.44,1.82,0.04,-0.02,0.02
-4.23,-0.29,1.74,0.05,-0.02,0.03
-4.19,-0.23,1.76,0.04,-0.01,0.03
-4.19,-0.19,1.84,0.03,-0.0,0.03
-4.12,-0.21,1.93,0.01,0.02,0.03
-4.23,-0.17,2.05,-0.0,0.04,0.04
-4.18,-0.25,2.22,-0.02,0.06,0.04
-4.21,-0.31,2.24,-0.04,0.06,0.04
-4.23,-0.36,2.34,-0.06,0.07,0.04
-4.12,-0.46,2.24,-0.07,0.07,0.04
-4.04,-0.59,2.26,-0.07,0.07,0.04
-4.04,-0.73,2.16,-0.07,0.08,0.03
-4.06,-0.79,2.16,-0.07,0.08,0.02
-4.08,-0.82,2.15,-0.06,0.08,0.02
-4.16,-0.88,2.2,-0.05,0.07,0.01
-4.27,-0.82,2.09,-0.04,0.06,0.01
-4.35,-0.77,2.09,-0.03,0.05,0.01
-4.27,-0.73,1.95,-0.01,0.04,0.01
-4.29,-0.61,1.84,0.01,0.03,0.01
-4.35,-0.5,1.76,0.02,0.03,0.01
-4.29,-0.42,1.72,0.03,0.04,0.02
-4.37,-0.31,1.8,0.03,0.04,0.02
-4.41,-0.27,1.84,0.03,0.05,0.01
-4.39,-0.15,1.93,0.01,0.06,0.01
-4.41,-0.08,1.97,-0.0,0.07,0.01
-4.39,-0.17,1.97,-0.02,0.08,0.01
-4.33,-0.21,1.92,-0.04,0.09,0.0
-4.31,-0.23,1.88,-0.05,0.1,-0.01
-4.25,-0.36,1.86,-0.07,0.12,-0.02
-4.33,-0.46,1.86,-0.09,0.13,-0.03
-4.29,-0.56,1.97,-0.1,0.14,-0.04
-4.44,-0.59,1.97,-0.11,0.14,-0.05
-4.54,-0.69,2.09,-0.11,0.14,-0.05
-4.52,-0.79,2.15,-0.1,0.14,-0.05
-4.65,-0.88,2.13,-0.09,0.14,-0.04
-4.65,-0.88,2.11,-0.07,0.13,-0.04
-4.65,-0.84,2.05,-0.04,0.12,-0.03
-4.56,-0.9,1.97,-0.02,0.11,-0.01
-4.48,-0.77,1.92,0.01,0.11,-0.0
-4.33,-0.75,1.8,0.03,0.1,0.01
-4.18,-0.79,1.78,0.04,0.1,0.02
-4.12,-0.73,1.72,0.04,0.1,0.03
-3.98,-0.71,1.67,0.04,0.1,0.03
-3.98,-0.69,1.7,0.03,0.11,0.02
-3.96,-0.73,1.7,0.02,0.12,0.02
-4.08,-0.75,1.8,0.02,0.13,0.01
-4.19,-0.71,1.82,0.01,0.15,0.0
-4.25,-0.73,1.78,0.0,0.17,-0.01
-4.37,-0.71,1.82,-0.01,0.19,-0.01
-4.54,-0.71,1.74,-0.01,0.21,-0.01
-4.62,-0.67,1.74,-0.02,0.23,-0.02
-4.73,-0.71,1.63,-0.03,0.24,-0.02
-4.67,-0.63,1.72,-0.04,0.25,-0.02
-4.77,-0.69,1.7,-0.05,0.26,-0.01
-4.85,-0.65,1.76,-0.06,0.26,-0.0
-4.77,-0.61,1.67,-0.06,0.26,0.0
-4.69,-0.56,1.57,-0.05,0.27,0.01
-4.6,-0.54,1.55,-0.05,0.28,0.02
-4.52,-0.59,1.46,-0.04,0.28,0.03
-4.48,-0.54,1.44,-0.04,0.28,0.03
-4.46,-0.52,1.49,-0.04,0.28,0.04
-4.52,-0.44,1.44,-0.04,0.27,0.04
-4.37,-0.56,1.51,-0.05,0.26,0.04
-4.39,-0.52,1.49,-0.05,0.26,0.05
-4.41,-0.54,1.47,-0.06,0.26,0.05
-4.39,-0.59,1.42,-0.06,0.26,0.05
-4.37,-0.71,1.49,-0.05,0.26,0.04
-4.33,-0.71,1.55,-0.05,0.26,0.04
-4.35,-0.79,1.51,-0.04,0.27,0.03
-4.44,-0.82,1.55,-0.03,0.27,0.02
-4.46,-0.77,1.51,-0.02,0.27,0.01
-4.54,-0.8,1.47,-0.01,0.27,0.01
-4.58,-0.75,1.53,0.0,0.26,0.0
-4.69,-0.65,1.4,0.02,0.26,0.0
-4.71,-0.56,1.34,0.02,0.27,0.01
-4.75,-0.57,1.28,0.02,0.27,0.01
-4.73,-0.57,1.3,0.02,0.27,0.02
-4.65,-0.54,1.32,0.01,0.28,0.03
-4.62,-0.5,1.28,0.01,0.28,0.03
-4.62,-0.52,1.28,0.01,0.29,0.04
-4.65,-0.5,1.36,0.0,0.29,0.04
-4.6,-0.54,1.38,0.0,0.29,0.04
-4.62,-0.44,1.32,-0.0,0.28,0.04
-4.6,-0.44,1.46,-0.0,0.28,0.04
-4.69,-0.46,1.44,0.0,0.27,0.03
-4.64,-0.46,1.44,0.0,0.25,0.03
-4.6,-0.42,1.4,0.0,0.25,0.02
-4.64,-0.4,1.38,0.0,0.24,0.02
-4.6,-0.5,1.42,0.0,0.25,0.01
-4.62,-0.46,1.46,0.0,0.25,0.01
-4.69,-0.46,1.44,-0.0,0.25,0.01
-4.71,-0.5,1.47,-0.01,0.25,0.01
-4.64,-0.42,1.4,-0.01,0.26,0.01
-4.6,-0.42,1.38,-0.02,0.26,0.01
-4.62,-0.36,1.32,-0.03,0.26,0.0
-4.58,-0.42,1.24,-0.04,0.27,-0.0
-4.64,-0.46,1.26,-0.04,0.27,-0.01
-4.77,-0.42,1.21,-0.05,0.27,-0.01
-4.83,-0.46,1.17,-0.05,0.26,-0.02
-4.81,-0.42,1.17,-0.05,0.25,-0.03
-4.88,-0.44,1.11,-0.04,0.24,-0.03
-4.88,-0.48,1.09,-0.04,0.23,-0.03
-4.85,-0.48,1.05,-0.03,0.23,-0.03
-4.83,-0.5,1.03,-0.03,0.22,-0.02
-4.87,-0.46,0.94,-0.02,0.22,-0.02
-4.87,-0.52,0.94,-0.02,0.21,-0.02
-4.81,-0.54,1.0,-0.02,0.21,-0.03
-4.79,-0.57,0.96,-0.02,0.2,-0.03
-4.88,-0.52,0.96,-0.02,0.2,-0.03
-4.88,-0.52,0.98,-0.02,0.19,-0.03
-4.94,-0.48,0.96,-0.02,0.19,-0.04
-4.96,-0.48,0.92,-0.03,0.19,-0.04
-4.98,-0.38,0.92,-0.03,0.2,-0.04
-5.04,-0.36,0.84,-0.04,0.2,-0.03
-4.98,-0.36,0.86,-0.04,0.2,-0.03
-4.92,-0.33,0.8,-0.05,0.2,-0.02
-4.9,-0.4,0.79,-0.05,0.21,-0.02
-4.88,-0.5,0.88,-0.06,0.21,-0.02
-4.85,-0.5,0.8,-0.07,0.21,-0.02
-4.88,-0.52,0.88,-0.07,0.22,-0.02
-4.88,-0.56,0.86,-0.08,0.22,-0.02
-4.79,-0.56,0.8,-0.08,0.22,-0.02
-4.87,-0.5,0.82,-0.09,0.22,-0.02
-4.81,-0.48,0.88,-0.09,0.22,-0.02
-4.77,-0.42,0.86,-0.1,0.23,-0.02
-4.79,-0.17,0.82,-0.1,0.23,-0.01
-4.77,-0.42,0.79,-0.11,0.25,-0.01
-4.75,-0.38,0.75,-0.12,0.26,-0.0
-4.83,-0.42,0.71,-0.13,0.27,-0.0
-4.77,-0.5,0.79,-0.14,0.27,-0.0
-4.88,-0.54,0.82,-0.15,0.27,-0.01
-5.02,-0.56,0.82,-0.15,0.27,-0.0
-5.06,-0.56,0.82,-0.15,0.25,-0.01
-5.04,-0.57,0.73,-0.15,0.24,-0.0
-5.08,-0.63,0.73,-0.15,0.22,-0.0
-5.02,-0.67,0.75,-0.14,0.21,0.0
-5.09,-0.61,0.69,-0.14,0.19,0.01
-5.06,-0.59,0.65,-0.13,0.18,0.01
-4.92,-0.67,0.67,-0.13,0.17,0.02
-4.92,-0.63,0.61,-0.12,0.16,0.03
-4.88,-0.65,0.61,-0.11,0.15,0.03
-4.83,-0.61,0.57,-0.11,0.14,0.03
-4.77,-0.61,0.56,-0.1,0.14,0.03
-4.77,-0.54,0.54,-0.09,0.13,0.03
-4.83,-0.63,0.57,-0.09,0.13,0.03
-4.79,-0.57,0.59,-0.09,0.12,0.03
-4.85,-0.52,0.52,-0.09,0.11,0.03
-4.88,-0.5,0.52,-0.09,0.11,0.04
-4.94,-0.5,0.54,-0.09,0.11,0.04
-4.92,-0.5,0.56,-0.09,0.11,0.04
-4.92,-0.59,0.57,-0.09,0.1,0.05
-4.87,-0.56,0.52,-0.1,0.11,0.05
-4.88,-0.57,0.54,-0.1,0.11,0.05
-4.88,-0.59,0.48,-0.1,0.11,0.05
-4.85,-0.67,0.42,-0.11,0.12,0.04
-4.81,-0.69,0.56,-0.11,0.12,0.04
-4.9,-0.75,0.5,-0.11,0.12,0.03
-4.92,-0.79,0.56,-0.12,0.12,0.02
-4.98,-0.8,0.52,-0.12,0.12,0.01
-4.9,-0.75,0.61,-0.12,0.12,0.01
-5.04,-0.79,0.52,-0.11,0.11,0.0
-4.98,-0.77,0.57,-0.1,0.11,-0.0
-4.96,-0.73,0.5,-0.09,0.11,-0.0
-4.96,-0.73,0.54,-0.08,0.11,-0.0
-5.0,-0.65,0.46,-0.08,0.12,-0.01
-4.96,-0.73,0.5,-0.07,0.12,-0.01
-4.98,-0.77,0.52,-0.07,0.12,-0.01
-5.0,-0.69,0.56,-0.06,0.11,-0.0
-5.0,-0.69,0.52,-0.06,0.11,-0.0
-4.98,-0.71,0.5,-0.05,0.1,0.0
-4.94,-0.67,0.44,-0.04,0.09,0.0
-4.9,-0.65,0.5,-0.04,0.08,0.01
-4.87,-0.61,0.46,-0.04,0.07,0.01
-4.85,-0.57,0.5,-0.04,0.06,0.01
-4.83,-0.63,0.56,-0.04,0.06,0.01
-4.85,-0.59,0.48,-0.04,0.05,0.01
-4.83,-0.54,0.42,-0.04,0.04,0.01
-4.79,-0.56,0.44,-0.04,0.04,0.02
-4.75,-0.57,0.4,-0.03,0.03,0.02
-4.77,-0.46,0.46,-0.04,0.03,0.02
-4.87,-0.46,0.44,-0.04,0.03,0.02
-4.87,-0.46,0.42,-0.04,0.03,0.02
-4.88,-0.5,0.44,-0.05,0.03,0.02
-4.94,-0.52,0.56,-0.05,0.03,0.02
-4.94,-0.52,0.5,-0.06,0.03,0.02
-4.94,-0.57,0.54,-0.06,0.04,0.02
-4.94,-0.59,0.56,-0.06,0.04,0.02
-5.0,-0.56,0.56,-0.06,0.04,0.02
-4.94,-0.56,0.52,-0.05,0.04,0.02
-4.92,-0.52,0.48,-0.04,0.04,0.02
-4.92,-0.46,0.4,-0.04,0.04,0.02
-4.9,-0.44,0.38,-0.04,0.05,0.02
-4.87,-0.52,0.4,-0.04,0.05,0.02
-4.88,-0.52,0.44,-0.05,0.05,0.02
-4.81,-0.48,0.52,-0.05,0.04,0.02
-4.81,-0.54,0.54,-0.05,0.04,0.02
-4.83,-0.59,0.54,-0.04,0.04,0.02
-4.85,-0.57,0.57,-0.04,0.03,0.02
-4.85,-0.57,0.54,-0.03,0.03,0.02
-4.9,-0.57,0.61,-0.03,0.02,0.01
-4.88,-0.57,0.56,-0.02,0.01,0.01
-4.88,-0.54,0.54,-0.02,0.01,0.01
-4.88,-0.54,0.54,-0.01,0.01,0.01
-4.96,-0.5,0.56,-0.01,0.01,0.01
-5.0,-0.44,0.52,-0.01,0.01,0.01
-5.0,-0.48,0.56,-0.01,0.01,0.01
-5.0,-0.46,0.46,-0.0,0.01,0.01
-5.04,-0.5,0.57,-0.0,0.01,0.01
-4.98,-0.54,0.54,0.0,0.0,0.01
-4.92,-0.54,0.61,0.0,0.0,0.01
-4.88,-0.5,0.56,0.01,0.0,0.01
-4.92,-0.52,0.48,0.01,-0.0,0.01
-4.94,-0.52,0.5,0.01,-0.0,0.01
-4.88,-0.5,0.5,0.01,-0.0,0.01
-4.92,-0.54,0.59,0.01,-0.0,0.01
-4.83,-0.5,0.52,0.0,-0.0,0.01
-4.85,-0.5,0.46,0.0,-0.0,0.01
-4.87,-0.52,0.52,0.0,-0.0,0.01
-4.88,-0.5,0.56,-0.0,-0.01,0.01
-4.87,-0.57,0.56,-0.0,-0.01,0.0
-4.87,-0.56,0.48,-0.01,-0.01,0.0
-4.81,-0.52,0.56,-0.0,-0.01,0.0
-4.85,-0.56,0.52,-0.0,-0.01,0.0
-4.88,-0.5,0.56,-0.0,-0.0,0.0
-4.88,-0.48,0.65,-0.0,-0.0,0.0
-4.87,-0.56,0.5,0.0,-0.01,0.01
-4.83,-0.5,0.57,0.0,-0.01,0.01
-4.85,-0.46,0.56,0.0,-0.0,0.01
-4.83,-0.56,0.59,0.0,-0.0,0.01
-4.88,-0.46,0.59,-0.0,0.0,0.01
-4.9,-0.5,0.59,-0.0,0.01,0.01
-4.85,-0.56,0.67,-0.0,0.01,0.01
-4.85,-0.56,0.61,-0.0,0.01,0.01
-4.88,-0.56,0.73,-0.0,0.01,0.01
-4.85,-0.54,0.65,-0.01,0.01,0.0
-4.77,-0.65,0.67,-0.0,0.02,0.01
-4.81,-0.59,0.69,-0.0,0.02,0.0
-4.85,-0.59,0.71,-0.0,0.02,0.0
-4.81,-0.56,0.63,0.0,0.03,0.0
-4.87,-0.56,0.61,0.0,0.03,0.0
-4.87,-0.56,0.67,0.01,0.03,0.0
-4.87,-0.48,0.61,0.0,0.03,0.01
-4.85,-0.54,0.59,0.0,0.03,0.01
-4.87,-0.57,0.56,0.0,0.03,0.01
-4.83,-0.52,0.61,-0.0,0.02,0.01
-4.81,-0.5,0.57,-0.0,0.02,0.01
-4.87,-0.48,0.61,-0.0,0.02,0.0
-4.88,-0.5,0.57,-0.0,0.02,0.0
-4.92,-0.42,0.65,-0.0,0.02,0.0
-4.88,-0.48,0.63,-0.0,0.02,0.01
-4.92,-0.46,0.65,-0.0,0.02,0.01
-4.92,-0.46,0.65,-0.0,0.02,0.01
-4.9,-0.46,0.59,-0.0,0.02,0.01
-4.87,-0.46,0.63,-0.0,0.02,0.01
-4.9,-0.38,0.59,-0.0,0.02,0.01
-4.85,-0.46,0.65,-0.01,0.03,0.01
-4.81,-0.54,0.61,-0.01,0.03,0.01
-4.79,-0.5,0.65,-0.01,0.03,0.01
-4.81,-0.52,0.65,-0.01,0.03,0.0
-4.88,-0.48,0.61,-0.01,0.04,0.0
-4.87,-0.48,0.65,-0.01,0.04,0.0
-4.87,-0.44,0.61,-0.01,0.04,0.0
-4.88,-0.52,0.65,-0.01,0.04,0.0
-4.88,-0.52,0.59,-0.01,0.04,0.0
-4.9,-0.46,0.57,-0.01,0.04,0.0
-4.87,-0.46,0.67,-0.01,0.03,0.0
-4.9,-0.48,0.67,-0.01,0.03,0.0
-4.83,-0.52,0.61,-0.01,0.03,0.0
-4.85,-0.48,0.59,-0.01,0.03,0.0
-4.87,-0.52,0.65,-0.01,0.03,0.0
-4.87,-0.56,0.65,-0.01,0.03,0.0
-4.85,-0.52,0.57,-0.01,0.03,0.0
-4.85,-0.5,0.63,-0.01,0.03,0.0
-4.88,-0.48,0.63,-0.01,0.03,0.0
-4.83,-0.52,0.63,-0.01,0.03,0.0
-4.92,-0.48,0.61,-0.01,0.03,0.0
-4.88,-0.42,0.61,-0.01,0.03,0.0
-4.87,-0.38,0.59,-0.01,0.03,0.0
-4.94,-0.42,0.54,-0.02,0.04,0.0
-4.88,-0.36,0.59,-0.02,0.04,0.0
-4.9,-0.48,0.56,-0.02,0.04,0.0
-4.88,-0.48,0.57,-0.03,0.04,0.0
-4.88,-0.46,0.65,-0.03,0.04,-0.0
-4.88,-0.56,0.56,-0.02,0.04,-0.0
-4.87,-0.5,0.56,-0.02,0.05,-0.0
-4.81,-0.61,0.54,-0.02,0.05,-0.0
-4.83,-0.56,0.57,-0.02,0.05,-0.0
-4.85,-0.57,0.56,-0.01,0.05,-0.0
-4.85,-0.48,0.57,-0.01,0.05,-0.01
-4.85,-0.52,0.56,-0.02,0.05,-0.0
-4.87,-0.52,0.65,-0.02,0.05,-0.0
-4.9,-0.48,0.59,-0.02,0.05,-0.0
-4.83,-0.48,0.52,-0.02,0.04,-0.0
-4.87,-0.52,0.59,-0.02,0.04,-0.0
-4.88,-0.5,0.56,-0.01,0.04,-0.0
-4.92,-0.52,0.57,-0.01,0.03,0.0
-4.87,-0.44,0.56,-0.01,0.03,0.0
-4.83,-0.5,0.57,-0.01,0.03,0.0
-4.9,-0.48,0.57,-0.01,0.03,0.0
-4.85,-0.46,0.61,-0.01,0.03,0.01
-4.85,-0.52,0.65,-0.01,0.03,0.01
-4.92,-0.48,0.57,-0.01,0.04,0.01
-4.85,-0.48,0.56,-0.01,0.04,0.0
-4.83,-0.5,0.63,-0.01,0.04,0.0
-4.88,-0.5,0.63,-0.02,0.03,0.0
-4.9,-0.54,0.59,-0.01,0.03,0.0
-4.9,-0.44,0.57,-0.01,0.03,0.0
-4.88,-0.54,0.57,-0.01,0.04,0.01
-4.85,-0.5,0.59,-0.01,0.04,0.0
-4.87,-0.48,0.69,-0.01,0.04,0.0
-4.88,-0.5,0.63,-0.01,0.04,0.0
-4.85,-0.54,0.61,-0.01,0.04,0.0
-4.92,-0.54,0.63,-0.01,0.05,0.0
-4.92,-0.5,0.65,-0.01,0.05,0.0
-4.85,-0.56,0.61,-0.01,0.05,0.0
-4.88,-0.56,0.54,-0.01,0.05,0.0
-4.92,-0.42,0.54,-0.01,0.05,-0.0
-4.88,-0.46,0.56,-0.01,0.05,0.0
-4.88,-0.44,0.61,-0.01,0.05,0.0
-4.85,-0.46,0.54,-0.01,0.05,0.0
-4.87,-0.48,0.56,-0.01,0.05,0.0
-4.83,-0.5,0.54,-0.02,0.05,0.0
-4.92,-0.42,0.57,-0.02,0.05,0.0
-4.87,-0.44,0.65,-0.02,0.05,0.0
-4.88,-0.48,0.57,-0.02,0.05,0.0
-4.9,-0.54,0.59,-0.02,0.05,0.0
-4.92,-0.52,0.63,-0.02,0.04,0.0
-4.87,-0.56,0.54,-0.02,0.04,0.0
-4.88,-0.54,0.61,-0.01,0.04,0.0
-4.88,-0.56,0.56,-0.01,0.04,0.0
-4.88,-0.5,0.54,-0.01,0.04,0.0
-4.9,-0.56,0.5,-0.01,0.03,0.0
-4.87,-0.48,0.56,-0.01,0.03,0.0
-4.92,-0.46,0.56,-0.01,0.03,0.0
-4.94,-0.57,0.4,-0.01,0.03,0.0
-4.85,-0.65,0.59,-0.01,0.03,0.0
-4.88,-0.57,0.36,-0.01,0.03,-0.0
-4.9,-0.44,0.59,-0.01,0.03,0.0
-4.81,-0.75,0.54,-0.01,0.03,0.0
-5.09,-0.57,0.61,-0.0,0.03,0.0
-4.9,-0.36,0.46,-0.0,0.03,0.0
-5.02,-0.59,0.4,-0.0,0.03,0.0
-4.92,-0.48,0.42,-0.0,0.03,0.0
-4.85,-0.23,0.42,-0.0,0.03,0.0
-4.96,-0.56,0.33,0.0,0.03,0.0
-4.96,-0.5,0.44,0.0,0.03,0.0
-4.77,-0.54,0.61,0.0,0.03,0.0
-4.94,-0.54,0.61,0.0,0.03,0.0
-4.88,-0.38,0.56,-0.0,0.02,0.0
-4.96,-0.44,0.44,-0.0,0.02,0.0
-5.0,-0.38,0.5,0.0,0.02,0.0
-4.81,-0.38,0.61,0.0,0.02,0.01
-4.85,-0.54,0.57,0.0,0.02,0.0
-4.85,-0.46,0.57,0.0,0.02,0.01
-4.85,-0.46,0.5,0.0,0.02,0.01
-4.87,-0.52,0.59,0.0,0.02,0.01
-4.94,-0.57,0.57,0.0,0.02,0.01
-4.79,-0.4,0.65,0.0,0.02,0.01
-4.92,-0.52,0.52,0.0,0.02,0.01
-4.79,-0.38,0.59,0.0,0.02,0.01
-4.96,-0.42,0.33,0.0,0.02,0.01
-4.96,-0.57,0.48,0.0,0.02,0.01
-4.73,-0.33,0.5,-0.0,0.02,0.01
-4.83,-0.52,0.56,-0.0,0.02,0.01
-4.79,-0.67,0.56,-0.0,0.02,0.0
-4.85,-0.69,0.75,-0.0,0.02,0.0
-4.96,-0.57,0.56,0.0,0.03,0.0
-4.87,-0.59,0.82,0.0,0.03,0.0
-4.92,-0.33,0.59,0.0,0.03,0.01
-4.77,-0.48,0.33,0.01,0.03,0.01
-4.87,-0.5,0.84,0.01,0.03,0.01
-4.92,-0.36,0.73,0.01,0.03,0.01
-4.96,-0.29,0.67,0.01,0.03,0.0
-4.88,-0.42,0.56,0.0,0.03,0.0
-4.94,-0.44,0.52,0.01,0.03,0.0
-4.9,-0.46,0.56,0.01,0.03,0.0
-4.88,-0.38,0.5,0.01,0.03,0.0
-4.92,-0.44,0.56,0.01,0.03,0.0
-4.88,-0.34,0.59,0.01,0.03,0.0
-4.9,-0.44,0.67,0.01,0.03,0.0
-4.96,-0.44,0.29,0.01,0.02,0.0
-5.02,-0.27,0.57,0.01,0.02,0.0
-4.96,-0.4,0.59,0.01,0.02,0.0
-4.94,-0.46,0.63,0.01,0.02,0.0
-4.88,-0.44,0.48,0.01,0.02,0.0
-4.87,-0.34,0.63,0.01,0.02,0.0
-4.87,-0.4,0.75,0.0,0.02,-0.0
-4.83,-0.42,0.73,0.0,0.02,-0.0
-4.98,-0.46,0.67,-0.0,0.02,-0.0
-4.87,-0.57,0.73,-0.0,0.03,-0.0
-4.75,-0.54,0.65,-0.01,0.03,-0.0
-4.65,-0.56,0.73,-0.01,0.03,-0.0
-4.87,-0.67,0.67,-0.01,0.03,-0.0
-4.85,-0.42,0.79,-0.0,0.03,0.0
-4.65,-0.34,0.52,-0.0,0.03,0.0
-4.83,-0.54,0.57,-0.0,0.03,0.0
-4.75,-0.34,0.77,0.0,0.03,0.0
-4.73,-0.44,0.63,0.0,0.03,0.0
-4.96,-0.38,0.52,0.0,0.03,0.0
-4.83,-0.42,0.57,0.0,0.03,-0.0
-4.88,-0.42,0.56,0.0,0.02,0.0
-4.81,-0.46,0.59,-0.0,0.03,0.0
-4.85,-0.54,0.75,-0.0,0.02,-0.0
-4.85,-0.46,0.65,-0.0,0.03,-0.0
-4.58,-0.59,0.57,-0.0,0.03,-0.0
-4.85,-0.69,0.56,-0.0,0.03,-0.0
-4.92,-0.4,0.77,-0.0,0.02,-0.0
-4.81,-0.54,0.33,-0.0,0.02,-0.0
-4.77,-0.34,0.69,-0.0,0.02,-0.0
-4.85,-0.44,0.77,-0.0,0.02,-0.0
-4.98,-0.63,0.57,-0.0,0.02,-0.0
-4.85,-0.52,0.67,-0.0,0.02,-0.0
-5.06,-0.69,0.71,0.0,0.02,0.0
-4.73,-0.42,0.9,0.0,0.02,0.0
-4.98,-0.63,0.69,0.0,0.02,0.0
-4.88,-0.63,0.75,0.0,0.03,0.0
-4.98,-0.48,0.54,0.0,0.03,0.0
-4.75,-0.31,0.73,0.0,0.03,0.0
-5.0,-0.56,0.63,0.0,0.03,0.0
-4.88,-0.4,0.57,-0.0,0.03,0.0
-4.87,-0.48,0.65,-0.0,0.03,0.0
-4.87,-0.44,0.56,-0.0,0.03,0.0
-4.87,-0.48,0.57,-0.0,0.03,0.0
-4.88,-0.48,0.63,-0.0,0.03,0.0
-4.85,-0.48,0.61,-0.01,0.03,0.0
-4.85,-0.48,0.63,-0.01,0.03,0.0
-4.83,-0.44,0.56,-0.01,0.03,0.0
-4.92,-0.5,0.44,-0.01,0.03,0.0
-4.81,-0.34,0.77,-0.01,0.03,-0.0
-4.92,-0.46,0.5,-0.01,0.03,-0.0
-5.06,-0.67,0.57,-0.01,0.03,-0.0
-4.92,-0.44,0.59,-0.0,0.03,-0.0
-5.08,-0.38,0.36,-0.0,0.03,0.0
-5.0,-0.42,0.54,-0.0,0.03,0.0
-4.83,-0.34,0.82,-0.0,0.03,0.0
-4.79,-0.42,0.52,-0.0,0.03,0.0
-4.88,-0.5,0.69,-0.0,0.03,0.0
-4.85,-0.48,0.77,-0.0,0.03,0.0
-4.77,-0.33,0.52,-0.0,0.03,0.0
-4.94,-0.42,0.48,-0.0,0.02,0.0
-4.69,-0.4,0.69,-0.0,0.03,0.01
-4.87,-0.33,0.67,-0.0,0.03,0.0
-4.96,-0.54,0.65,-0.01,0.03,0.0
-4.9,-0.38,0.59,-0.01,0.03,0.0
-4.85,-0.48,0.71,-0.01,0.03,0.0
-4.88,-0.42,0.63,-0.01,0.03,0.0
-4.88,-0.44,0.67,-0.0,0.03,-0.0
-4.88,-0.5,0.59,-0.0,0.03,-0.0
-4.87,-0.5,0.65,-0.0,0.03,-0.0
-4.92,-0.46,0.61,-0.0,0.03,-0.0
-4.9,-0.48,0.56,-0.01,0.03,-0.0
-4.88,-0.48,0.61,-0.0,0.03,-0.0
-4.9,-0.44,0.54,-0.0,0.03,-0.0
-4.88,-0.5,0.71,-0.0,0.03,-0.0
-4.88,-0.46,0.59,-0.0,0.03,-0.0
-4.9,-0.46,0.63,0.0,0.03,0.0
-4.83,-0.44,0.65,0.0,0.02,0.0
-4.87,-0.42,0.59,0.0,0.02,0.0
-4.85,-0.44,0.61,-0.0,0.02,0.0
-4.9,-0.46,0.63,-0.0,0.02,0.0
-4.81,-0.4,0.63,-0.0,0.02,0.0
-4.92,-0.4,0.59,-0.0,0.02,0.0
-4.88,-0.42,0.63,-0.0,0.02,0.0
-4.88,-0.36,0.57,-0.01,0.02,0.0
-4.87,-0.4,0.65,-0.01,0.02,0.0
-4.85,-0.38,0.67,-0.01,0.03,0.0
-4.9,-0.4,0.67,-0.01,0.03,0.0
-4.88,-0.38,0.61,-0.01,0.02,-0.0
-4.9,-0.44,0.57,-0.01,0.02,-0.0
-4.87,-0.42,0.63,-0.01,0.02,-0.0
-4.88,-0.46,0.65,-0.01,0.02,-0.0
-4.85,-0.48,0.69,-0.01,0.02,-0.01
-4.81,-0.48,0.67,-0.01,0.02,-0.01
-4.96,-0.44,0.63,-0.01,0.02,-0.02
-4.85,-0.48,0.69,-0.0,0.03,-0.02
-4.88,-0.46,0.52,0.0,0.03,-0.02
-4.83,-0.52,0.57,0.0,0.03,-0.03
-4.87,-0.46,0.65,0.01,0.03,-0.03
-4.9,-0.48,0.65,0.01,0.03,-0.03
-4.87,-0.46,0.54,0.01,0.03,-0.03
-4.85,-0.48,0.69,0.01,0.03,-0.03
-4.81,-0.44,0.61,0.02,0.03,-0.03
-4.87,-0.57,0.59,0.02,0.03,-0.03
-4.69,-0.48,0.73,0.02,0.03,-0.03
-4.85,-0.4,0.69,0.02,0.03,-0.02
-5.13,-0.33,0.59,0.02,0.03,-0.02
-4.92,-0.4,0.57,0.01,0.04,-0.02
-4.85,-0.57,0.46,0.01,0.04,-0.02
-4.96,-0.33,0.59,0.01,0.04,-0.02
-4.87,-0.48,0.79,0.0,0.04,-0.02
-5.0,-0.29,0.54,-0.01,0.05,-0.02
-4.88,-0.27,0.48,-0.01,0.05,-0.03
-5.02,-0.38,0.54,-0.02,0.06,-0.03
-5.06,-0.4,0.52,-0.03,0.06,-0.03
-4.9,-0.52,0.61,-0.03,0.07,-0.03
-4.71,-0.46,0.77,-0.03,0.08,-0.03
-4.83,-0.44,0.57,-0.04,0.08,-0.03
-4.88,-0.71,0.52,-0.04,0.09,-0.03
-4.83,-0.48,0.8,-0.04,0.09,-0.03
-4.85,-0.52,0.79,-0.03,0.09,-0.02
-4.62,-0.59,0.69,-0.02,0.09,-0.02
-4.85,-0.57,0.63,-0.02,0.09,-0.02
-4.83,-0.56,0.61,-0.01,0.08,-0.02
-4.81,-0.54,0.61,-0.01,0.08,-0.01
-4.79,-0.57,0.61,-0.01,0.07,-0.01
-4.85,-0.61,0.4,-0.01,0.06,-0.01
-4.85,-0.59,0.4,-0.01,0.06,-0.01
-4.85,-0.65,0.82,-0.01,0.06,-0.0
-4.9,-0.67,0.77,-0.0,0.05,-0.0
-4.9,-0.61,0.69,-0.01,0.05,-0.0
-4.9,-0.4,0.57,-0.01,0.05,0.0
-4.81,-0.57,0.5,-0.01,0.05,0.0
-4.92,-0.46,0.52,-0.01,0.05,0.0
-4.77,-0.36,0.59,-0.01,0.05,0.0
-4.88,-0.33,0.71,-0.01,0.05,-0.0
-4.83,-0.38,0.69,-0.01,0.05,-0.0
-5.04,-0.63,0.44,-0.01,0.05,-0.0
-5.04,-0.63,0.57,-0.01,0.04,-0.01
-5.02,-0.73,0.5,-0.01,0.04,-0.01
-5.02,-0.61,0.34,-0.0,0.03,-0.01
-4.85,-0.73,0.36,0.0,0.03,-0.01
-5.02,-0.63,0.44,0.0,0.04,-0.01
-4.79,-0.8,0.65,0.01,0.04,-0.01
-4.98,-0.57,0.54,0.01,0.04,-0.01
-4.88,-0.56,0.5,0.01,0.05,-0.01
-4.83,-0.59,0.5,0.01,0.05,-0.01
-4.87,-0.56,0.46,0.01,0.05,-0.01
-4.88,-0.57,0.48,0.01,0.05,-0.01
-4.87,-0.59,0.52,0.01,0.05,-0.01
-4.85,-0.5,0.4,0.0,0.05,-0.01
-4.87,-0.44,0.44,0.0,0.05,-0.01
-4.87,-0.48,0.56,-0.0,0.05,-0.01
-4.98,-0.52,0.42,-0.01,0.05,-0.01
-4.92,-0.33,0.52,-0.01,0.05,-0.01
-4.85,-0.4,0.57,-0.01,0.05,-0.01
-4.85,-0.44,0.48,-0.01,0.05,-0.01
-4.98,-0.56,0.42,-0.01,0.05,-0.01
-4.98,-0.56,0.65,-0.0,0.04,-0.01
-4.77,-0.5,0.52,-0.0,0.04,-0.01
-5.06,-0.46,0.4,-0.0,0.03,-0.01
-4.92,-0.5,0.61,0.0,0.03,-0.01
-4.9,-0.46,0.5,0.0,0.03,-0.01
-4.88,-0.52,0.4,0.0,0.03,-0.01
-4.9,-0.54,0.56,0.0,0.02,-0.02
-4.96,-0.54,0.63,0.0,0.02,-0.01
-4.79,-0.48,0.71,0.0,0.02,-0.01
-4.79,-0.38,0.84,0.0,0.03,-0.01
-4.92,-0.54,0.61,0.01,0.03,-0.01
-4.85,-0.57,0.19,0.01,0.03,-0.01
-4.96,-0.48,0.52,0.01,0.03,-0.01
-4.9,-0.52,0.59,0.01,0.03,-0.01
-4.85,-0.54,0.56,0.01,0.03,-0.01
-4.81,-0.57,0.5,0.01,0.03,-0.01
-4.88,-0.56,0.48,0.01,0.03,-0.01
-4.88,-0.56,0.46,0.02,0.04,-0.01
-4.9,-0.52,0.38,0.01,0.04,-0.02
-4.98,-0.52,0.48,0.01,0.04,-0.02
-5.0,-0.54,0.46,0.01,0.05,-0.02
-4.94,-0.56,0.5,0.01,0.05,-0.02
-5.0,-0.5,0.46,0.01,0.05,-0.02
-4.92,-0.52,0.48,0.0,0.05,-0.02
-4.96,-0.56,0.56,0.0,0.05,-0.02
-4.96,-0.5,0.59,-0.0,0.04,-0.02
-4.87,-0.48,0.48,-0.0,0.04,-0.02
-4.88,-0.48,0.57,-0.0,0.03,-0.02
-4.87,-0.48,0.56,-0.0,0.01,-0.02
-4.9,-0.42,0.52,-0.0,0.0,-0.02
-4.9,-0.38,0.54,-0.0,-0.01,-0.02
-4.69,-0.44,0.67,-0.0,-0.02,-0.01
-4.83,-0.36,0.54,-0.0,-0.02,-0.01
-4.94,-0.38,0.56,-0.0,-0.02,-0.01
-4.94,-0.42,0.61,-0.0,-0.02,-0.01
-4.85,-0.5,0.67,-0.0,-0.02,0.0
-4.94,-0.54,0.5,-0.0,-0.02,0.0
-4.9,-0.4,0.56,-0.0,-0.01,0.01
-4.94,-0.5,0.59,-0.01,-0.01,0.01
-4.94,-0.56,0.59,-0.01,-0.01,0.01
-4.9,-0.52,0.59,-0.01,-0.01,0.01
-4.94,-0.56,0.46,-0.01,-0.0,0.01
-4.94,-0.59,0.59,-0.02,-0.0,0.0
-4.94,-0.59,0.54,-0.02,0.0,0.0
-4.94,-0.63,0.57,-0.02,0.0,0.0
-4.98,-0.59,0.54,-0.03,0.0,-0.0
-5.04,-0.69,0.44,-0.03,0.0,-0.0
-4.96,-0.65,0.59,-0.02,0.0,-0.0
-4.94,-0.61,0.59,-0.02,-0.0,-0.01
-4.87,-0.61,0.61,-0.02,-0.0,-0.0
-4.87,-0.57,0.56,-0.02,-0.0,-0.0
-4.9,-0.67,0.56,-0.01,0.0,-0.0
-4.81,-0.57,0.59,-0.01,0.01,-0.0
-4.87,-0.5,0.56,-0.01,0.01,-0.0
-4.83,-0.54,0.56,-0.01,0.02,-0.0
-4.79,-0.56,0.71,-0.02,0.02,-0.0
-4.83,-0.56,0.56,-0.02,0.03,-0.0
-4.83,-0.57,0.61,-0.02,0.03,-0.0
-4.79,-0.54,0.61,-0.02,0.04,-0.0
-4.77,-0.54,0.59,-0.02,0.04,-0.0
-4.79,-0.57,0.59,-0.02,0.04,-0.0
-4.79,-0.54,0.57,-0.02,0.04,-0.0
-4.81,-0.54,0.63,-0.02,0.03,-0.0
-4.83,-0.5,0.61,-0.02,0.03,-0.0
-4.88,-0.48,0.56,-0.03,0.02,-0.01
-4.85,-0.46,0.65,-0.04,0.02,-0.01
-4.87,-0.48,0.56,-0.04,0.02,-0.01
-4.94,-0.44,0.59,-0.05,0.01,-0.01
-4.9,-0.42,0.56,-0.05,0.01,-0.01
-4.96,-0.42,0.63,-0.06,0.01,-0.0
-4.96,-0.38,0.65,-0.07,0.02,-0.0
-4.92,-0.48,0.56,-0.08,0.02,-0.0
-4.98,-0.42,0.59,-0.09,0.03,-0.0
-4.94,-0.5,0.59,-0.09,0.04,0.0
-4.96,-0.36,0.57,-0.1,0.05,0.0
-4.94,-0.42,0.56,-0.11,0.05,0.0
-4.88,-0.54,0.61,-0.11,0.06,0.0
-4.88,-0.57,0.61,-0.11,0.06,0.01
-4.88,-0.59,0.59,-0.11,0.06,0.01
-4.85,-0.71,0.59,-0.11,0.06,0.01
-4.87,-0.73,0.65,-0.11,0.05,0.01
-4.85,-0.69,0.63,-0.1,0.05,0.01
-4.87,-0.75,0.69,-0.1,0.04,0.0
-4.79,-0.82,0.61,-0.09,0.04,0.01
-4.79,-0.82,0.59,-0.08,0.03,0.01
-4.77,-0.84,0.57,-0.07,0.03,0.01
-4.85,-0.88,0.61,-0.06,0.02,0.01
-4.87,-0.82,0.59,-0.04,0.01,0.01
-4.87,-0.82,0.61,-0.03,0.01,0.01
-4.87,-0.77,0.65,-0.01,-0.0,0.02
-4.85,-0.67,0.57,0.01,-0.01,0.02
-4.77,-0.61,0.61,0.03,-0.02,0.02
-4.85,-0.54,0.57,0.03,-0.02,0.02
-4.83,-0.54,0.65,0.04,-0.01,0.02
-4.88,-0.46,0.61,0.04,-0.0,0.02
-4.92,-0.46,0.67,0.04,0.01,0.02
-4.85,-0.46,0.65,0.04,0.01,0.02
-4.92,-0.42,0.71,0.03,0.02,0.02
-4.92,-0.46,0.67,0.03,0.03,0.02
-4.88,-0.5,0.63,0.02,0.03,0.02
-4.9,-0.59,0.69,0.02,0.04,0.02
-4.85,-0.52,0.61,0.01,0.03,0.03
-4.83,-0.59,0.69,0.01,0.03,0.03
-4.75,-0.59,0.61,0.01,0.02,0.03
-4.69,-0.59,0.77,0.02,0.01,0.03
-4.69,-0.61,0.52,0.02,-0.0,0.04
-4.71,-0.52,0.59,0.02,-0.01,0.03
-4.67,-0.5,0.73,0.03,-0.02,0.03
-4.73,-0.54,0.77,0.03,-0.02,0.03
-4.73,-0.46,0.67,0.03,-0.02,0.03
-4.73,-0.56,0.73,0.03,-0.02,0.03
-4.79,-0.42,0.73,0.03,-0.02,0.03
-4.83,-0.46,0.75,0.03,-0.01,0.03
-4.92,-0.42,0.73,0.04,-0.01,0.03
-4.85,-0.4,0.8,0.04,-0.0,0.03
-4.87,-0.4,0.73,0.04,0.0,0.03
-4.88,-0.33,0.65,0.04,0.01,0.03
-4.85,-0.29,0.75,0.03,0.01,0.02
-4.81,-0.34,0.67,0.03,0.01,0.02
-4.83,-0.27,0.63,0.02,0.01,0.01
-4.79,-0.31,0.61,0.01,0.01,0.01
-4.79,-0.36,0.57,-0.0,0.01,0.01
-4.77,-0.34,0.67,-0.01,0.01,0.0
-4.81,-0.4,0.73,-0.02,0.01,-0.0
-4.81,-0.46,0.77,-0.03,0.01,-0.01
-4.81,-0.48,0.69,-0.03,0.0,-0.01
-4.83,-0.46,0.77,-0.03,0.0,-0.02
-4.83,-0.52,0.69,-0.02,-0.0,-0.02
-4.85,-0.48,0.67,-0.01,-0.01,-0.02
-4.88,-0.48,0.63,-0.01,-0.01,-0.02
-4.96,-0.38,0.67,-0.01,-0.01,-0.02
-4.9,-0.4,0.71,-0.01,-0.01,-0.02
-4.9,-0.42,0.63,-0.0,-0.01,-0.02
-4.88,-0.48,0.59,-0.0,-0.01,-0.01
-4.9,-0.5,0.63,-0.0,-0.01,-0.01
-4.85,-0.46,0.71,0.0,-0.01,-0.01
-4.85,-0.42,0.77,0.01,-0.01,-0.01
-4.83,-0.44,0.84,0.01,-0.01,-0.01
-4.85,-0.46,0.84,0.01,-0.01,-0.01
-4.85,-0.4,0.84,0.02,-0.0,-0.01
-4.9,-0.42,0.88,0.02,0.0,-0.01
-4.77,-0.44,0.9,0.02,0.0,-0.01
-4.81,-0.4,0.79,0.02,0.0,-0.01
-4.75,-0.4,0.77,0.02,0.0,-0.0
-4.71,-0.38,0.73,0.02,0.0,-0.0
-4.75,-0.36,0.8,0.01,-0.0,-0.0
-4.67,-0.42,0.75,0.01,-0.0,-0.0
-4.62,-0.38,0.71,0.0,-0.0,-0.0
-4.64,-0.4,0.71,-0.0,0.0,-0.01
-4.69,-0.44,0.75,-0.01,0.01,-0.01
-4.73,-0.44,0.77,-0.02,0.02,-0.02
-4.73,-0.5,0.73,-0.02,0.03,-0.02
-4.77,-0.48,0.79,-0.02,0.03,-0.02
-4.81,-0.46,0.79,-0.02,0.04,-0.02
-4.75,-0.44,0.75,-0.01,0.04,-0.01
-4.77,-0.48,0.84,-0.0,0.04,-0.01
-4.77,-0.4,0.75,-0.0,0.03,-0.01
-4.85,-0.44,0.69,-0.0,0.03,-0.01
-4.88,-0.38,0.75,-0.0,0.03,-0.02
-4.92,-0.44,0.73,-0.0,0.03,-0.02
-4.94,-0.36,0.71,-0.0,0.03,-0.01
-4.98,-0.38,0.8,-0.0,0.03,-0.01
-4.87,-0.38,0.8,-0.0,0.03,-0.01
-4.88,-0.46,0.75,-0.0,0.04,-0.01
-4.87,-0.42,0.77,-0.01,0.04,-0.01
-4.85,-0.44,0.75,-0.01,0.04,-0.01
-4.81,-0.46,0.67,-0.02,0.05,-0.02
-4.83,-0.46,0.73,-0.02,0.05,-0.02
-4.83,-0.46,0.75,-0.02,0.04,-0.02
-4.85,-0.5,0.82,-0.02,0.04,-0.02
-4.83,-0.4,0.77,-0.02,0.04,-0.02
-4.79,-0.46,0.69,-0.02,0.04,-0.02
-4.81,-0.4,0.65,-0.02,0.04,-0.02
-4.81,-0.44,0.57,-0.02,0.04,-0.02
-4.79,-0.52,0.71,-0.02,0.04,-0.03
-4.81,-0.48,0.75,-0.02,0.05,-0.03
-4.81,-0.59,0.82,-0.03,0.05,-0.03
-4.83,-0.56,0.79,-0.02,0.05,-0.03
-4.71,-0.61,0.77,-0.02,0.05,-0.03
-4.75,-0.56,0.84,-0.01,0.05,-0.03
-4.73,-0.54,0.73,0.0,0.06,-0.03
-4.73,-0.56,0.69,0.0,0.06,-0.04
-4.77,-0.56,0.69,-0.0,0.07,-0.04
-4.79,-0.56,0.75,-0.0,0.07,-0.04
-4.85,-0.52,0.79,-0.01,0.07,-0.05
-4.81,-0.46,0.8,-0.02,0.07,-0.05
-4.85,-0.52,0.77,-0.02,0.07,-0.05
-4.79,-0.52,0.73,-0.02,0.07,-0.05
-4.79,-0.44,0.71,-0.02,0.08,-0.06
-4.83,-0.48,0.67,-0.02,0.08,-0.06
-4.75,-0.57,0.59,-0.02,0.09,-0.06
-4.75,-0.59,0.57,-0.02,0.09,-0.06
-4.79,-0.69,0.61,-0.02,0.1,-0.07
-4.83,-0.59,0.57,-0.01,0.11,-0.07
-4.83,-0.59,0.71,-0.01,0.11,-0.07
-4.83,-0.61,0.84,-0.01,0.11,-0.08
-4.83,-0.57,0.8,-0.0,0.11,-0.08
-4.73,-0.59,0.84,-0.01,0.11,-0.08
-4.79,-0.48,0.71,-0.0,0.12,-0.09
-4.77,-0.46,0.63,-0.0,0.13,-0.1
-4.73,-0.56,0.52,-0.0,0.14,-0.1
-4.73,-0.54,0.42,-0.01,0.16,-0.11
-4.67,-0.63,0.4,-0.01,0.18,-0.12
-4.79,-0.61,0.42,-0.01,0.2,-0.12
-4.85,-0.61,0.42,-0.01,0.22,-0.13
-4.9,-0.56,0.33,-0.01,0.24,-0.13
-4.98,-0.67,0.54,-0.01,0.25,-0.14
-5.0,-0.63,0.52,-0.0,0.26,-0.15
-4.92,-0.73,0.59,0.0,0.27,-0.16
-4.85,-0.73,0.56,0.01,0.29,-0.17
-4.83,-0.84,0.65,0.01,0.29,-0.18
-4.75,-0.92,0.59,0.02,0.29,-0.19
-4.67,-0.92,0.69,0.03,0.28,-0.2
-4.69,-0.98,0.65,0.06,0.27,-0.21
-4.75,-0.94,0.63,0.09,0.25,-0.22
-4.81,-0.94,0.52,0.11,0.22,-0.22
-4.87,-0.84,0.54,0.14,0.2,-0.23
-4.77,-0.82,0.44,0.16,0.18,-0.23
-4.64,-0.65,0.36,0.17,0.17,-0.23
-4.62,-0.52,0.33,0.18,0.18,-0.23
-4.79,-0.29,0.38,0.18,0.21,-0.22
-4.81,-0.21,0.46,0.17,0.23,-0.22
-4.88,-0.13,0.4,0.17,0.25,-0.21
-5.06,-0.1,0.48,0.16,0.26,-0.21
-5.06,-0.08,0.34,0.15,0.27,-0.21
-5.09,-0.21,0.33,0.13,0.28,-0.22
-5.09,-0.19,0.33,0.11,0.29,-0.23
-5.06,-0.34,0.34,0.08,0.3,-0.23
-4.94,-0.42,0.36,0.05,0.3,-0.24
-5.06,-0.52,0.44,0.02,0.3,-0.25
-4.96,-0.71,0.56,0.01,0.3,-0.26
-4.88,-0.96,0.38,0.01,0.28,-0.26
-4.87,-1.03,0.29,0.02,0.27,-0.26
-4.79,-1.05,0.4,0.03,0.27,-0.26
-4.71,-1.15,0.27,0.04,0.27,-0.26
-4.67,-1.15,0.23,0.05,0.28,-0.26
-4.56,-1.05,0.23,0.06,0.29,-0.25
-4.44,-1.17,0.11,0.07,0.3,-0.25
-4.58,-1.05,0.27,0.07,0.31,-0.25
-4.62,-0.92,0.23,0.08,0.32,-0.25
-4.62,-0.94,0.21,0.08,0.32,-0.24
-4.79,-0.94,0.13,0.09,0.32,-0.24
-4.73,-0.9,0.0,0.09,0.31,-0.24
-4.88,-0.84,-0.04,0.09,0.32,-0.24
-4.98,-0.77,0.15,0.09,0.32,-0.24
-5.02,-0.73,0.15,0.08,0.31,-0.24
-5.02,-0.84,0.17,0.07,0.29,-0.23
-5.09,-0.84,0.21,0.07,0.27,-0.23
-5.04,-0.92,0.19,0.06,0.24,-0.24
-5.09,-0.98,0.1,0.07,0.2,-0.25
-5.13,-1.03,-0.02,0.07,0.18,-0.25
-5.13,-1.03,-0.06,0.07,0.16,-0.25
-5.11,-1.0,0.0,0.07,0.15,-0.25
-5.09,-0.96,-0.08,0.06,0.15,-0.25
-5.13,-0.8,-0.02,0.05,0.15,-0.26
-5.15,-0.82,0.17,0.04,0.15,-0.26
-5.09,-0.92,0.15,0.03,0.14,-0.26
-5.11,-0.98,0.13,0.02,0.13,-0.26
-5.11,-1.03,0.08,0.01,0.1,-0.27
-5.11,-1.13,0.19,0.01,0.08,-0.27
-5.04,-1.17,0.11,0.02,0.06,-0.27
-5.04,-1.17,0.08,0.02,0.05,-0.28
-5.04,-1.21,0.0,0.02,0.04,-0.28
-4.92,-1.23,-0.02,0.02,0.03,-0.28
-4.96,-1.15,-0.06,0.02,0.03,-0.28
-4.9,-1.24,-0.02,0.01,0.03,-0.29
-4.9,-1.28,-0.08,0.0,0.03,-0.29
-4.98,-1.28,0.0,-0.0,0.03,-0.29
-4.88,-1.3,0.13,-0.01,0.02,-0.3
-4.87,-1.34,0.13,-0.02,0.02,-0.3
-4.87,-1.4,-0.02,-0.02,0.0,-0.3
-4.9,-1.53,-0.1,-0.03,-0.01,-0.31
-4.88,-1.69,-0.06,-0.02,-0.02,-0.31
-4.81,-1.69,-0.08,-0.02,-0.03,-0.31
-4.81,-1.69,-0.06,-0.02,-0.04,-0.31
-4.75,-1.67,-0.04,-0.02,-0.05,-0.31
-4.71,-1.63,-0.06,-0.01,-0.06,-0.31
-4.67,-1.59,-0.02,-0.01,-0.07,-0.31
-4.71,-1.61,0.02,-0.01,-0.08,-0.31
-4.67,-1.51,-0.02,-0.01,-0.09,-0.31
-4.71,-1.55,0.06,-0.01,-0.1,-0.31
-4.75,-1.61,0.13,-0.01,-0.1,-0.31
-4.71,-1.59,0.1,-0.01,-0.12,-0.31
-4.77,-1.55,0.04,-0.01,-0.13,-0.31
-4.79,-1.69,-0.08,-0.01,-0.13,-0.31
-4.81,-1.7,-0.04,-0.02,-0.12,-0.31
-4.87,-1.8,0.1,-0.03,-0.11,-0.31
-4.77,-1.9,0.1,-0.03,-0.11,-0.31
-4.69,-1.88,0.0,-0.03,-0.12,-0.3
-4.62,-1.88,-0.02,-0.03,-0.12,-0.3
-4.71,-1.88,-0.02,-0.03,-0.11,-0.3
-4.65,-1.82,0.08,-0.04,-0.1,-0.3
-4.65,-1.9,-0.06,-0.04,-0.1,-0.3
-4.65,-1.93,0.0,-0.04,-0.1,-0.3
-4.62,-1.92,0.08,-0.04,-0.1,-0.3
-4.54,-1.86,0.06,-0.04,-0.1,-0.29
-4.46,-1.95,0.15,-0.05,-0.1,-0.29
-4.46,-1.97,0.17,-0.05,-0.11,-0.29
-4.37,-2.03,0.08,-0.06,-0.12,-0.28
-4.35,-1.99,0.17,-0.06,-0.13,-0.28
-4.41,-2.03,0.13,-0.06,-0.13,-0.28
-4.39,-2.09,0.13,-0.06,-0.14,-0.28
-4.42,-2.24,0.08,-0.05,-0.14,-0.27
-4.44,-2.24,0.04,-0.05,-0.14,-0.27
-4.42,-2.22,0.15,-0.05,-0.13,-0.27
-4.39,-2.18,0.1,-0.05,-0.11,-0.27
-4.35,-2.26,0.15,-0.05,-0.1,-0.27
-4.31,-2.18,0.17,-0.05,-0.09,-0.27
-4.35,-2.2,0.15,-0.05,-0.08,-0.27
-4.29,-2.24,0.11,-0.05,-0.07,-0.27
-4.33,-2.28,0.15,-0.05,-0.07,-0.27
-4.33,-2.38,0.15,-0.04,-0.07,-0.28
-4.41,-2.32,0.15,-0.04,-0.07,-0.28
-4.35,-2.34,0.17,-0.04,-0.07,-0.27
-4.33,-2.34,0.33,-0.04,-0.08,-0.27
-4.27,-2.36,0.25,-0.05,-0.09,-0.28
-4.27,-2.36,0.27,-0.06,-0.09,-0.28
-4.25,-2.39,0.23,-0.06,-0.1,-0.28
-4.16,-2.39,0.23,-0.06,-0.1,-0.28
-4.16,-2.36,0.21,-0.06,-0.1,-0.28
-4.1,-2.36,0.23,-0.06,-0.1,-0.29
-4.12,-2.38,0.15,-0.07,-0.1,-0.29
-4.1,-2.38,0.25,-0.07,-0.1,-0.3
-4.12,-2.45,0.19,-0.07,-0.1,-0.3
-4.12,-2.51,0.31,-0.07,-0.1,-0.31
-4.16,-2.53,0.25,-0.07,-0.1,-0.31
-4.27,-2.59,0.21,-0.06,-0.11,-0.31
-4.31,-2.59,0.17,-0.05,-0.11,-0.32
-4.33,-2.6,0.21,-0.03,-0.12,-0.31
-4.29,-2.57,0.21,-0.02,-0.12,-0.31
-4.27,-2.57,0.25,-0.02,-0.13,-0.3
-4.21,-2.51,0.23,-0.02,-0.13,-0.3
-4.18,-2.53,0.29,-0.03,-0.13,-0.3
-4.14,-2.55,0.33,-0.03,-0.13,-0.3
-4.14,-2.51,0.33,-0.03,-0.13,-0.3
-4.08,-2.45,0.4,-0.03,-0.14,-0.3
-4.0,-2.51,0.46,-0.03,-0.15,-0.3
-4.0,-2.49,0.56,-0.04,-0.15,-0.3
-3.98,-2.49,0.52,-0.04,-0.15,-0.3
-3.98,-2.53,0.63,-0.05,-0.16,-0.31
-4.04,-2.57,0.56,-0.05,-0.17,-0.31
-4.0,-2.59,0.38,-0.05,-0.18,-0.31
-4.02,-2.59,0.4,-0.06,-0.19,-0.32
-4.04,-2.64,0.29,-0.06,-0.18,-0.32
-4.06,-2.59,0.38,-0.05,-0.17,-0.32
-4.0,-2.6,0.52,-0.05,-0.16,-0.32
-3.96,-2.64,0.48,-0.05,-0.15,-0.31
-3.98,-2.6,0.56,-0.06,-0.14,-0.31
-3.95,-2.53,0.5,-0.06,-0.14,-0.3
-4.02,-2.55,0.57,-0.07,-0.15,-0.31
-4.04,-2.59,0.61,-0.07,-0.16,-0.3
-4.02,-2.57,0.54,-0.08,-0.17,-0.31
-4.08,-2.66,0.48,-0.08,-0.18,-0.3
-4.04,-2.7,0.52,-0.09,-0.19,-0.3
-4.0,-2.72,0.52,-0.09,-0.19,-0.3
-4.04,-2.74,0.52,-0.09,-0.19,-0.29
-4.0,-2.74,0.36,-0.09,-0.19,-0.29
-4.0,-2.7,0.52,-0.08,-0.18,-0.28
-3.95,-2.74,0.54,-0.09,-0.18,-0.28
-3.87,-2.7,0.67,-0.09,-0.18,-0.28
-3.87,-2.68,0.73,-0.09,-0.17,-0.27
-3.83,-2.72,0.67,-0.1,-0.17,-0.27
-3.89,-2.74,0.69,-0.1,-0.16,-0.27
-3.89,-2.85,0.71,-0.1,-0.17,-0.28
-3.93,-2.95,0.65,-0.09,-0.17,-0.28
-3.95,-2.89,0.54,-0.08,-0.18,-0.28
-3.96,-2.85,0.59,-0.07,-0.18,-0.28
-3.96,-2.83,0.57,-0.05,-0.18,-0.28
-3.93,-2.83,0.63,-0.05,-0.17,-0.28
-3.89,-2.85,0.61,-0.05,-0.17,-0.28
-3.81,-2.97,0.67,-0.05,-0.17,-0.28
-3.79,-2.93,0.71,-0.05,-0.16,-0.28
-3.81,-2.91,0.71,-0.06,-0.16,-0.28
-3.77,-2.93,0.67,-0.06,-0.15,-0.28
-3.77,-2.89,0.73,-0.06,-0.14,-0.28
-3.75,-2.87,0.88,-0.07,-0.13,-0.28
-3.68,-2.95,0.88,-0.08,-0.13,-0.28
-3.66,-3.08,0.86,-0.08,-0.13,-0.28
-3.7,-3.05,0.9,-0.08,-0.14,-0.28
-3.68,-3.05,0.8,-0.09,-0.14,-0.28
-3.72,-3.08,0.71,-0.09,-0.14,-0.29
-3.68,-3.2,0.54,-0.09,-0.12,-0.29
-3.81,-3.16,0.61,-0.08,-0.1,-0.29
-3.81,-3.1,0.65,-0.06,-0.08,-0.29
-3.77,-3.05,0.67,-0.06,-0.07,-0.29
-3.72,-3.05,0.77,-0.05,-0.06,-0.29
-3.75,-3.03,0.84,-0.05,-0.05,-0.28
-3.68,-2.99,0.86,-0.05,-0.06,-0.28
-3.68,-3.05,0.94,-0.05,-0.06,-0.28
-3.6,-3.06,0.98,-0.05,-0.08,-0.28
-3.56,-3.06,0.9,-0.05,-0.09,-0.28
-3.58,-3.1,0.94,-0.06,-0.1,-0.28
-3.62,-3.18,0.84,-0.06,-0.11,-0.28
-3.56,-3.18,0.96,-0.06,-0.11,-0.28
-3.58,-3.14,0.84,-0.05,-0.12,-0.28
-3.56,-3.14,0.98,-0.06,-0.12,-0.28
-3.51,-3.12,0.9,-0.06,-0.12,-0.27
-3.45,-3.16,0.94,-0.07,-0.12,-0.28
-3.37,-3.22,0.92,-0.07,-0.12,-0.28
-3.43,-3.2,0.92,-0.06,-0.11,-0.28
-3.39,-3.29,0.92,-0.06,-0.11,-0.28
-3.43,-3.31,0.84,-0.05,-0.12,-0.28
-3.41,-3.33,0.82,-0.04,-0.12,-0.28
-3.45,-3.37,0.82,-0.04,-0.12,-0.29
-3.37,-3.45,0.88,-0.03,-0.11,-0.29
-3.37,-3.45,0.82,-0.02,-0.11,-0.29
-3.37,-3.45,0.82,-0.01,-0.11,-0.29
-3.39,-3.35,0.82,-0.0,-0.11,-0.28
-3.37,-3.43,0.96,0.0,-0.11,-0.28
-3.35,-3.45,0.96,0.0,-0.1,-0.28
-3.33,-3.37,1.02,0.0,-0.1,-0.27
-3.22,-3.43,0.96,0.0,-0.09,-0.27
-3.16,-3.41,0.9,0.01,-0.09,-0.27
-3.08,-3.45,1.02,0.0,-0.09,-0.27
-3.06,-3.49,1.15,-0.0,-0.08,-0.27
-3.1,-3.47,1.03,-0.01,-0.08,-0.28
-3.08,-3.52,0.98,-0.02,-0.08,-0.28
-3.1,-3.6,1.07,-0.02,-0.08,-0.29
-3.08,-3.6,1.02,-0.02,-0.07,-0.29
-3.08,-3.54,1.03,-0.01,-0.07,-0.29
-2.95,-3.54,1.02,-0.01,-0.06,-0.29
-3.03,-3.52,1.02,-0.01,-0.05,-0.29
-2.99,-3.47,1.0,-0.01,-0.04,-0.29
-3.05,-3.49,0.94,-0.01,-0.04,-0.29
-3.01,-3.51,0.94,-0.01,-0.04,-0.28
-3.05,-3.52,0.94,-0.01,-0.04,-0.28
-3.06,-3.52,1.0,-0.01,-0.04,-0.28
-3.1,-3.54,1.0,-0.01,-0.04,-0.28
-3.14,-3.49,1.03,-0.01,-0.05,-0.27
-3.14,-3.56,1.09,-0.01,-0.05,-0.27
-3.08,-3.6,1.02,-0.01,-0.06,-0.27
-3.05,-3.6,1.03,-0.02,-0.06,-0.27
-3.05,-3.7,1.03,-0.02,-0.05,-0.27
-3.01,-3.72,1.21,-0.03,-0.05,-0.27
-2.95,-3.73,1.15,-0.03,-0.05,-0.26
-2.91,-3.72,1.13,-0.03,-0.05,-0.26
-2.83,-3.73,1.13,-0.03,-0.05,-0.26
-2.78,-3.81,1.05,-0.02,-0.05,-0.26
-2.74,-3.81,1.03,-0.01,-0.06,-0.26
-2.72,-3.83,1.0,-0.0,-0.07,-0.26
-2.72,-3.81,1.05,-0.0,-0.07,-0.26
-2.72,-3.79,1.11,0.0,-0.07,-0.27
-2.72,-3.72,0.98,0.0,-0.08,-0.27
-2.78,-3.7,0.92,0.0,-0.08,-0.27
-2.8,-3.7,0.88,-0.0,-0.08,-0.27
-2.85,-3.64,0.9,-0.01,-0.08,-0.27
-2.89,-3.66,0.84,-0.01,-0.08,-0.27
-2.85,-3.66,0.86,-0.02,-0.08,-0.27
-2.85,-3.75,1.0,-0.03,-0.07,-0.26
-2.78,-3.79,0.88,-0.05,-0.07,-0.26
-2.82,-3.85,0.9,-0.05,-0.07,-0.26
-2.76,-3.91,0.88,-0.06,-0.06,-0.26
-2.72,-3.98,0.98,-0.06,-0.07,-0.26
-2.66,-4.0,0.94,-0.06,-0.07,-0.26
-2.62,-4.0,0.9,-0.07,-0.07,-0.25
-2.57,-4.0,0.92,-0.07,-0.07,-0.25
-2.49,-4.04,0.94,-0.07,-0.06,-0.25
-2.57,-3.96,0.94,-0.06,-0.06,-0.25
-2.57,-3.96,0.86,-0.06,-0.06,-0.24
-2.51,-3.95,0.86,-0.05,-0.05,-0.24
-2.51,-3.95,0.86,-0.05,-0.05,-0.24
-2.49,-3.93,0.86,-0.06,-0.05,-0.24
-2.55,-3.89,0.88,-0.07,-0.05,-0.24
-2.66,-3.87,0.92,-0.07,-0.06,-0.24
-2.53,-3.87,0.86,-0.07,-0.06,-0.24
-2.62,-3.87,0.92,-0.07,-0.06,-0.23
-2.55,-3.91,0.82,-0.06,-0.06,-0.23
-2.51,-3.87,0.86,-0.06,-0.06,-0.23
-2.51,-3.95,0.84,-0.06,-0.07,-0.22
-2.43,-3.91,0.9,-0.06,-0.07,-0.22
-2.38,-3.93,0.92,-0.07,-0.08,-0.22
-2.38,-3.98,0.94,-0.07,-0.08,-0.22
-2.39,-4.04,1.0,-0.08,-0.08,-0.22
-2.32,-4.02,1.0,-0.08,-0.09,-0.22
-2.3,-4.1,1.0,-0.08,-0.09,-0.22
-2.2,-4.12,1.02,-0.08,-0.1,-0.23
-2.18,-4.14,1.0,-0.07,-0.1,-0.23
-2.2,-4.14,0.88,-0.06,-0.1,-0.24
-2.22,-4.1,0.88,-0.06,-0.1,-0.24
-2.22,-4.12,0.88,-0.05,-0.1,-0.25
-2.24,-4.16,0.86,-0.05,-0.1,-0.25
-2.3,-4.16,0.94,-0.05,-0.1,-0.26
-2.3,-4.1,0.96,-0.05,-0.1,-0.26
-2.32,-4.14,0.98,-0.05,-0.1,-0.26
-2.36,-4.14,0.98,-0.05,-0.09,-0.27
-2.3,-4.14,1.02,-0.05,-0.09,-0.27
-2.32,-4.21,1.03,-0.05,-0.09,-0.27
-2.36,-4.16,1.02,-0.05,-0.09,-0.27
-2.3,-4.19,0.98,-0.05,-0.09,-0.27
-2.26,-4.21,0.96,-0.05,-0.09,-0.27
-2.2,-4.25,0.98,-0.06,-0.09,-0.26
-2.16,-4.27,1.03,-0.05,-0.09,-0.26
-2.15,-4.29,0.92,-0.05,-0.08,-0.26
-2.16,-4.21,0.98,-0.04,-0.08,-0.26
-2.03,-4.16,1.0,-0.04,-0.07,-0.26
-1.99,-4.1,1.0,-0.04,-0.06,-0.26
-1.99,-4.1,1.03,-0.04,-0.05,-0.26
-1.99,-4.08,1.02,-0.03,-0.05,-0.26
-1.93,-4.12,0.96,-0.03,-0.04,-0.26
-1.93,-4.12,1.0,-0.04,-0.03,-0.26
-1.92,-4.19,1.03,-0.04,-0.02,-0.26
-1.92,-4.14,1.0,-0.04,-0.01,-0.26
-1.99,-4.18,1.02,-0.04,-0.01,-0.26
-1.99,-4.25,1.13,-0.04,-0.01,-0.26
-2.09,-4.23,1.03,-0.05,-0.01,-0.27
-2.13,-4.29,1.03,-0.05,-0.01,-0.26
-2.13,-4.31,1.09,-0.05,-0.01,-0.26
-2.03,-4.31,1.03,-0.05,-0.02,-0.26
-2.05,-4.27,1.19,-0.05,-0.02,-0.26
-1.95,-4.35,1.17,-0.05,-0.03,-0.26
-1.99,-4.35,1.24,-0.05,-0.03,-0.25
-1.9,-4.37,1.09,-0.05,-0.03,-0.25
-1.88,-4.39,0.96,-0.05,-0.03,-0.25
-1.82,-4.33,1.03,-0.04,-0.03,-0.26
-1.76,-4.31,1.02,-0.04,-0.03,-0.26
-1.74,-4.37,1.0,-0.04,-0.03,-0.26
-1.67,-4.33,1.09,-0.04,-0.03,-0.26
-1.69,-4.37,1.09,-0.05,-0.03,-0.27
-1.63,-4.39,1.13,-0.05,-0.03,-0.27
-1.65,-4.41,1.15,-0.05,-0.02,-0.28
-1.63,-4.39,1.05,-0.05,-0.02,-0.28
-1.61,-4.46,1.15,-0.04,-0.01,-0.28
-1.59,-4.42,1.03,-0.04,-0.01,-0.28
-1.61,-4.42,1.05,-0.03,-0.02,-0.28
-1.61,-4.42,1.07,-0.03,-0.02,-0.28
-1.67,-4.41,1.0,-0.02,-0.02,-0.28
-1.65,-4.37,1.0,-0.02,-0.02,-0.28
-1.69,-4.39,1.02,-0.02,-0.03,-0.29
-1.65,-4.39,0.96,-0.01,-0.03,-0.29
-1.61,-4.33,1.05,-0.01,-0.04,-0.29
-1.55,-4.39,1.09,-0.0,-0.04,-0.29
-1.47,-4.39,1.05,-0.0,-0.04,-0.29
-1.49,-4.39,1.17,-0.0,-0.05,-0.29
-1.49,-4.41,1.13,-0.01,-0.05,-0.29
-1.44,-4.44,1.11,-0.01,-0.05,-0.29
-1.42,-4.41,1.23,-0.02,-0.05,-0.29
-1.46,-4.37,1.13,-0.03,-0.05,-0.29
-1.44,-4.41,1.21,-0.03,-0.05,-0.29
-1.42,-4.44,1.21,-0.03,-0.05,-0.29
-1.44,-4.42,1.11,-0.03,-0.05,-0.29
-1.46,-4.42,1.0,-0.02,-0.05,-0.29
-1.36,-4.46,1.03,-0.02,-0.05,-0.29
-1.38,-4.46,1.09,-0.03,-0.05,-0.29
-1.44,-4.52,1.02,-0.03,-0.05,-0.29
-1.44,-4.56,1.02,-0.02,-0.05,-0.29
-1.46,-4.5,1.07,-0.01,-0.05,-0.3
-1.47,-4.58,1.02,-0.0,-0.05,-0.3
-1.47,-4.5,0.94,0.0,-0.05,-0.3
-1.46,-4.52,0.98,0.01,-0.05,-0.3
-1.46,-4.5,1.0,0.02,-0.05,-0.29
-1.46,-4.41,0.92,0.02,-0.05,-0.29
-1.4,-4.42,1.0,0.02,-0.05,-0.28
-1.4,-4.35,0.94,0.02,-0.04,-0.27
-1.38,-4.35,1.02,0.01,-0.04,-0.26
-1.3,-4.41,1.02,0.0,-0.04,-0.26
-1.26,-4.44,1.07,-0.01,-0.05,-0.25
-1.15,-4.5,1.11,-0.02,-0.05,-0.24
-1.17,-4.58,1.15,-0.03,-0.06,-0.23
-1.15,-4.64,1.11,-0.03,-0.06,-0.23
-1.15,-4.65,1.17,-0.02,-0.06,-0.24
-1.05,-4.69,1.13,-0.02,-0.06,-0.24
-0.98,-4.73,1.05,-0.01,-0.06,-0.23
-1.09,-4.69,1.07,-0.0,-0.06,-0.23
-1.03,-4.65,1.07,0.0,-0.05,-0.23
-1.05,-4.64,0.98,0.01,-0.04,-0.23
-1.11,-4.54,1.0,0.02,-0.03,-0.23
-1.17,-4.44,1.05,0.03,-0.02,-0.22
-1.09,-4.42,0.94,0.04,-0.01,-0.22
-1.09,-4.42,0.96,0.04,-0.01,-0.22
-1.05,-4.41,0.94,0.05,-0.0,-0.22
-1.05,-4.39,0.84,0.05,0.01,-0.23
-1.09,-4.41,0.9,0.05,0.01,-0.24
-1.17,-4.44,0.9,0.05,0.01,-0.24
-1.09,-4.44,1.0,0.05,0.01,-0.24
-1.13,-4.58,0.96,0.05,0.01,-0.24
-1.17,-4.54,0.96,0.05,0.02,-0.24
-1.21,-4.54,1.17,0.05,0.02,-0.23
-1.13,-4.6,1.11,0.06,0.01,-0.23
-1.15,-4.73,1.17,0.07,0.01,-0.22
-1.07,-4.73,1.17,0.07,0.0,-0.22
-1.09,-4.88,1.28,0.08,-0.0,-0.22
-1.09,-4.96,1.32,0.09,-0.01,-0.22
-1.09,-5.0,1.32,0.1,-0.02,-0.22
-1.17,-4.98,1.34,0.11,-0.03,-0.22
-1.24,-4.96,1.36,0.12,-0.03,-0.22
-1.19,-4.94,1.34,0.12,-0.03,-0.22
-1.21,-4.85,1.36,0.12,-0.04,-0.21
-1.17,-4.83,1.36,0.12,-0.05,-0.21
-1.02,-4.77,1.4,0.12,-0.06,-0.2
-0.92,-4.69,1.34,0.11,-0.06,-0.19
-0.75,-4.62,1.32,0.11,-0.06,-0.19
-0.63,-4.5,1.28,0.11,-0.06,-0.18
-0.57,-4.41,1.15,0.11,-0.06,-0.19
-0.48,-4.41,1.07,0.1,-0.06,-0.19
-0.46,-4.33,1.02,0.1,-0.05,-0.19
-0.34,-4.31,1.09,0.1,-0.04,-0.19
-0.11,-4.29,1.49,0.08,-0.04,-0.19
-0.25,-4.25,1.15,0.07,-0.03,-0.19
-0.23,-4.33,1.21,0.05,-0.04,-0.19
-0.19,-4.41,1.28,0.04,-0.04,-0.19
-0.21,-4.42,1.36,0.03,-0.04,-0.19
-0.23,-4.52,1.36,0.03,-0.03,-0.2
-0.36,-4.58,1.4,0.03,-0.03,-0.2
-0.4,-4.54,1.36,0.03,-0.03,-0.21
-0.48,-4.67,1.36,0.04,-0.04,-0.21
-0.57,-4.69,1.42,0.06,-0.04,-0.21
-0.56,-4.75,1.44,0.07,-0.04,-0.21
-0.52,-4.69,1.34,0.09,-0.05,-0.21
-0.52,-4.71,1.36,0.1,-0.05,-0.21
-0.52,-4.69,1.34,0.11,-0.05,-0.21
-0.46,-4.6,1.34,0.11,-0.05,-0.21
-0.42,-4.5,1.36,0.1,-0.04,-0.2
-0.36,-4.6,1.34,0.09,-0.04,-0.2
-0.31,-4.5,1.34,0.07,-0.04,-0.19
-0.27,-4.56,1.4,0.06,-0.04,-0.19
-0.19,-4.56,1.32,0.05,-0.04,-0.19
-0.17,-4.58,1.34,0.05,-0.04,-0.18
-0.17,-4.56,1.26,0.05,-0.03,-0.18
-0.15,-4.64,1.4,0.06,-0.03,-0.18
-0.13,-4.62,1.38,0.06,-0.02,-0.18
-0.15,-4.69,1.38,0.07,-0.02,-0.19
-0.19,-4.6,1.44,0.07,-0.02,-0.19
-0.15,-4.65,1.44,0.08,-0.01,-0.19
-0.15,-4.67,1.44,0.08,-0.01,-0.19
-0.19,-4.62,1.46,0.08,-0.01,-0.2
-0.21,-4.56,1.49,0.07,-0.01,-0.2
-0.29,-4.5,1.46,0.07,-0.01,-0.2
-0.27,-4.46,1.44,0.07,-0.01,-0.2
-0.34,-4.42,1.4,0.06,-0.01,-0.2
-0.23,-4.44,1.3,0.05,-0.01,-0.19
-0.27,-4.42,1.32,0.04,-0.01,-0.19
-0.19,-4.37,1.32,0.03,-0.01,-0.19
-0.21,-4.42,1.3,0.02,-0.01,-0.19
-0.17,-4.46,1.38,0.01,-0.02,-0.19
-0.15,-4.48,1.47,-0.0,-0.02,-0.2
-0.15,-4.58,1.47,-0.01,-0.03,-0.2
-0.11,-4.62,1.46,-0.02,-0.03,-0.21
-0.13,-4.62,1.46,-0.02,-0.02,-0.21
-0.1,-4.69,1.47,-0.01,-0.02,-0.21
-0.04,-4.75,1.49,-0.01,-0.01,-0.21
-0.02,-4.71,1.51,-0.0,0.01,-0.21
-0.04,-4.69,1.44,0.0,0.02,-0.21
0.06,-4.73,1.44,0.0,0.02,-0.22
0.04,-4.67,1.49,0.0,0.02,-0.22
0.06,-4.75,1.59,0.0,0.03,-0.22
0.06,-4.69,1.57,-0.0,0.03,-0.23
0.02,-4.65,1.55,-0.0,0.02,-0.23
0.04,-4.6,1.59,-0.0,0.02,-0.23
0.0,-4.6,1.57,0.01,0.02,-0.23
0.0,-4.62,1.55,0.01,0.02,-0.23
0.02,-4.69,1.51,0.02,0.02,-0.22
-0.02,-4.69,1.46,0.03,0.02,-0.22
0.02,-4.64,1.38,0.03,0.02,-0.22
-0.02,-4.58,1.44,0.03,0.02,-0.21
0.02,-4.62,1.46,0.03,0.02,-0.21
0.0,-4.58,1.42,0.03,0.03,-0.2
0.0,-4.62,1.46,0.03,0.03,-0.19
-0.06,-4.58,1.47,0.03,0.03,-0.18
0.0,-4.62,1.42,0.03,0.04,-0.17
0.02,-4.54,1.44,0.04,0.04,-0.16
0.11,-4.58,1.42,0.04,0.04,-0.15
0.11,-4.58,1.51,0.05,0.03,-0.14
0.23,-4.54,1.44,0.05,0.03,-0.14
0.29,-4.54,1.46,0.06,0.03,-0.13
0.38,-4.52,1.46,0.05,0.04,-0.13
0.34,-4.42,1.44,0.05,0.04,-0.13
0.34,-4.44,1.46,0.05,0.04,-0.12
0.44,-4.48,1.42,0.04,0.04,-0.12
0.42,-4.48,1.38,0.03,0.04,-0.12
0.4,-4.54,1.42,0.03,0.04,-0.12
0.36,-4.56,1.4,0.03,0.04,-0.11
0.42,-4.56,1.36,0.02,0.04,-0.11
0.4,-4.52,1.34,0.02,0.05,-0.11
0.42,-4.56,1.34,0.02,0.05,-0.11
0.4,-4.58,1.38,0.02,0.05,-0.11
0.42,-4.56,1.42,0.02,0.06,-0.1
0.42,-4.48,1.34,0.01,0.06,-0.11
0.36,-4.46,1.36,0.01,0.06,-0.1
0.38,-4.46,1.36,-0.0,0.06,-0.11
0.48,-4.5,1.32,-0.01,0.06,-0.11
0.4,-4.48,1.32,-0.01,0.06,-0.11
0.4,-4.5,1.42,-0.01,0.06,-0.1
0.38,-4.42,1.38,-0.02,0.06,-0.1
0.46,-4.46,1.36,-0.01,0.06,-0.09
0.4,-4.48,1.38,-0.01,0.06,-0.09
0.48,-4.46,1.46,-0.01,0.06,-0.08
0.44,-4.52,1.46,-0.01,0.06,-0.08
0.5,-4.52,1.38,-0.01,0.05,-0.08
0.44,-4.46,1.4,-0.01,0.05,-0.08
0.38,-4.48,1.38,-0.02,0.05,-0.08
0.44,-4.46,1.4,-0.02,0.05,-0.08
0.42,-4.56,1.42,-0.02,0.05,-0.08
0.46,-4.46,1.4,-0.02,0.05,-0.08
0.4,-4.46,1.36,-0.02,0.05,-0.07
0.4,-4.46,1.38,-0.02,0.05,-0.07
0.38,-4.48,1.36,-0.01,0.05,-0.06
0.34,-4.5,1.36,-0.01,0.05,-0.06
0.33,-4.52,1.47,-0.01,0.05,-0.06
0.34,-4.48,1.42,-0.02,0.05,-0.06
0.27,-4.52,1.4,-0.02,0.05,-0.05
0.27,-4.48,1.46,-0.03,0.05,-0.05
0.27,-4.48,1.55,-0.03,0.05,-0.05
0.33,-4.56,1.44,-0.04,0.04,-0.05
0.23,-4.5,1.59,-0.04,0.04,-0.04
0.29,-4.5,1.57,-0.04,0.04,-0.04
0.23,-4.48,1.57,-0.04,0.04,-0.04
0.25,-4.48,1.47,-0.04,0.04,-0.04
0.33,-4.48,1.47,-0.04,0.05,-0.03
0.31,-4.54,1.46,-0.03,0.05,-0.03
0.34,-4.56,1.51,-0.03,0.06,-0.03
0.31,-4.52,1.53,-0.03,0.06,-0.03
0.31,-4.52,1.49,-0.03,0.05,-0.02
0.33,-4.48,1.57,-0.02,0.05,-0.03
0.29,-4.44,1.53,-0.02,0.04,-0.03
0.27,-4.41,1.55,-0.02,0.03,-0.03
0.31,-4.44,1.51,-0.03,0.02,-0.02
0.31,-4.5,1.53,-0.03,0.02,-0.02
0.25,-4.44,1.53,-0.04,0.01,-0.02
0.25,-4.52,1.55,-0.04,0.01,-0.02
0.29,-4.52,1.51,-0.04,0.01,-0.01
0.25,-4.56,1.47,-0.04,0.01,-0.01
0.23,-4.52,1.49,-0.04,0.0,-0.01
0.27,-4.62,1.46,-0.03,0.0,-0.01
0.15,-4.58,1.47,-0.03,0.01,-0.01
0.29,-4.56,1.42,-0.03,0.01,-0.01
0.17,-4.56,1.4,-0.03,0.01,-0.01
0.17,-4.56,1.42,-0.03,0.02,-0.01
0.17,-4.54,1.44,-0.03,0.02,-0.01
0.17,-4.58,1.4,-0.04,0.02,-0.01
0.23,-4.62,1.46,-0.04,0.02,-0.0
0.23,-4.65,1.4,-0.04,0.01,-0.0
0.21,-4.64,1.44,-0.03,0.01,0.0
0.27,-4.62,1.44,-0.03,0.01,0.0
0.23,-4.58,1.46,-0.02,0.01,0.0
0.25,-4.62,1.49,-0.01,0.02,0.0
0.25,-4.6,1.38,-0.01,0.02,0.01
0.23,-4.52,1.44,-0.0,0.01,0.01
0.25,-4.56,1.38,-0.01,0.01,0.01
0.21,-4.52,1.42,-0.01,0.01,0.0
0.23,-4.54,1.4,-0.01,0.0,0.0
0.25,-4.52,1.36,-0.02,-0.0,0.0
0.17,-4.52,1.36,-0.02,-0.0,0.0
0.19,-4.54,1.36,-0.02,-0.0,0.0
0.17,-4.54,1.38,-0.02,-0.0,0.0
0.17,-4.58,1.42,-0.02,-0.01,0.0
0.13,-4.58,1.4,-0.02,-0.01,0.0
0.19,-4.6,1.38,-0.02,-0.01,0.0
0.15,-4.58,1.34,-0.01,-0.01,0.01
0.23,-4.62,1.36,-0.01,-0.0,0.01
0.25,-4.6,1.42,-0.01,-0.0,0.01
0.25,-4.62,1.4,-0.0,0.0,0.02
0.25,-4.52,1.32,0.0,0.0,0.02
0.27,-4.54,1.4,0.0,0.0,0.02
0.25,-4.56,1.42,0.0,0.0,0.03
0.27,-4.58,1.38,0.0,-0.0,0.03
0.27,-4.52,1.4,-0.0,-0.0,0.03
0.27,-4.56,1.4,-0.01,-0.0,0.03
0.27,-4.6,1.42,-0.01,-0.01,0.03
0.29,-4.56,1.49,-0.01,-0.0,0.02
0.27,-4.62,1.47,-0.0,-0.0,0.02
0.27,-4.56,1.46,0.0,0.0,0.02
0.27,-4.56,1.44,0.01,0.0,0.02
0.27,-4.52,1.46,0.01,0.0,0.02
0.25,-4.54,1.42,0.01,0.0,0.03
0.21,-4.52,1.44,0.01,-0.0,0.02
0.21,-4.5,1.44,0.0,-0.01,0.03
0.17,-4.5,1.46,-0.0,-0.01,0.03
0.17,-4.5,1.42,-0.01,-0.02,0.03
0.17,-4.48,1.36,-0.01,-0.02,0.03
0.25,-4.48,1.38,-0.01,-0.02,0.03
0.21,-4.48,1.38,-0.01,-0.02,0.03
0.23,-4.44,1.34,-0.01,-0.02,0.03
0.25,-4.48,1.4,-0.01,-0.02,0.03
0.31,-4.52,1.4,-0.01,-0.02,0.03
0.27,-4.52,1.4,-0.01,-0.02,0.03
0.25,-4.54,1.44,-0.01,-0.02,0.03
0.21,-4.52,1.46,-0.0,-0.02,0.03
0.27,-4.58,1.44,-0.0,-0.02,0.03
0.31,-4.6,1.47,-0.0,-0.02,0.03
0.31,-4.58,1.42,-0.0,-0.02,0.03
0.31,-4.58,1.4,-0.0,-0.02,0.03
0.33,-4.64,1.4,-0.01,-0.02,0.03
0.27,-4.6,1.36,-0.01,-0.02,0.03
0.33,-4.58,1.38,-0.01,-0.01,0.03
0.25,-4.62,1.4,-0.01,-0.01,0.03
0.34,-4.64,1.46,-0.01,-0.01,0.03
0.25,-4.62,1.46,-0.0,-0.0,0.03
0.34,-4.62,1.44,0.0,-0.0,0.03
0.33,-4.58,1.42,0.0,-0.0,0.03
0.31,-4.6,1.4,0.0,-0.0,0.02
0.31,-4.52,1.42,0.01,-0.0,0.02
0.31,-4.5,1.4,0.01,-0.0,0.02
0.31,-4.5,1.47,0.01,-0.0,0.02
0.25,-4.52,1.38,0.01,-0.0,0.02
0.33,-4.5,1.4,0.01,-0.0,0.01
0.29,-4.52,1.53,0.0,-0.0,0.02
0.21,-4.52,1.36,0.0,0.0,0.02
0.25,-4.52,1.46,0.0,0.0,0.02
0.21,-4.5,1.4,0.0,0.0,0.02
0.23,-4.54,1.38,0.0,0.01,0.02
0.21,-4.52,1.42,0.0,0.01,0.02
0.25,-4.58,1.42,0.0,0.01,0.02
0.21,-4.52,1.42,0.0,0.01,0.02
0.21,-4.56,1.42,0.0,0.01,0.02
0.19,-4.56,1.42,0.0,0.01,0.01
0.19,-4.62,1.42,0.0,0.01,0.01
0.19,-4.58,1.46,0.0,0.01,0.01
0.21,-4.65,1.4,0.0,0.01,0.01
0.15,-4.6,1.44,0.0,0.02,0.01
0.23,-4.62,1.46,0.01,0.02,0.01
0.17,-4.64,1.46,0.01,0.03,0.01
0.23,-4.58,1.44,0.01,0.03,0.02
0.25,-4.67,1.46,0.0,0.03,0.02
0.23,-4.6,1.44,0.01,0.03,0.02
0.19,-4.67,1.4,0.01,0.03,0.02
0.27,-4.56,1.42,0.01,0.03,0.02
0.27,-4.58,1.34,0.01,0.03,0.02
0.25,-4.56,1.4,0.01,0.03,0.01
0.25,-4.54,1.51,0.01,0.03,0.01
0.27,-4.5,1.42,0.01,0.03,0.01
0.25,-4.52,1.4,0.02,0.02,0.01
0.21,-4.5,1.44,0.02,0.02,0.01
0.25,-4.48,1.42,0.02,0.02,0.01
0.19,-4.54,1.4,0.02,0.02,0.01
0.25,-4.5,1.4,0.02,0.02,0.01
0.21,-4.52,1.4,0.01,0.02,0.01
0.23,-4.58,1.4,0.01,0.02,0.0
0.27,-4.54,1.47,0.0,0.02,0.0
0.23,-4.6,1.53,0.0,0.02,0.0
0.23,-4.56,1.46,0.0,0.02,0.0
0.23,-4.56,1.42,0.0,0.02,0.0
0.21,-4.6,1.49,0.0,0.02,0.0
0.27,-4.58,1.42,0.0,0.02,0.0
0.23,-4.6,1.44,0.01,0.02,0.0
0.27,-4.62,1.44,0.0,0.03,0.0
0.25,-4.56,1.46,0.0,0.03,0.0
0.21,-4.56,1.47,0.0,0.03,0.0
0.21,-4.6,1.4,0.0,0.03,0.0
0.27,-4.65,1.47,0.0,0.03,0.0
0.25,-4.58,1.44,0.0,0.03,0.0
0.27,-4.62,1.47,0.01,0.03,-0.0
0.29,-4.54,1.47,0.01,0.03,-0.0
0.21,-4.58,1.51,0.01,0.04,-0.0
0.19,-4.54,1.47,0.01,0.03,0.0
0.21,-4.52,1.47,0.01,0.03,-0.0
0.25,-4.56,1.42,0.01,0.03,-0.0
0.25,-4.48,1.47,0.01,0.03,-0.0
0.29,-4.48,1.42,0.01,0.03,0.0
0.31,-4.5,1.51,0.01,0.03,-0.0
0.25,-4.44,1.42,0.01,0.03,-0.0
0.25,-4.48,1.46,0.01,0.03,-0.0
0.23,-4.46,1.46,0.01,0.03,-0.0
0.25,-4.48,1.46,0.01,0.03,-0.0
0.27,-4.44,1.46,0.0,0.03,-0.0
0.27,-4.5,1.44,-0.0,0.03,-0.0
0.27,-4.5,1.51,-0.0,0.03,-0.0
0.27,-4.54,1.42,-0.01,0.03,-0.0
0.33,-4.5,1.46,-0.01,0.03,-0.0
0.34,-4.56,1.44,-0.01,0.03,-0.0
0.27,-4.58,1.49,-0.01,0.03,0.0
0.29,-4.52,1.47,-0.01,0.03,0.0
0.31,-4.5,1.44,-0.01,0.03,0.0
0.31,-4.58,1.44,-0.0,0.03,0.01
0.29,-4.52,1.42,-0.01,0.03,0.01
0.27,-4.56,1.49,-0.01,0.03,0.0
0.27,-4.64,1.49,-0.01,0.03,0.0
0.25,-4.6,1.53,-0.01,0.03,0.0
0.23,-4.58,1.42,-0.01,0.03,-0.0
0.33,-4.58,1.49,-0.0,0.03,-0.0
0.31,-4.58,1.49,-0.0,0.03,-0.0
0.27,-4.58,1.49,0.0,0.04,-0.0
0.27,-4.6,1.51,0.0,0.04,-0.0
0.21,-4.56,1.47,0.0,0.04,-0.0
0.31,-4.58,1.47,0.0,0.04,-0.0
0.29,-4.58,1.53,0.0,0.04,-0.0
0.31,-4.56,1.51,0.0,0.04,0.0
0.29,-4.58,1.44,0.0,0.04,-0.0
0.25,-4.52,1.42,0.0,0.04,0.0
0.27,-4.52,1.49,0.0,0.04,0.0
0.25,-4.54,1.44,0.0,0.04,0.0
0.21,-4.5,1.46,-0.0,0.04,0.0
0.21,-4.5,1.51,-0.0,0.04,0.0
0.29,-4.52,1.47,-0.0,0.04,0.0
0.21,-4.56,1.57,-0.0,0.03,0.0
0.25,-4.54,1.49,-0.01,0.03,0.0
0.23,-4.52,1.51,-0.01,0.03,0.0
0.17,-4.52,1.49,-0.01,0.03,0.0
