accX,accY,accZ,gyroX,gyroY,gyroZ
-0.21,-4.52,1.76,-0.01,0.04,-0.0
-0.21,-4.52,1.78,-0.01,0.04,-0.0
-0.19,-4.5,1.8,-0.0,0.04,-0.0
-0.25,-4.52,1.82,-0.0,0.04,-0.0
-0.25,-4.52,1.8,-0.0,0.04,-0.0
-0.21,-4.52,1.8,-0.0,0.04,-0.0
-0.23,-4.46,1.72,-0.0,0.04,-0.0
-0.17,-4.56,1.78,-0.0,0.04,-0.0
-0.17,-4.56,1.76,-0.0,0.03,-0.0
-0.25,-4.5,1.82,-0.0,0.03,-0.0
-0.23,-4.5,1.86,-0.01,0.03,-0.0
-0.23,-4.52,1.84,-0.01,0.03,-0.0
-0.23,-4.52,1.8,-0.01,0.03,-0.0
-0.23,-4.54,1.76,-0.01,0.03,-0.0
-0.19,-4.48,1.88,-0.01,0.03,-0.0
-0.27,-4.56,1.86,-0.01,0.03,-0.0
-0.19,-4.52,1.82,-0.01,0.03,-0.0
-0.23,-4.5,1.8,-0.01,0.03,-0.0
-0.27,-4.48,1.78,-0.01,0.03,-0.0
-0.21,-4.56,1.76,-0.01,0.03,-0.0
-0.23,-4.5,1.76,-0.01,0.04,-0.0
-0.25,-4.56,1.82,-0.0,0.04,-0.0
-0.23,-4.52,1.8,-0.0,0.03,-0.0
-0.23,-4.54,1.82,-0.0,0.03,0.0
-0.29,-4.5,1.76,-0.0,0.03,-0.0
-0.23,-4.6,1.88,-0.0,0.03,-0.0
-0.25,-4.5,1.82,-0.0,0.03,-0.0
-0.27,-4.52,1.82,-0.0,0.03,-0.0
-0.19,-4.56,1.84,-0.01,0.03,-0.0
-0.29,-4.5,1.8,-0.01,0.03,-0.0
-0.25,-4.54,1.84,-0.01,0.03,-0.0
-0.21,-4.56,1.69,-0.01,0.03,0.0
-0.19,-4.58,1.76,-0.0,0.03,-0.0
-0.31,-4.54,1.84,-0.0,0.03,-0.0
-0.29,-4.5,1.8,0.0,0.03,-0.0
-0.25,-4.52,1.82,-0.0,0.03,-0.0
-0.23,-4.48,1.76,-0.0,0.03,-0.0
-0.31,-4.5,1.8,-0.0,0.03,-0.0
-0.25,-4.46,1.84,-0.0,0.03,-0.0
-0.27,-4.52,1.67,-0.0,0.03,-0.0
-0.29,-4.48,1.84,-0.0,0.03,-0.0
-0.29,-4.54,1.74,-0.01,0.03,-0.0
-0.27,-4.56,1.78,-0.01,0.03,-0.0
-0.17,-4.58,1.8,-0.01,0.03,-0.0
-0.23,-4.58,1.74,-0.0,0.03,-0.0
-0.25,-4.52,1.84,-0.0,0.03,-0.0
-0.23,-4.52,1.78,-0.0,0.03,-0.0
-0.17,-4.56,1.8,0.0,0.03,0.0
-0.23,-4.52,1.74,0.0,0.03,0.0
-0.27,-4.46,1.78,0.0,0.04,0.0
-0.27,-4.5,1.69,-0.0,0.04,0.0
-0.25,-4.52,1.82,-0.0,0.04,-0.0
-0.27,-4.5,1.78,-0.0,0.04,-0.0
-0.27,-4.56,1.8,-0.0,0.04,-0.0
-0.21,-4.58,1.88,-0.0,0.04,-0.0
-0.21,-4.52,1.8,0.0,0.03,-0.0
-0.17,-4.54,1.82,-0.0,0.03,0.0
-0.19,-4.54,1.76,-0.0,0.03,0.0
-0.27,-4.52,1.74,-0.0,0.03,0.0
-0.25,-4.52,1.72,0.0,0.03,0.0
-0.21,-4.46,1.82,0.0,0.03,0.0
-0.25,-4.48,1.76,0.0,0.03,0.0
-0.15,-4.58,1.8,0.0,0.03,0.0
-0.13,-4.56,1.69,0.0,0.04,0.0
-0.17,-4.52,1.74,0.0,0.04,0.0
-0.15,-4.54,1.74,-0.0,0.04,0.0
-0.13,-4.42,1.78,-0.0,0.04,0.0
-0.1,-4.5,1.82,-0.01,0.04,0.0
-0.15,-4.56,1.78,-0.01,0.04,0.0
-0.11,-4.64,1.82,-0.01,0.04,0.0
-0.15,-4.54,1.74,-0.01,0.04,0.0
-0.08,-4.54,1.76,-0.0,0.04,0.0
-0.11,-4.52,1.8,0.0,0.04,0.0
-0.08,-4.44,1.76,0.0,0.04,0.0
-0.06,-4.5,1.61,0.01,0.04,0.0
-0.21,-4.56,1.76,0.01,0.04,-0.0
-0.11,-4.48,1.7,0.0,0.04,0.0
-0.13,-4.6,1.8,-0.0,0.04,0.0
-0.17,-4.52,1.78,-0.0,0.04,0.0
-0.25,-4.54,1.84,-0.0,0.04,0.0
-0.17,-4.56,1.8,0.0,0.05,0.0
-0.23,-4.48,1.86,0.0,0.04,0.0
-0.17,-4.42,1.82,0.0,0.05,0.0
-0.19,-4.46,1.84,0.0,0.05,0.0
-0.25,-4.39,1.82,-0.0,0.05,0.01
-0.23,-4.44,1.82,-0.01,0.05,0.01
-0.21,-4.48,1.76,-0.01,0.05,0.01
-0.21,-4.5,1.86,-0.01,0.05,0.0
-0.29,-4.44,1.8,-0.01,0.05,0.0
-0.23,-4.5,1.84,-0.01,0.05,0.01
-0.25,-4.52,1.84,-0.01,0.04,0.0
-0.34,-4.56,1.86,-0.01,0.04,0.0
-0.33,-4.54,1.9,-0.01,0.05,0.0
-0.29,-4.52,1.93,-0.0,0.04,0.0
-0.33,-4.5,1.84,-0.0,0.04,0.0
-0.31,-4.48,1.9,-0.0,0.05,0.0
-0.34,-4.46,1.84,-0.0,0.05,0.0
-0.36,-4.48,1.86,-0.01,0.05,0.0
-0.34,-4.48,1.82,-0.01,0.05,0.0
-0.33,-4.46,1.82,-0.0,0.05,0.0
-0.36,-4.5,1.76,-0.01,0.05,0.0
-0.34,-4.58,1.74,-0.01,0.05,0.0
-0.34,-4.54,1.86,-0.01,0.04,0.0
-0.36,-4.56,1.82,-0.01,0.04,0.0
-0.33,-4.52,1.82,-0.01,0.04,0.0
-0.27,-4.46,1.8,-0.0,0.04,0.0
-0.34,-4.5,1.82,-0.0,0.04,0.0
-0.33,-4.52,1.84,-0.0,0.04,0.0
-0.31,-4.52,1.8,-0.0,0.04,0.01
-0.31,-4.52,1.76,-0.0,0.04,0.0
-0.27,-4.5,1.78,-0.0,0.04,0.0
-0.23,-4.52,1.78,-0.0,0.04,0.0
-0.29,-4.52,1.84,-0.0,0.04,0.01
-0.29,-4.48,1.8,-0.0,0.04,0.0
-0.31,-4.5,1.82,-0.0,0.04,0.0
-0.23,-4.5,1.74,-0.0,0.04,0.0
-0.21,-4.58,1.74,-0.0,0.04,0.0
-0.27,-4.56,1.74,-0.0,0.03,0.0
-0.25,-4.56,1.74,-0.0,0.03,0.0
-0.21,-4.5,1.72,-0.01,0.03,0.0
-0.25,-4.54,1.74,-0.0,0.03,-0.0
-0.27,-4.54,1.7,-0.0,0.03,-0.0
-0.21,-4.56,1.7,-0.0,0.03,-0.0
-0.23,-4.56,1.72,-0.0,0.03,-0.0
-0.23,-4.56,1.72,-0.0,0.03,-0.0
-0.19,-4.6,1.82,-0.0,0.03,-0.0
-0.19,-4.58,1.74,-0.0,0.03,-0.0
-0.21,-4.46,1.84,-0.0,0.03,-0.0
-0.19,-4.54,1.82,-0.0,0.04,-0.0
-0.19,-4.48,1.84,-0.0,0.04,-0.0
-0.23,-4.56,1.78,-0.0,0.04,-0.01
-0.23,-4.54,1.84,-0.0,0.04,-0.0
-0.19,-4.54,1.9,-0.0,0.04,-0.0
-0.17,-4.52,1.74,-0.0,0.03,-0.0
-0.27,-4.54,1.84,-0.0,0.04,-0.0
-0.17,-4.5,1.82,-0.0,0.04,-0.0
-0.23,-4.46,1.84,-0.0,0.04,-0.01
-0.21,-4.48,1.86,-0.0,0.04,-0.01
-0.11,-4.5,1.8,-0.01,0.04,-0.01
-0.17,-4.5,1.8,-0.01,0.04,-0.0
-0.15,-4.54,1.8,-0.01,0.04,-0.0
-0.21,-4.52,1.72,-0.01,0.04,-0.0
-0.17,-4.56,1.84,-0.01,0.04,-0.0
-0.19,-4.54,1.8,-0.01,0.04,-0.0
-0.27,-4.48,1.86,-0.01,0.04,-0.0
-0.23,-4.5,1.86,-0.01,0.04,-0.0
-0.23,-4.5,1.84,-0.01,0.04,-0.0
-0.31,-4.54,1.82,-0.01,0.04,-0.0
-0.27,-4.5,1.84,-0.01,0.04,-0.0
-0.25,-4.52,1.82,-0.01,0.04,-0.0
-0.25,-4.44,1.82,-0.01,0.04,-0.0
-0.31,-4.48,1.8,-0.01,0.04,-0.0
-0.33,-4.52,1.93,-0.01,0.04,-0.0
-0.31,-4.5,1.82,-0.01,0.04,-0.0
-0.21,-4.54,1.78,-0.01,0.04,-0.0
-0.31,-4.54,1.82,-0.01,0.04,-0.0
-0.29,-4.54,1.95,-0.01,0.04,-0.0
-0.29,-4.56,1.78,-0.01,0.04,-0.0
-0.31,-4.52,1.8,-0.01,0.04,-0.0
-0.25,-4.54,1.72,-0.01,0.04,-0.0
-0.29,-4.52,1.76,-0.01,0.04,-0.0
-0.31,-4.52,1.82,-0.01,0.04,-0.0
-0.29,-4.52,1.76,-0.01,0.03,-0.0
-0.25,-4.48,1.74,-0.01,0.03,-0.0
-0.33,-4.52,1.78,-0.02,0.03,0.0
-0.31,-4.54,1.76,-0.02,0.03,-0.0
-0.25,-4.5,1.78,-0.01,0.03,-0.0
-0.27,-4.54,1.82,-0.01,0.03,0.0
-0.29,-4.56,1.78,-0.01,0.03,0.0
-0.25,-4.58,1.8,-0.01,0.03,0.0
-0.27,-4.58,1.78,-0.01,0.03,-0.0
-0.27,-4.54,1.74,-0.01,0.03,0.0
-0.31,-4.54,1.72,-0.01,0.03,0.0
-0.27,-4.5,1.78,-0.01,0.03,0.0
-0.31,-4.5,1.86,-0.01,0.03,0.0
-0.25,-4.54,1.78,-0.01,0.03,0.0
-0.25,-4.54,1.78,-0.01,0.03,0.0
-0.29,-4.56,1.76,-0.01,0.03,-0.0
-0.23,-4.62,1.88,-0.01,0.03,-0.0
-0.27,-4.56,1.72,-0.0,0.02,-0.0
-0.27,-4.6,1.78,-0.0,0.03,-0.0
-0.29,-4.52,1.65,0.0,0.03,-0.0
-0.29,-4.58,1.69,0.0,0.03,-0.0
-0.29,-4.52,1.7,0.0,0.03,-0.0
-0.17,-4.6,1.8,0.0,0.03,-0.0
-0.17,-4.64,1.76,0.0,0.03,0.0
-0.08,-4.64,1.8,0.0,0.03,0.0
-0.19,-4.54,1.8,-0.0,0.03,0.01
-0.15,-4.46,1.82,-0.01,0.04,0.01
-0.08,-4.37,1.82,-0.01,0.04,0.0
-0.02,-4.35,1.78,-0.02,0.04,-0.0
-0.17,-4.35,1.7,-0.02,0.03,-0.01
-0.13,-4.37,1.8,-0.03,0.03,-0.01
-0.17,-4.39,1.67,-0.03,0.03,-0.02
-0.17,-4.46,1.72,-0.04,0.03,-0.02
-0.27,-4.52,1.8,-0.04,0.03,-0.02
-0.27,-4.58,1.82,-0.04,0.03,-0.02
-0.31,-4.62,1.9,-0.03,0.03,-0.01
-0.25,-4.65,1.92,-0.02,0.04,-0.01
-0.25,-4.73,1.9,-0.02,0.04,-0.0
-0.25,-4.62,1.97,-0.01,0.05,0.0
-0.23,-4.64,1.93,-0.01,0.05,0.01
-0.29,-4.48,1.86,-0.0,0.05,0.01
-0.29,-4.42,1.8,-0.0,0.05,0.0
-0.23,-4.44,1.7,-0.0,0.05,0.0
-0.29,-4.41,1.76,-0.0,0.04,-0.0
-0.23,-4.39,1.74,-0.0,0.04,-0.01
-0.29,-4.44,1.72,-0.0,0.04,-0.01
-0.23,-4.48,1.76,-0.0,0.04,-0.01
-0.29,-4.52,1.7,-0.0,0.04,-0.01
-0.31,-4.56,1.78,-0.0,0.04,-0.01
-0.31,-4.62,1.7,-0.0,0.04,-0.01
-0.33,-4.64,1.78,-0.0,0.04,-0.01
-0.33,-4.58,1.74,-0.0,0.04,-0.01
-0.27,-4.64,1.76,0.0,0.04,-0.01
-0.33,-4.54,1.76,0.0,0.04,-0.01
-0.31,-4.52,1.78,0.0,0.03,-0.01
-0.29,-4.54,1.78,0.0,0.03,-0.0
-0.31,-4.52,1.72,0.0,0.03,-0.0
-0.25,-4.5,1.74,0.0,0.03,0.0
-0.23,-4.54,1.72,0.0,0.03,0.0
-0.27,-4.52,1.67,0.01,0.03,0.0
-0.27,-4.56,1.69,0.01,0.03,0.0
-0.27,-4.52,1.82,0.01,0.03,0.0
-0.23,-4.52,1.78,0.01,0.03,0.0
-0.19,-4.48,1.8,0.01,0.03,0.0
-0.15,-4.52,1.88,0.01,0.03,0.0
-0.17,-4.48,1.78,0.0,0.03,0.0
-0.19,-4.54,1.8,0.0,0.03,0.0
-0.17,-4.56,1.8,0.0,0.03,-0.0
-0.21,-4.44,1.82,0.0,0.03,-0.0
-0.15,-4.56,1.88,0.0,0.04,-0.0
-0.17,-4.44,1.61,0.0,0.04,-0.0
-0.19,-4.56,1.82,0.0,0.04,-0.0
-0.17,-4.54,1.86,0.0,0.04,-0.0
-0.17,-4.58,1.84,0.01,0.04,-0.0
-0.15,-4.5,1.88,0.01,0.04,-0.0
-0.17,-4.52,1.88,0.0,0.04,-0.0
-0.13,-4.5,1.84,0.0,0.04,-0.0
-0.15,-4.46,1.86,0.0,0.04,-0.0
-0.19,-4.5,1.82,0.0,0.04,-0.0
-0.19,-4.42,1.9,-0.0,0.04,-0.0
-0.15,-4.44,1.78,-0.0,0.04,-0.0
-0.19,-4.54,1.76,-0.0,0.04,-0.0
-0.15,-4.46,2.05,-0.01,0.04,-0.0
-0.13,-4.46,1.8,-0.01,0.04,-0.01
-0.33,-4.52,1.82,-0.01,0.04,-0.0
-0.31,-4.62,1.78,-0.01,0.04,-0.01
-0.1,-4.64,1.74,-0.01,0.04,-0.0
-0.21,-4.41,1.74,-0.01,0.04,-0.0
-0.08,-4.37,1.78,-0.01,0.04,-0.0
-0.15,-4.64,1.86,-0.01,0.04,-0.0
-0.27,-4.56,1.63,-0.0,0.04,-0.0
-0.33,-4.54,1.76,-0.0,0.04,-0.0
-0.27,-4.58,1.76,0.0,0.04,-0.0
-0.21,-4.54,1.82,0.0,0.04,-0.0
-0.27,-4.5,1.76,0.0,0.04,0.0
-0.29,-4.62,1.8,0.0,0.04,0.0
-0.59,-4.96,1.9,0.0,0.04,0.0
-0.54,-4.41,1.63,0.0,0.04,0.0
-0.52,-4.71,1.7,0.0,0.04,0.0
-0.15,-4.5,1.53,0.0,0.04,0.0
-0.33,-4.71,1.76,0.0,0.04,0.0
-0.44,-4.52,1.88,0.0,0.04,0.0
-0.25,-4.62,1.8,0.0,0.04,0.0
-0.15,-4.42,1.99,0.0,0.04,0.0
-0.21,-4.42,1.74,0.0,0.04,0.0
-0.31,-4.44,1.7,0.0,0.04,0.0
-0.19,-4.46,1.9,0.0,0.04,0.0
-0.27,-4.58,1.76,0.0,0.04,0.0
-0.34,-4.5,1.78,0.0,0.04,0.0
-0.29,-4.56,1.74,0.0,0.03,0.0
-0.29,-4.54,1.7,0.01,0.03,0.0
-0.34,-4.6,1.78,0.01,0.03,0.0
-0.27,-4.62,1.8,0.01,0.04,0.0
-0.23,-4.58,1.88,0.01,0.04,0.01
-0.15,-4.44,1.88,0.01,0.04,0.0
-0.1,-4.48,1.69,0.01,0.04,0.0
-0.11,-4.37,1.76,0.01,0.04,0.0
-0.17,-4.41,1.8,0.01,0.04,-0.0
-0.29,-4.44,1.8,0.01,0.04,-0.0
-0.29,-4.39,1.95,0.0,0.03,-0.0
-0.15,-4.37,1.99,-0.0,0.03,-0.0
-0.02,-4.39,1.8,-0.01,0.03,-0.0
-0.29,-4.42,1.88,-0.01,0.03,-0.0
-0.19,-4.52,1.92,-0.01,0.03,-0.0
-0.23,-4.52,1.92,-0.01,0.03,-0.0
-0.19,-4.54,1.92,-0.01,0.03,-0.0
-0.27,-4.54,2.07,-0.01,0.04,-0.0
-0.1,-4.62,2.01,-0.01,0.04,-0.0
-0.29,-4.48,1.86,-0.0,0.04,-0.0
-0.27,-4.48,1.86,-0.0,0.04,-0.0
-0.17,-4.5,1.88,-0.0,0.04,-0.0
-0.27,-4.44,1.88,-0.0,0.04,-0.0
-0.31,-4.52,1.7,-0.01,0.04,-0.0
-0.23,-4.46,1.92,-0.01,0.04,-0.0
-0.21,-4.52,1.76,-0.01,0.04,-0.0
-0.27,-4.62,2.05,-0.01,0.04,-0.0
-0.23,-4.58,1.76,-0.01,0.04,-0.0
-0.25,-4.48,1.88,-0.01,0.03,-0.0
-0.31,-4.54,1.76,-0.01,0.04,-0.0
-0.19,-4.56,1.82,-0.01,0.03,-0.0
-0.25,-4.5,1.9,-0.01,0.04,-0.0
-0.25,-4.69,1.99,-0.01,0.04,-0.0
-0.29,-4.42,1.63,-0.01,0.04,-0.0
-0.27,-4.62,2.13,-0.01,0.04,-0.0
-0.56,-4.52,2.05,-0.01,0.04,-0.0
-0.57,-4.54,1.95,-0.01,0.04,-0.0
-0.27,-4.46,1.82,-0.01,0.04,-0.0
-0.1,-4.44,1.65,-0.01,0.04,-0.0
-0.25,-4.58,1.92,-0.01,0.04,-0.0
-0.33,-4.5,1.59,-0.01,0.04,-0.0
-0.31,-4.58,1.74,-0.01,0.04,-0.0
-0.23,-4.69,1.93,-0.01,0.04,-0.0
-0.29,-4.5,1.65,-0.0,0.04,-0.0
-0.19,-4.5,1.84,-0.0,0.04,-0.0
-0.19,-4.58,1.74,-0.0,0.04,-0.0
-0.23,-4.5,1.74,-0.0,0.04,-0.0
-0.21,-4.56,1.72,-0.0,0.04,-0.0
-0.02,-4.54,1.72,-0.0,0.04,-0.0
-0.23,-4.42,1.57,-0.0,0.04,-0.0
-0.31,-4.46,1.95,-0.0,0.04,-0.0
-0.5,-4.52,1.72,-0.0,0.04,-0.0
-0.4,-4.5,1.65,-0.0,0.04,-0.0
-0.4,-4.69,1.74,-0.0,0.04,-0.0
-0.19,-4.37,1.69,-0.0,0.04,-0.0
-0.33,-4.48,2.01,-0.0,0.04,-0.0
-0.02,-4.48,1.74,-0.0,0.04,-0.0
-0.17,-4.42,1.86,-0.0,0.04,-0.0
-0.31,-4.52,1.8,-0.0,0.04,-0.0
-0.25,-4.54,1.82,-0.0,0.04,-0.0
-0.21,-4.5,1.82,-0.0,0.04,-0.0
-0.21,-4.54,1.74,-0.0,0.04,-0.0
-0.25,-4.48,1.7,-0.0,0.04,-0.0
-0.73,-4.44,1.69,-0.0,0.04,-0.0
-0.17,-4.46,1.88,-0.0,0.04,-0.0
-0.23,-4.46,1.65,-0.0,0.04,-0.0
-0.15,-4.6,1.74,-0.0,0.04,-0.0
-0.27,-4.46,1.72,-0.0,0.04,-0.0
-0.25,-4.48,1.72,-0.01,0.03,-0.0
-0.17,-4.48,1.8,-0.01,0.04,-0.0
-0.23,-4.52,1.84,-0.0,0.04,-0.0
-0.19,-4.42,1.78,-0.0,0.04,-0.0
-0.19,-4.48,1.78,-0.0,0.04,-0.0
-0.25,-4.48,1.84,-0.0,0.04,-0.0
-0.23,-4.52,1.84,-0.0,0.04,-0.0
-0.23,-4.56,1.84,0.0,0.04,-0.0
-0.15,-4.41,1.8,0.0,0.04,-0.0
-0.19,-4.52,1.9,0.0,0.04,-0.0
-0.29,-4.56,1.82,0.0,0.04,-0.0
-0.27,-4.5,1.92,0.0,0.04,-0.0
-0.23,-4.5,1.8,0.0,0.03,-0.0
-0.27,-4.48,1.84,0.0,0.03,-0.0
-0.25,-4.5,1.78,-0.0,0.03,-0.0
-0.23,-4.42,1.8,-0.01,0.03,0.0
-0.21,-4.52,1.92,-0.01,0.04,0.0
-0.34,-4.27,1.65,-0.01,0.04,-0.0
-0.23,-4.52,1.86,-0.01,0.04,-0.0
-0.25,-4.5,1.78,-0.01,0.04,-0.0
-0.21,-4.46,1.8,-0.01,0.04,-0.0
-0.21,-4.56,1.88,-0.01,0.04,-0.0
-0.23,-4.56,1.8,-0.01,0.04,-0.0
-0.17,-4.5,1.82,-0.0,0.04,-0.0
-0.25,-4.52,1.86,0.0,0.04,-0.0
-0.27,-4.54,1.86,0.0,0.04,-0.0
-0.19,-4.56,1.84,0.0,0.04,-0.0
-0.23,-4.52,1.8,0.0,0.04,-0.0
-0.27,-4.54,1.8,0.01,0.04,-0.0
-0.27,-4.52,1.8,0.01,0.04,-0.0
-0.31,-4.52,1.86,0.0,0.04,-0.0
-0.23,-4.54,1.78,0.0,0.04,-0.0
-0.21,-4.5,1.7,0.0,0.04,-0.0
-0.27,-4.54,1.84,0.0,0.04,-0.0
-0.25,-4.54,1.78,0.0,0.04,-0.0
-0.27,-4.39,1.69,0.0,0.03,-0.0
-0.25,-4.54,1.7,-0.0,0.03,-0.0
-0.27,-4.58,1.82,0.0,0.03,-0.0
-0.29,-4.54,1.78,0.0,0.04,-0.0
-0.25,-4.56,1.72,0.0,0.04,-0.0
-0.23,-4.56,1.76,0.0,0.03,-0.0
-0.33,-4.58,1.72,0.01,0.04,-0.0
-0.21,-4.56,1.74,0.01,0.04,-0.0
-0.25,-4.62,1.78,0.01,0.04,-0.0
-0.15,-4.62,1.86,0.01,0.04,-0.0
-0.21,-4.54,1.7,0.01,0.04,-0.0
-0.23,-4.5,1.86,0.01,0.04,-0.0
-0.25,-4.5,1.8,0.01,0.04,-0.0
-0.27,-4.46,1.82,0.01,0.03,-0.0
-0.27,-4.52,1.76,0.01,0.03,-0.0
-0.21,-4.48,1.78,0.01,0.03,-0.0
-0.19,-4.46,1.74,0.01,0.03,-0.0
-0.27,-4.46,1.84,0.01,0.03,-0.0
-0.21,-4.52,1.82,0.0,0.03,-0.0
-0.21,-4.5,1.86,0.0,0.03,-0.0
-0.21,-4.52,1.8,0.0,0.04,-0.0
-0.19,-4.48,1.78,0.0,0.04,-0.0
-0.15,-4.5,1.88,0.0,0.04,-0.0
-0.29,-4.46,1.88,0.01,0.04,-0.0
-0.17,-4.48,1.84,0.01,0.04,-0.0
-0.23,-4.54,1.93,0.01,0.04,-0.01
-0.17,-4.46,1.92,0.01,0.04,-0.01
-0.19,-4.48,1.84,0.01,0.04,-0.01
-0.21,-4.44,1.8,0.01,0.04,-0.01
-0.21,-4.39,1.84,0.01,0.04,-0.01
-0.17,-4.48,1.82,0.0,0.03,-0.0
-0.23,-4.48,1.88,0.0,0.03,-0.0
-0.25,-4.46,1.92,-0.0,0.04,-0.0
-0.23,-4.46,1.9,-0.0,0.04,-0.0
-0.23,-4.46,1.95,-0.0,0.04,-0.0
-0.23,-4.46,1.9,-0.0,0.04,-0.0
-0.27,-4.41,1.93,-0.0,0.04,-0.0
-0.23,-4.44,1.84,-0.0,0.03,-0.0
-0.23,-4.44,1.84,-0.01,0.03,-0.0
-0.23,-4.46,1.9,-0.01,0.03,-0.0
-0.27,-4.48,1.9,-0.01,0.03,-0.0
-0.25,-4.48,1.88,-0.01,0.03,-0.0
-0.19,-4.48,1.88,-0.01,0.03,-0.0
-0.31,-4.44,2.03,-0.01,0.03,-0.0
-0.25,-4.48,1.88,-0.01,0.03,-0.0
-0.25,-4.48,1.9,-0.01,0.03,-0.0
-0.21,-4.46,1.84,-0.01,0.03,-0.0
-0.23,-4.46,1.9,-0.01,0.04,-0.0
-0.23,-4.46,1.84,-0.01,0.03,-0.0
-0.21,-4.5,1.88,-0.01,0.03,-0.0
-0.23,-4.44,1.88,-0.01,0.03,-0.0
-0.29,-4.46,1.92,-0.01,0.03,-0.0
-0.23,-4.52,1.84,-0.01,0.03,-0.0
-0.25,-4.5,1.76,-0.01,0.03,-0.0
-0.25,-4.5,1.74,-0.01,0.03,-0.0
-0.23,-4.58,1.8,-0.01,0.03,-0.0
-0.31,-4.46,1.86,-0.01,0.03,-0.0
-0.21,-4.56,1.84,-0.01,0.03,-0.0
-0.29,-4.52,1.82,-0.01,0.03,-0.0
-0.23,-4.52,1.84,-0.01,0.03,-0.0
-0.21,-4.54,1.78,-0.01,0.03,-0.0
-0.23,-4.52,1.8,-0.01,0.03,-0.0
-0.23,-4.54,1.84,-0.01,0.03,-0.0
-0.23,-4.54,1.82,-0.01,0.03,-0.0
-0.23,-4.56,1.84,-0.01,0.03,-0.0
-0.27,-4.54,1.86,-0.01,0.03,-0.0
-0.25,-4.5,1.84,-0.01,0.03,-0.0
-0.19,-4.5,1.78,-0.01,0.03,-0.0
-0.25,-4.44,1.78,-0.01,0.03,-0.0
-0.31,-4.5,1.78,-0.01,0.03,-0.0
-0.25,-4.52,1.76,-0.01,0.03,-0.0
-0.17,-4.54,1.82,-0.01,0.03,-0.01
-0.25,-4.5,1.8,-0.01,0.03,-0.0
-0.23,-4.5,1.8,-0.01,0.03,-0.0
-0.21,-4.56,1.74,-0.01,0.03,-0.0
-0.21,-4.52,1.76,-0.0,0.03,-0.0
-0.15,-4.5,1.8,-0.0,0.03,-0.0
-0.19,-4.52,1.8,-0.0,0.03,-0.0
-0.21,-4.5,1.86,-0.0,0.03,-0.0
-0.19,-4.5,1.86,-0.0,0.03,0.0
-0.19,-4.44,1.84,-0.0,0.03,-0.0
-0.21,-4.54,1.82,-0.0,0.03,0.0
-0.17,-4.52,1.86,-0.0,0.03,0.0
-0.19,-4.48,1.84,-0.0,0.03,0.0
-0.17,-4.52,1.86,-0.01,0.03,0.0
-0.17,-4.5,1.78,-0.01,0.03,0.0
-0.21,-4.52,1.76,-0.01,0.03,0.0
-0.25,-4.62,2.03,-0.01,0.03,-0.0
-0.21,-4.56,1.88,-0.01,0.03,0.0
-0.23,-4.48,1.84,-0.01,0.03,0.0
-0.23,-4.54,1.84,-0.01,0.03,0.0
-0.17,-4.5,1.78,-0.01,0.03,0.0
-0.19,-4.52,1.8,-0.01,0.03,0.0
-0.19,-4.46,1.8,-0.01,0.03,0.0
-0.21,-4.5,1.82,-0.01,0.03,0.0
-0.19,-4.5,1.76,-0.01,0.03,0.01
-0.21,-4.48,1.76,-0.01,0.04,0.01
-0.17,-4.48,1.8,-0.01,0.04,0.01
-0.23,-4.54,1.76,-0.0,0.04,0.01
-0.27,-4.48,1.72,-0.0,0.04,0.01
-0.21,-4.58,1.78,-0.0,0.04,0.01
-0.27,-4.5,1.8,-0.0,0.04,0.01
-0.19,-4.56,1.82,-0.0,0.04,0.01
-0.23,-4.5,1.78,-0.0,0.04,0.02
-0.21,-4.5,1.82,-0.0,0.04,0.02
-0.25,-4.5,1.9,-0.0,0.04,0.02
-0.25,-4.52,1.9,-0.0,0.04,0.02
-0.27,-4.46,1.82,-0.0,0.04,0.02
-0.19,-4.54,1.82,-0.01,0.04,0.02
-0.25,-4.48,1.8,-0.01,0.04,0.02
-0.29,-4.46,1.82,-0.01,0.04,0.03
-0.29,-4.44,1.84,-0.01,0.04,0.03
-0.29,-4.44,1.84,-0.01,0.04,0.03
-0.36,-4.5,1.8,-0.01,0.04,0.03
-0.31,-4.46,1.86,-0.02,0.04,0.04
-0.33,-4.44,1.78,-0.02,0.04,0.04
-0.34,-4.5,1.8,-0.02,0.04,0.04
-0.33,-4.56,1.84,-0.02,0.04,0.04
-0.25,-4.56,1.84,-0.02,0.04,0.04
-0.36,-4.44,1.76,-0.02,0.04,0.04
-0.29,-4.5,1.78,-0.02,0.04,0.04
-0.33,-4.48,1.8,-0.02,0.04,0.04
-0.36,-4.44,1.86,-0.02,0.03,0.04
-0.36,-4.42,1.84,-0.02,0.03,0.04
-0.31,-4.48,1.86,-0.02,0.03,0.04
-0.31,-4.48,1.76,-0.02,0.03,0.04
-0.27,-4.52,1.84,-0.02,0.03,0.04
-0.23,-4.48,1.86,-0.02,0.03,0.05
-0.25,-4.5,1.82,-0.02,0.03,0.05
-0.25,-4.44,1.82,-0.03,0.03,0.05
-0.29,-4.44,1.88,-0.03,0.03,0.05
-0.25,-4.58,1.86,-0.03,0.04,0.05
-0.25,-4.5,1.78,-0.03,0.04,0.05
-0.23,-4.5,1.82,-0.03,0.04,0.05
-0.31,-4.46,1.84,-0.04,0.04,0.06
-0.34,-4.48,1.92,-0.04,0.04,0.06
-0.31,-4.44,1.82,-0.05,0.04,0.06
-0.31,-4.46,1.82,-0.05,0.04,0.06
-0.38,-4.44,1.82,-0.05,0.04,0.07
-0.33,-4.48,1.8,-0.06,0.04,0.07
-0.38,-4.52,1.8,-0.06,0.04,0.07
-0.36,-4.52,1.78,-0.06,0.04,0.07
-0.34,-4.6,1.82,-0.06,0.04,0.07
-0.31,-4.62,1.84,-0.06,0.04,0.07
-0.29,-4.62,1.78,-0.06,0.04,0.07
-0.27,-4.52,1.78,-0.06,0.04,0.07
-0.27,-4.54,1.78,-0.06,0.04,0.07
-0.17,-4.54,1.74,-0.06,0.04,0.07
-0.19,-4.54,1.72,-0.07,0.05,0.07
-0.15,-4.52,1.7,-0.07,0.05,0.07
-0.17,-4.52,1.82,-0.07,0.05,0.08
-0.23,-4.5,1.78,-0.07,0.05,0.08
-0.17,-4.67,1.82,-0.07,0.06,0.08
-0.21,-4.56,1.86,-0.07,0.06,0.08
-0.25,-4.54,1.92,-0.07,0.06,0.08
-0.25,-4.62,1.84,-0.07,0.07,0.09
-0.31,-4.6,1.82,-0.07,0.07,0.09
-0.23,-4.62,1.88,-0.07,0.08,0.1
-0.27,-4.62,1.78,-0.07,0.08,0.1
-0.25,-4.64,1.82,-0.08,0.09,0.11
-0.19,-4.64,1.84,-0.08,0.09,0.12
-0.29,-4.56,1.74,-0.08,0.09,0.12
-0.25,-4.58,1.72,-0.08,0.1,0.13
-0.33,-4.56,1.78,-0.08,0.1,0.13
-0.27,-4.52,1.76,-0.08,0.1,0.13
-0.31,-4.58,1.74,-0.08,0.09,0.13
-0.25,-4.48,1.86,-0.08,0.1,0.14
-0.29,-4.5,1.84,-0.08,0.1,0.14
-0.25,-4.56,1.72,-0.08,0.1,0.14
-0.17,-4.6,1.8,-0.08,0.11,0.14
-0.27,-4.58,1.82,-0.08,0.12,0.15
-0.23,-4.6,1.88,-0.08,0.12,0.15
-0.19,-4.56,1.8,-0.08,0.12,0.15
-0.13,-4.58,1.84,-0.08,0.12,0.15
-0.23,-4.54,1.69,-0.08,0.12,0.15
-0.17,-4.52,1.8,-0.09,0.12,0.15
-0.15,-4.58,1.72,-0.09,0.12,0.15
-0.23,-4.52,1.76,-0.09,0.13,0.14
-0.17,-4.56,1.67,-0.09,0.13,0.14
-0.19,-4.52,1.67,-0.08,0.13,0.13
-0.21,-4.56,1.74,-0.08,0.13,0.13
-0.31,-4.54,1.72,-0.08,0.14,0.13
-0.27,-4.52,1.61,-0.08,0.14,0.13
-0.33,-4.56,1.7,-0.08,0.14,0.12
-0.42,-4.54,1.63,-0.09,0.14,0.12
-0.44,-4.6,1.61,-0.09,0.14,0.12
-0.54,-4.58,1.59,-0.09,0.14,0.12
-0.5,-4.62,1.65,-0.09,0.15,0.12
-0.56,-4.64,1.67,-0.08,0.15,0.12
-0.63,-4.56,1.57,-0.08,0.15,0.12
-0.65,-4.58,1.61,-0.08,0.15,0.12
-0.65,-4.52,1.61,-0.08,0.15,0.11
-0.77,-4.56,1.59,-0.08,0.15,0.11
-0.75,-4.54,1.69,-0.08,0.15,0.11
-0.79,-4.52,1.63,-0.08,0.14,0.11
-0.82,-4.56,1.59,-0.08,0.14,0.11
-0.96,-4.58,1.69,-0.08,0.14,0.11
-0.88,-4.58,1.61,-0.08,0.14,0.11
-0.86,-4.54,1.59,-0.08,0.14,0.11
-0.94,-4.52,1.55,-0.08,0.15,0.1
-0.94,-4.52,1.53,-0.08,0.15,0.1
-0.94,-4.56,1.53,-0.08,0.15,0.1
-0.86,-4.62,1.51,-0.08,0.15,0.1
-0.94,-4.6,1.55,-0.08,0.15,0.11
-0.92,-4.56,1.55,-0.08,0.15,0.11
-0.88,-4.54,1.61,-0.08,0.14,0.11
-0.98,-4.6,1.63,-0.08,0.14,0.12
-0.96,-4.56,1.61,-0.07,0.14,0.12
-1.0,-4.54,1.57,-0.07,0.14,0.12
-1.0,-4.52,1.57,-0.07,0.13,0.12
-1.03,-4.5,1.59,-0.07,0.13,0.12
-1.02,-4.54,1.53,-0.08,0.14,0.12
-0.98,-4.56,1.53,-0.08,0.14,0.12
-1.0,-4.58,1.55,-0.08,0.14,0.12
-1.0,-4.48,1.47,-0.09,0.14,0.12
-0.92,-4.6,1.55,-0.09,0.14,0.13
-0.96,-4.58,1.4,-0.1,0.14,0.13
-0.98,-4.52,1.44,-0.1,0.14,0.13
-1.09,-4.6,1.36,-0.1,0.14,0.13
-0.92,-4.56,1.44,-0.1,0.14,0.13
-0.94,-4.56,1.46,-0.1,0.14,0.13
-0.94,-4.56,1.46,-0.1,0.14,0.13
-1.0,-4.52,1.53,-0.1,0.14,0.13
-0.92,-4.58,1.51,-0.1,0.14,0.13
-0.94,-4.52,1.53,-0.1,0.14,0.13
-0.96,-4.56,1.53,-0.11,0.15,0.13
-1.03,-4.52,1.57,-0.11,0.15,0.13
-0.96,-4.56,1.55,-0.12,0.15,0.13
-1.05,-4.54,1.51,-0.13,0.15,0.13
-1.09,-4.5,1.55,-0.14,0.15,0.13
-1.07,-4.56,1.49,-0.15,0.14,0.13
-1.11,-4.58,1.42,-0.16,0.14,0.13
-1.07,-4.65,1.44,-0.16,0.13,0.13
-1.09,-4.58,1.32,-0.16,0.13,0.14
-1.05,-4.58,1.34,-0.16,0.13,0.14
-1.02,-4.67,1.32,-0.16,0.13,0.14
-1.0,-4.64,1.28,-0.16,0.13,0.14
-1.02,-4.62,1.26,-0.17,0.13,0.15
-1.03,-4.62,1.26,-0.16,0.13,0.15
-1.09,-4.58,1.26,-0.17,0.13,0.15
-1.03,-4.65,1.15,-0.17,0.13,0.16
-1.09,-4.62,1.13,-0.17,0.14,0.16
-1.13,-4.6,1.07,-0.17,0.13,0.16
-1.21,-4.6,1.07,-0.18,0.13,0.16
-1.23,-4.62,1.02,-0.18,0.13,0.16
-1.26,-4.65,1.05,-0.17,0.12,0.16
-1.24,-4.67,1.05,-0.16,0.12,0.15
-1.28,-4.69,1.02,-0.15,0.12,0.15
-1.32,-4.73,1.05,-0.14,0.11,0.15
-1.38,-4.73,1.02,-0.13,0.11,0.15
-1.4,-4.71,1.07,-0.11,0.11,0.14
-1.38,-4.71,1.13,-0.1,0.11,0.14
-1.42,-4.58,1.11,-0.09,0.11,0.14
-1.3,-4.62,1.11,-0.09,0.11,0.14
-1.32,-4.54,1.17,-0.09,0.11,0.14
-1.34,-4.48,1.19,-0.09,0.12,0.14
-1.23,-4.54,1.15,-0.09,0.12,0.14
-1.24,-4.48,1.24,-0.1,0.13,0.15
-1.23,-4.5,1.23,-0.1,0.13,0.15
-1.17,-4.44,1.21,-0.11,0.13,0.15
-1.13,-4.48,1.3,-0.12,0.14,0.15
-1.19,-4.44,1.15,-0.13,0.14,0.15
-1.13,-4.58,1.26,-0.13,0.15,0.16
-1.13,-4.58,1.24,-0.14,0.15,0.16
-1.15,-4.56,1.23,-0.14,0.16,0.16
-1.21,-4.52,1.26,-0.15,0.17,0.17
-1.19,-4.64,1.23,-0.16,0.17,0.17
-1.17,-4.6,1.21,-0.16,0.17,0.17
-1.23,-4.65,1.17,-0.17,0.17,0.17
-1.26,-4.67,1.19,-0.17,0.17,0.17
-1.28,-4.69,1.15,-0.17,0.17,0.18
-1.32,-4.71,1.19,-0.17,0.18,0.18
-1.34,-4.73,1.24,-0.16,0.18,0.18
-1.4,-4.69,1.15,-0.16,0.19,0.18
-1.4,-4.71,1.15,-0.15,0.19,0.18
-1.4,-4.62,1.23,-0.15,0.19,0.18
-1.4,-4.62,1.17,-0.15,0.2,0.19
-1.4,-4.6,1.23,-0.15,0.2,0.19
-1.47,-4.6,1.23,-0.16,0.2,0.19
-1.49,-4.6,1.19,-0.16,0.2,0.19
-1.51,-4.6,1.11,-0.17,0.19,0.19
-1.47,-4.67,1.07,-0.17,0.19,0.19
-1.49,-4.73,1.05,-0.17,0.18,0.2
-1.44,-4.69,0.92,-0.18,0.18,0.2
-1.46,-4.81,0.98,-0.18,0.18,0.21
-1.47,-4.69,0.94,-0.17,0.18,0.21
-1.44,-4.67,0.9,-0.17,0.18,0.22
-1.55,-4.6,0.9,-0.16,0.18,0.22
-1.51,-4.62,0.84,-0.16,0.18,0.22
-1.57,-4.5,0.94,-0.17,0.17,0.23
-1.55,-4.5,0.9,-0.17,0.17,0.23
-1.44,-4.52,0.9,-0.18,0.16,0.24
-1.46,-4.56,0.82,-0.18,0.16,0.24
-1.46,-4.62,0.86,-0.18,0.16,0.25
-1.47,-4.65,0.84,-0.18,0.16,0.25
-1.51,-4.69,0.84,-0.17,0.17,0.26
-1.57,-4.62,0.84,-0.16,0.17,0.26
-1.61,-4.52,0.75,-0.15,0.17,0.26
-1.69,-4.52,0.73,-0.15,0.16,0.26
-1.67,-4.5,0.65,-0.16,0.15,0.26
-1.74,-4.48,0.67,-0.17,0.15,0.26
-1.65,-4.54,0.56,-0.19,0.14,0.27
-1.72,-4.6,0.54,-0.19,0.14,0.27
-1.67,-4.62,0.57,-0.19,0.14,0.27
-1.72,-4.67,0.54,-0.18,0.14,0.28
-1.59,-4.69,0.34,-0.17,0.15,0.28
-1.88,-4.69,0.44,-0.16,0.15,0.28
-1.84,-4.69,0.5,-0.16,0.15,0.28
-1.95,-4.67,0.46,-0.15,0.15,0.28
-1.97,-4.62,0.44,-0.15,0.15,0.28
-1.95,-4.67,0.42,-0.15,0.15,0.29
-1.92,-4.64,0.34,-0.15,0.15,0.29
-1.93,-4.67,0.44,-0.15,0.14,0.3
-1.97,-4.54,0.4,-0.15,0.14,0.31
-1.99,-4.58,0.42,-0.14,0.15,0.31
-1.92,-4.64,0.36,-0.13,0.15,0.32
-2.03,-4.56,0.4,-0.12,0.15,0.32
-1.95,-4.58,0.5,-0.12,0.15,0.32
-2.05,-4.58,0.48,-0.11,0.15,0.32
-2.01,-4.58,0.54,-0.1,0.16,0.33
-2.11,-4.54,0.56,-0.1,0.16,0.33
-2.03,-4.64,0.63,-0.1,0.16,0.34
-2.05,-4.54,0.67,-0.1,0.17,0.35
-2.16,-4.52,0.65,-0.1,0.17,0.35
-2.13,-4.41,0.63,-0.1,0.17,0.36
-2.09,-4.39,0.61,-0.1,0.17,0.36
-2.16,-4.37,0.59,-0.1,0.17,0.37
-2.15,-4.39,0.54,-0.1,0.18,0.38
-2.2,-4.35,0.56,-0.1,0.18,0.38
-2.24,-4.31,0.56,-0.1,0.19,0.39
-2.24,-4.27,0.5,-0.11,0.19,0.39
-2.2,-4.25,0.48,-0.11,0.19,0.4
-2.24,-4.29,0.52,-0.12,0.2,0.4
-2.34,-4.27,0.48,-0.12,0.2,0.41
-2.36,-4.23,0.5,-0.12,0.2,0.41
-2.39,-4.25,0.48,-0.12,0.2,0.42
-2.38,-4.23,0.56,-0.12,0.21,0.42
-2.41,-4.23,0.44,-0.12,0.21,0.43
-2.39,-4.19,0.48,-0.12,0.2,0.43
-2.45,-4.21,0.52,-0.12,0.2,0.44
-2.39,-4.14,0.46,-0.13,0.2,0.44
-2.45,-4.14,0.38,-0.14,0.2,0.44
-2.53,-4.14,0.38,-0.15,0.21,0.45
-2.51,-4.18,0.44,-0.16,0.21,0.45
-2.47,-4.12,0.4,-0.17,0.21,0.45
-2.49,-4.14,0.5,-0.18,0.21,0.46
-2.49,-4.18,0.38,-0.18,0.2,0.46
-2.51,-4.19,0.42,-0.18,0.2,0.47
-2.39,-4.19,0.56,-0.17,0.2,0.47
-2.43,-4.19,0.36,-0.16,0.2,0.47
-2.43,-4.29,0.29,-0.16,0.2,0.47
-2.47,-4.31,0.33,-0.15,0.2,0.47
-2.47,-4.23,0.23,-0.15,0.2,0.47
-2.55,-4.29,0.29,-0.15,0.2,0.47
-2.57,-4.23,0.31,-0.14,0.19,0.47
-2.57,-4.23,0.31,-0.14,0.19,0.47
-2.57,-4.19,0.31,-0.15,0.19,0.46
-2.66,-4.16,0.27,-0.16,0.19,0.47
-2.72,-4.18,0.21,-0.17,0.19,0.47
-2.7,-4.18,0.23,-0.18,0.18,0.47
-2.8,-4.12,0.13,-0.18,0.17,0.47
-2.82,-4.14,0.0,-0.17,0.17,0.48
-2.85,-4.14,0.08,-0.15,0.17,0.48
-2.85,-4.08,-0.02,-0.13,0.16,0.48
-2.83,-4.04,-0.04,-0.12,0.16,0.48
-2.74,-4.02,0.02,-0.11,0.16,0.48
-2.76,-3.96,-0.1,-0.11,0.17,0.47
-2.78,-3.95,-0.04,-0.11,0.17,0.46
-2.74,-4.02,-0.02,-0.13,0.17,0.45
-2.83,-3.98,0.06,-0.14,0.17,0.44
-2.83,-3.91,0.11,-0.15,0.16,0.43
-2.93,-3.87,0.11,-0.16,0.16,0.42
-3.1,-3.79,0.06,-0.16,0.15,0.42
-3.26,-3.62,0.0,-0.16,0.14,0.43
-3.33,-3.51,-0.04,-0.15,0.13,0.44
-3.22,-3.39,-0.27,-0.13,0.13,0.45
-3.18,-3.24,-0.56,-0.13,0.13,0.47
-3.2,-3.08,-0.69,-0.13,0.15,0.48
-3.12,-3.05,-0.86,-0.14,0.18,0.49
-3.12,-3.01,-0.88,-0.15,0.19,0.49
-3.12,-3.14,-0.67,-0.17,0.19,0.49
-3.28,-3.33,-0.54,-0.18,0.19,0.48
-3.39,-3.56,-0.36,-0.19,0.19,0.46
-3.52,-3.75,-0.21,-0.18,0.18,0.45
-3.47,-3.79,-0.13,-0.16,0.18,0.44
-3.41,-3.81,-0.08,-0.14,0.17,0.44
-3.51,-3.73,-0.08,-0.13,0.17,0.45
-3.43,-3.66,-0.17,-0.12,0.18,0.46
-3.43,-3.66,-0.25,-0.11,0.18,0.47
-3.52,-3.72,-0.23,-0.11,0.17,0.48
-3.6,-3.7,-0.27,-0.1,0.16,0.49
-3.58,-3.72,-0.23,-0.09,0.14,0.49
-3.62,-3.58,-0.04,-0.08,0.13,0.5
-3.64,-3.66,-0.11,-0.07,0.12,0.5
-3.68,-3.56,-0.02,-0.07,0.11,0.51
-3.68,-3.52,-0.04,-0.06,0.11,0.51
-3.68,-3.51,-0.23,-0.05,0.11,0.51
-3.72,-3.45,-0.23,-0.05,0.1,0.51
-3.58,-3.37,-0.36,-0.05,0.09,0.51
-3.62,-3.24,-0.31,-0.05,0.09,0.51
-3.62,-3.1,-0.36,-0.05,0.09,0.51
-3.52,-3.01,-0.52,-0.05,0.09,0.51
-3.6,-2.87,-0.54,-0.04,0.09,0.51
-3.7,-2.82,-0.59,-0.04,0.09,0.51
-3.79,-2.82,-0.48,-0.05,0.09,0.51
-3.81,-2.78,-0.38,-0.06,0.09,0.51
-3.91,-2.78,-0.31,-0.07,0.08,0.51
-4.0,-2.87,-0.36,-0.07,0.08,0.51
-3.98,-2.8,-0.33,-0.08,0.09,0.51
-4.0,-2.82,-0.36,-0.08,0.09,0.51
-4.08,-2.82,-0.48,-0.09,0.09,0.52
-4.04,-2.72,-0.42,-0.09,0.08,0.53
-4.06,-2.7,-0.34,-0.1,0.08,0.54
-4.02,-2.66,-0.46,-0.1,0.07,0.54
-4.1,-2.64,-0.5,-0.1,0.07,0.55
-4.02,-2.72,-0.4,-0.1,0.07,0.56
-3.95,-2.72,-0.4,-0.09,0.08,0.56
-3.93,-2.82,-0.36,-0.09,0.08,0.56
-3.98,-2.85,-0.36,-0.09,0.09,0.56
-3.98,-2.78,-0.42,-0.08,0.09,0.56
-4.02,-2.7,-0.4,-0.06,0.09,0.57
-4.04,-2.64,-0.52,-0.05,0.09,0.58
-4.02,-2.57,-0.4,-0.04,0.09,0.59
-4.02,-2.47,-0.4,-0.03,0.08,0.59
-4.06,-2.43,-0.38,-0.03,0.08,0.59
-4.04,-2.38,-0.25,-0.03,0.08,0.59
-4.06,-2.41,-0.36,-0.02,0.08,0.59
-4.19,-2.39,-0.38,-0.02,0.08,0.58
-4.25,-2.41,-0.36,-0.02,0.08,0.58
-4.33,-2.51,-0.38,-0.01,0.08,0.58
-4.35,-2.41,-0.44,0.01,0.09,0.58
-4.42,-2.32,-0.46,0.02,0.1,0.58
-4.41,-2.28,-0.38,0.03,0.1,0.58
-4.44,-2.22,-0.38,0.03,0.11,0.58
-4.42,-2.18,-0.42,0.03,0.12,0.58
-4.41,-2.11,-0.42,0.03,0.12,0.58
-4.48,-1.97,-0.42,0.03,0.12,0.59
-4.39,-2.05,-0.46,0.04,0.11,0.59
-4.41,-1.9,-0.46,0.04,0.12,0.6
-4.42,-1.76,-0.52,0.04,0.11,0.6
-4.41,-1.74,-0.54,0.04,0.11,0.61
-4.52,-1.63,-0.52,0.04,0.11,0.61
-4.5,-1.53,-0.5,0.03,0.09,0.61
-4.52,-1.57,-0.44,0.02,0.09,0.61
-4.6,-1.53,-0.42,0.01,0.08,0.61
-4.54,-1.61,-0.38,-0.0,0.07,0.61
-4.65,-1.61,-0.44,-0.01,0.07,0.61
-4.65,-1.69,-0.38,-0.01,0.06,0.61
-4.71,-1.65,-0.38,-0.01,0.06,0.61
-4.75,-1.69,-0.44,-0.01,0.06,0.61
-4.75,-1.65,-0.4,-0.01,0.06,0.61
-4.77,-1.65,-0.44,-0.01,0.06,0.61
-4.81,-1.63,-0.5,-0.01,0.05,0.61
-4.71,-1.63,-0.56,-0.01,0.04,0.61
-4.67,-1.51,-0.46,-0.0,0.04,0.61
-4.62,-1.49,-0.48,-0.0,0.03,0.61
-4.64,-1.42,-0.71,0.0,0.02,0.61
-4.67,-1.44,-0.65,-0.0,0.01,0.61
-4.64,-1.42,-0.61,-0.01,0.01,0.61
-4.5,-1.42,-0.59,-0.01,0.01,0.61
-4.64,-1.47,-0.42,-0.01,0.01,0.61
-4.77,-1.4,-0.46,-0.0,0.01,0.61
-4.73,-1.42,-0.42,-0.0,0.01,0.61
-4.9,-1.36,-0.38,-0.0,0.01,0.61
-4.88,-1.42,-0.4,0.01,0.01,0.61
-4.83,-1.4,-0.52,0.02,0.01,0.61
-4.81,-1.46,-0.61,0.03,0.01,0.6
-4.88,-1.49,-0.8,0.04,0.0,0.59
-4.85,-1.65,-0.86,0.06,-0.0,0.59
-4.98,-1.67,-0.9,0.09,-0.0,0.58
-4.98,-1.65,-0.9,0.14,-0.01,0.57
-5.08,-1.47,-0.88,0.18,-0.02,0.55
-5.09,-1.34,-0.8,0.22,-0.02,0.53
-5.19,-1.07,-0.69,0.25,-0.02,0.5
-5.27,-1.02,-0.52,0.27,-0.03,0.48
-5.32,-0.73,-0.46,0.27,-0.06,0.45
-5.29,-0.71,-0.5,0.24,-0.08,0.42
-5.21,-0.71,-0.46,0.22,-0.1,0.39
-5.13,-0.73,-0.44,0.2,-0.09,0.36
-4.88,-0.79,-0.52,0.2,-0.08,0.33
-4.79,-0.79,-0.48,0.22,-0.07,0.3
-4.83,-0.77,-0.61,0.24,-0.07,0.27
-4.83,-0.73,-0.57,0.27,-0.07,0.25
-4.9,-0.56,-0.61,0.28,-0.08,0.24
-4.94,-0.42,-0.56,0.28,-0.09,0.23
-5.08,-0.31,-0.52,0.28,-0.1,0.22
-5.11,-0.17,-0.54,0.28,-0.11,0.22
-5.23,0.04,-0.59,0.28,-0.12,0.22
-5.29,0.15,-0.67,0.28,-0.13,0.21
-5.23,0.29,-0.75,0.27,-0.13,0.21
-5.34,0.33,-0.73,0.25,-0.13,0.2
-5.44,0.56,-0.4,0.22,-0.13,0.2
-5.4,0.5,-0.59,0.21,-0.13,0.2
-5.36,0.5,-0.67,0.2,-0.13,0.19
-5.17,0.52,-0.56,0.18,-0.14,0.19
-5.06,0.56,-0.4,0.16,-0.14,0.18
-5.06,0.56,-0.34,0.13,-0.15,0.18
-4.98,0.5,-0.27,0.1,-0.16,0.17
-4.88,0.36,-0.27,0.07,-0.16,0.16
-4.9,0.33,-0.31,0.05,-0.17,0.15
-4.88,0.25,-0.15,0.03,-0.18,0.15
-4.88,0.29,0.04,0.02,-0.2,0.14
-4.79,0.13,-0.04,0.0,-0.22,0.14
-4.73,0.1,0.04,-0.0,-0.23,0.14
-4.73,0.04,0.0,-0.01,-0.25,0.14
-4.69,-0.13,0.08,-0.01,-0.25,0.13
-4.77,-0.13,0.11,-0.01,-0.26,0.13
-4.71,-0.17,0.13,-0.01,-0.26,0.12
-4.87,-0.25,0.21,-0.02,-0.27,0.12
-4.9,-0.31,0.21,-0.02,-0.27,0.11
-5.0,-0.31,0.25,-0.03,-0.27,0.11
-5.04,-0.31,0.31,-0.03,-0.28,0.1
-5.08,-0.42,0.25,-0.03,-0.28,0.1
-5.06,-0.42,0.38,-0.03,-0.28,0.09
-4.94,-0.5,0.19,-0.02,-0.28,0.09
-4.94,-0.54,0.11,-0.01,-0.27,0.08
-4.83,-0.52,0.17,0.0,-0.26,0.08
-4.71,-0.63,0.21,0.01,-0.24,0.08
-5.17,-0.56,0.4,0.01,-0.21,0.08
-5.27,-0.57,0.44,0.03,-0.19,0.08
-5.34,-0.61,0.48,0.04,-0.18,0.08
-5.31,-0.63,0.46,0.05,-0.19,0.07
-5.21,-0.63,0.31,0.06,-0.19,0.07
-5.04,-0.63,0.29,0.06,-0.18,0.07
-5.0,-0.63,0.48,0.05,-0.17,0.06
-5.0,-0.65,0.44,0.04,-0.15,0.06
-5.0,-0.67,0.5,0.03,-0.13,0.06
-4.9,-0.73,0.54,0.02,-0.12,0.05
-4.88,-0.75,0.59,0.02,-0.11,0.05
-4.88,-0.79,0.5,0.02,-0.1,0.04
-4.87,-0.8,0.56,0.02,-0.09,0.04
-4.83,-0.86,0.52,0.02,-0.09,0.04
-4.79,-0.77,0.57,0.02,-0.08,0.03
-4.77,-0.8,0.48,0.03,-0.07,0.03
-4.81,-0.79,0.46,0.03,-0.07,0.03
-4.81,-0.77,0.4,0.04,-0.07,0.02
-4.71,-0.82,0.4,0.05,-0.07,0.01
-4.69,-0.75,0.5,0.06,-0.07,0.0
-4.73,-0.69,0.54,0.06,-0.07,-0.0
-4.67,-0.75,0.61,0.06,-0.07,-0.01
-4.67,-0.77,0.57,0.06,-0.06,-0.01
-4.65,-0.82,0.57,0.06,-0.05,-0.02
-4.69,-0.73,0.59,0.07,-0.05,-0.02
-4.65,-0.71,0.65,0.08,-0.04,-0.02
-4.64,-0.79,0.65,0.08,-0.04,-0.03
-4.64,-0.73,0.67,0.08,-0.03,-0.03
-4.75,-0.69,0.75,0.09,-0.02,-0.04
-4.73,-0.67,0.73,0.09,-0.01,-0.04
-4.64,-0.69,0.67,0.1,-0.01,-0.04
-4.64,-0.65,0.71,0.11,-0.01,-0.05
-4.69,-0.48,0.69,0.11,0.0,-0.05
-4.64,-0.48,0.77,0.12,0.01,-0.05
-4.64,-0.5,0.8,0.12,0.02,-0.06
-4.65,-0.44,0.79,0.12,0.03,-0.06
-4.6,-0.48,0.82,0.12,0.04,-0.06
-4.64,-0.4,0.79,0.11,0.05,-0.06
-4.67,-0.34,0.8,0.1,0.07,-0.06
-4.65,-0.4,0.86,0.09,0.08,-0.07
-4.62,-0.4,0.79,0.09,0.08,-0.07
-4.6,-0.46,0.77,0.09,0.09,-0.07
-4.65,-0.42,0.75,0.09,0.1,-0.07
-4.65,-0.4,0.71,0.08,0.1,-0.07
-4.65,-0.33,0.71,0.08,0.12,-0.07
-4.75,-0.33,0.69,0.08,0.12,-0.07
-4.83,-0.29,0.57,0.08,0.12,-0.06
-4.88,-0.29,0.69,0.07,0.13,-0.06
-4.9,-0.36,0.56,0.06,0.13,-0.05
-4.87,-0.34,0.61,0.06,0.14,-0.05
-4.75,-0.36,0.56,0.05,0.15,-0.04
-4.69,-0.44,0.59,0.04,0.17,-0.04
-4.71,-0.48,0.67,0.04,0.18,-0.04
-4.62,-0.56,0.77,0.03,0.19,-0.04
-4.58,-0.61,0.67,0.03,0.19,-0.04
-4.64,-0.67,0.67,0.03,0.2,-0.04
-4.67,-0.65,0.69,0.03,0.2,-0.04
-4.67,-0.59,0.67,0.02,0.2,-0.04
-4.77,-0.54,0.61,0.02,0.2,-0.05
-4.77,-0.56,0.57,0.02,0.2,-0.05
-4.79,-0.5,0.54,0.02,0.19,-0.05
-4.9,-0.54,0.4,0.02,0.19,-0.06
-4.94,-0.57,0.42,0.02,0.19,-0.06
-4.96,-0.59,0.29,0.03,0.19,-0.07
-5.11,-0.59,0.13,0.04,0.19,-0.07
-5.06,-0.56,0.15,0.05,0.19,-0.08
-5.17,-0.5,0.1,0.06,0.19,-0.08
-5.15,-0.57,0.0,0.07,0.2,-0.09
-5.08,-0.52,0.02,0.08,0.2,-0.09
-5.09,-0.59,-0.04,0.08,0.2,-0.1
-4.92,-0.52,-0.08,0.09,0.21,-0.1
-4.96,-0.56,-0.08,0.09,0.22,-0.11
-5.0,-0.52,-0.19,0.09,0.22,-0.12
-5.08,-0.57,-0.21,0.08,0.22,-0.12
-5.15,-0.48,-0.33,0.08,0.23,-0.11
-5.09,-0.57,-0.21,0.07,0.23,-0.11
-5.11,-0.57,-0.25,0.06,0.22,-0.11
-5.04,-0.65,-0.19,0.06,0.21,-0.1
-5.08,-0.65,-0.11,0.06,0.19,-0.1
-5.08,-0.71,-0.08,0.06,0.17,-0.1
-5.06,-0.8,-0.06,0.06,0.15,-0.1
-5.09,-0.8,-0.21,0.06,0.14,-0.09
-5.08,-0.84,-0.23,0.06,0.12,-0.09
-5.08,-0.9,-0.19,0.07,0.12,-0.09
-5.04,-0.86,-0.21,0.07,0.11,-0.08
-5.11,-0.84,-0.19,0.08,0.11,-0.08
-5.17,-0.86,-0.21,0.08,0.1,-0.08
-5.04,-0.96,-0.19,0.07,0.1,-0.07
-5.04,-1.0,-0.23,0.08,0.09,-0.07
-5.08,-0.98,-0.21,0.08,0.08,-0.07
-5.02,-0.92,-0.23,0.08,0.07,-0.07
-4.98,-1.0,-0.27,0.08,0.06,-0.06
-4.94,-1.0,-0.33,0.09,0.05,-0.06
-4.9,-0.96,-0.25,0.09,0.05,-0.06
-4.94,-0.84,-0.31,0.09,0.05,-0.06
-4.96,-0.84,-0.31,0.08,0.05,-0.05
-4.94,-0.77,-0.23,0.08,0.05,-0.04
-4.96,-0.73,-0.23,0.06,0.04,-0.04
-4.9,-0.79,-0.15,0.05,0.03,-0.03
-4.9,-0.8,-0.11,0.04,0.02,-0.03
-4.9,-0.9,-0.1,0.03,0.01,-0.03
-4.94,-0.98,-0.04,0.03,0.0,-0.03
-4.9,-0.96,-0.08,0.02,-0.0,-0.02
-4.9,-1.0,0.02,0.03,-0.01,-0.02
-4.87,-0.94,0.06,0.03,-0.01,-0.02
-4.83,-0.98,0.02,0.03,-0.01,-0.02
-4.85,-0.9,0.04,0.04,-0.01,-0.02
-4.88,-0.82,0.08,0.04,-0.02,-0.01
-4.85,-0.86,0.04,0.04,-0.02,-0.01
-4.83,-0.8,0.0,0.05,-0.02,-0.0
-4.9,-0.77,0.13,0.04,-0.01,0.0
-4.87,-0.77,0.17,0.04,-0.01,0.01
-4.83,-0.79,0.1,0.03,-0.01,0.01
-4.83,-0.77,0.19,0.02,0.0,0.02
-4.85,-0.79,0.13,0.01,0.01,0.03
-4.81,-0.73,0.21,0.01,0.01,0.03
-4.79,-0.79,0.13,-0.0,0.02,0.04
-4.87,-0.8,0.21,-0.01,0.02,0.04
-4.88,-0.82,0.27,-0.02,0.02,0.05
-4.9,-0.88,0.33,-0.02,0.02,0.05
-4.88,-0.92,0.25,-0.02,0.01,0.05
-4.87,-0.98,0.19,-0.02,0.0,0.05
-4.88,-0.98,0.21,-0.01,0.0,0.05
-4.92,-0.98,0.21,-0.01,0.0,0.04
-4.98,-0.96,0.13,-0.01,0.0,0.04
-5.06,-0.86,0.17,-0.01,0.01,0.04
-5.06,-0.82,0.19,-0.0,0.0,0.04
-5.06,-0.8,0.1,0.0,-0.01,0.04
-5.02,-0.73,0.08,0.0,-0.01,0.04
-4.94,-0.71,0.11,0.0,-0.02,0.04
-4.85,-0.71,0.11,-0.0,-0.02,0.05
-4.85,-0.73,0.06,-0.0,-0.03,0.05
-4.83,-0.8,0.11,-0.01,-0.04,0.04
-5.0,-0.77,0.04,-0.01,-0.04,0.04
-4.87,-0.88,0.17,-0.01,-0.04,0.05
-4.94,-0.88,0.21,-0.01,-0.05,0.05
-4.92,-0.88,0.19,-0.0,-0.05,0.05
-4.96,-0.96,0.19,-0.0,-0.05,0.05
-4.94,-0.82,0.29,0.0,-0.05,0.05
-4.9,-0.96,0.34,0.0,-0.05,0.05
-4.87,-0.88,0.27,0.01,-0.04,0.06
-4.83,-0.88,0.29,0.01,-0.04,0.06
-4.81,-0.84,0.29,0.01,-0.04,0.05
-4.77,-0.86,0.27,0.02,-0.03,0.05
-4.83,-0.79,0.29,0.03,-0.03,0.05
-4.83,-0.8,0.29,0.03,-0.03,0.05
-4.85,-0.79,0.25,0.04,-0.03,0.05
-4.88,-0.75,0.27,0.04,-0.03,0.05
-4.83,-0.71,0.23,0.04,-0.03,0.05
-4.87,-0.73,0.29,0.04,-0.03,0.04
-4.79,-0.71,0.29,0.04,-0.03,0.04
-4.85,-0.69,0.29,0.04,-0.03,0.04
-4.85,-0.69,0.33,0.04,-0.02,0.03
-4.87,-0.71,0.31,0.04,-0.02,0.03
-4.9,-0.67,0.31,0.04,-0.02,0.03
-4.73,-0.69,0.17,0.04,-0.01,0.03
-4.83,-0.63,0.23,0.04,-0.01,0.03
-4.85,-0.56,0.23,0.04,-0.01,0.02
-4.85,-0.57,0.17,0.04,-0.0,0.02
-4.9,-0.54,0.25,0.03,0.0,0.02
-4.88,-0.5,0.25,0.03,0.0,0.02
-4.94,-0.52,0.23,0.02,0.0,0.02
-4.92,-0.5,0.31,0.01,0.0,0.02
-4.9,-0.5,0.33,0.01,0.0,0.03
-4.92,-0.44,0.44,0.0,0.0,0.03
-4.92,-0.52,0.4,-0.0,-0.0,0.03
-4.9,-0.44,0.4,-0.01,-0.01,0.03
-4.9,-0.38,0.46,-0.01,-0.01,0.02
-4.87,-0.44,0.42,-0.02,-0.01,0.02
-4.87,-0.42,0.42,-0.03,-0.0,0.02
-4.87,-0.48,0.48,-0.03,0.0,0.02
-4.87,-0.46,0.48,-0.04,0.01,0.02
-4.85,-0.5,0.36,-0.04,0.01,0.02
-4.85,-0.59,0.44,-0.05,0.02,0.02
-4.87,-0.61,0.5,-0.05,0.02,0.03
-4.87,-0.61,0.48,-0.05,0.03,0.03
-4.88,-0.63,0.48,-0.05,0.03,0.03
-4.79,-0.67,0.48,-0.05,0.03,0.03
-4.83,-0.65,0.52,-0.05,0.03,0.03
-4.87,-0.65,0.42,-0.04,0.04,0.02
-4.85,-0.65,0.48,-0.04,0.04,0.02
-4.83,-0.65,0.42,-0.04,0.05,0.02
-4.85,-0.67,0.42,-0.03,0.05,0.02
-4.85,-0.61,0.4,-0.03,0.06,0.02
-4.92,-0.59,0.42,-0.03,0.06,0.02
-4.9,-0.56,0.34,-0.03,0.07,0.02
-4.88,-0.59,0.31,-0.04,0.08,0.01
-4.94,-0.52,0.31,-0.04,0.08,0.01
-4.88,-0.59,0.25,-0.04,0.08,0.01
-4.92,-0.5,0.21,-0.04,0.08,0.01
-4.92,-0.57,0.15,-0.04,0.08,0.01
-4.9,-0.56,0.23,-0.04,0.08,0.01
-4.88,-0.5,0.25,-0.04,0.08,0.01
-4.9,-0.5,0.25,-0.04,0.08,0.0
-4.92,-0.54,0.15,-0.04,0.08,0.0
-4.92,-0.57,0.25,-0.04,0.08,0.0
-4.94,-0.57,0.19,-0.04,0.08,-0.0
-4.92,-0.56,0.27,-0.04,0.08,0.0
-5.02,-0.56,0.17,-0.04,0.07,-0.0
-5.02,-0.54,0.21,-0.04,0.07,0.0
-4.98,-0.56,0.25,-0.04,0.07,0.0
-4.96,-0.56,0.27,-0.04,0.06,0.01
-4.96,-0.59,0.23,-0.05,0.06,0.01
-4.96,-0.57,0.29,-0.05,0.06,0.01
-4.92,-0.59,0.21,-0.05,0.06,0.01
-4.92,-0.65,0.21,-0.05,0.06,0.01
-4.92,-0.61,0.15,-0.05,0.06,0.01
-4.92,-0.56,0.13,-0.05,0.06,0.01
-4.9,-0.56,0.17,-0.06,0.06,0.01
-4.88,-0.61,0.13,-0.06,0.06,0.01
-4.9,-0.57,0.13,-0.06,0.06,0.01
-4.96,-0.61,0.1,-0.06,0.06,0.01
-4.9,-0.59,0.15,-0.06,0.06,0.01
-4.94,-0.63,0.15,-0.06,0.06,0.01
-4.96,-0.63,0.13,-0.06,0.06,0.01
-4.94,-0.65,0.15,-0.05,0.05,0.01
-4.92,-0.57,0.04,-0.05,0.05,0.01
-4.96,-0.52,0.1,-0.05,0.04,0.02
-4.96,-0.56,0.11,-0.04,0.04,0.02
-4.92,-0.48,0.17,-0.04,0.04,0.01
-4.94,-0.5,0.04,-0.04,0.04,0.01
-4.96,-0.61,0.06,-0.04,0.05,0.01
-5.0,-0.59,0.06,-0.03,0.05,0.01
-5.06,-0.54,0.08,-0.02,0.05,0.0
-5.06,-0.54,0.11,-0.01,0.04,0.0
-5.0,-0.5,0.08,0.0,0.03,-0.0
-5.02,-0.42,0.19,0.01,0.02,-0.0
-4.94,-0.44,0.19,0.0,0.01,-0.0
-4.92,-0.48,0.23,-0.01,-0.0,0.0
-4.85,-0.44,0.29,-0.02,-0.01,0.0
-4.85,-0.54,0.33,-0.03,-0.01,0.0
-4.85,-0.54,0.38,-0.05,-0.01,0.01
-4.87,-0.54,0.36,-0.06,-0.01,0.01
-4.85,-0.57,0.4,-0.06,-0.0,0.01
-4.87,-0.57,0.36,-0.07,-0.0,0.01
-4.85,-0.67,0.33,-0.07,0.0,0.01
-4.87,-0.73,0.34,-0.07,0.01,0.0
-4.87,-0.69,0.36,-0.07,0.01,0.0
-4.87,-0.77,0.31,-0.06,0.02,-0.0
-4.88,-0.77,0.4,-0.06,0.03,-0.0
-4.88,-0.82,0.36,-0.05,0.04,-0.01
-4.92,-0.73,0.29,-0.05,0.04,-0.01
-4.88,-0.77,0.36,-0.04,0.05,-0.01
-4.79,-0.77,0.36,-0.03,0.05,-0.01
-4.83,-0.69,0.4,-0.02,0.06,-0.02
-4.81,-0.69,0.36,-0.02,0.06,-0.02
-4.79,-0.67,0.36,-0.02,0.07,-0.02
-4.79,-0.69,0.36,-0.02,0.07,-0.02
-4.81,-0.67,0.36,-0.03,0.08,-0.02
-4.85,-0.67,0.36,-0.03,0.08,-0.02
-4.85,-0.73,0.29,-0.03,0.08,-0.02
-4.83,-0.79,0.29,-0.03,0.08,-0.02
-4.83,-0.73,0.31,-0.04,0.09,-0.01
-4.83,-0.73,0.25,-0.04,0.09,-0.01
-4.79,-0.75,0.29,-0.04,0.09,-0.01
-4.83,-0.71,0.25,-0.04,0.1,-0.01
-4.77,-0.75,0.23,-0.04,0.1,-0.0
-4.88,-0.65,0.19,-0.04,0.1,-0.0
-4.85,-0.71,0.19,-0.04,0.1,0.0
-4.88,-0.65,0.15,-0.04,0.1,0.0
-4.88,-0.67,0.15,-0.04,0.1,0.0
-4.92,-0.71,0.13,-0.04,0.1,0.01
-4.9,-0.69,0.1,-0.04,0.1,0.01
-4.92,-0.67,0.11,-0.04,0.09,0.01
-4.9,-0.59,0.06,-0.04,0.09,0.01
-4.9,-0.71,0.1,-0.04,0.09,0.01
-4.92,-0.71,0.08,-0.04,0.08,0.01
-4.92,-0.61,0.06,-0.04,0.08,0.01
-4.94,-0.65,0.13,-0.04,0.08,0.01
-4.96,-0.69,0.04,-0.04,0.07,0.02
-4.96,-0.65,0.13,-0.05,0.07,0.02
-4.94,-0.71,0.06,-0.05,0.07,0.02
-4.94,-0.71,0.08,-0.05,0.06,0.01
-5.02,-0.65,0.02,-0.04,0.06,0.01
-4.92,-0.71,0.08,-0.04,0.06,0.01
-4.9,-0.67,0.1,-0.04,0.05,0.01
-5.0,-0.65,0.1,-0.04,0.05,0.01
-4.9,-0.65,0.04,-0.04,0.05,0.01
-4.94,-0.65,0.13,-0.04,0.05,0.01
-5.02,-0.57,0.13,-0.04,0.05,0.01
-4.96,-0.67,0.08,-0.04,0.05,0.01
-4.9,-0.67,0.08,-0.04,0.05,0.01
-4.92,-0.63,0.04,-0.03,0.05,0.01
-4.92,-0.61,0.06,-0.03,0.05,0.0
-4.92,-0.65,0.17,-0.03,0.04,0.0
-4.98,-0.63,0.06,-0.03,0.04,0.0
-4.96,-0.57,0.06,-0.03,0.04,0.0
-4.92,-0.61,0.04,-0.03,0.04,0.0
-4.92,-0.54,0.11,-0.03,0.03,0.0
-4.92,-0.59,0.08,-0.03,0.03,0.0
-4.9,-0.59,0.1,-0.03,0.03,0.0
-4.92,-0.61,0.1,-0.03,0.03,0.0
-4.94,-0.56,0.19,-0.03,0.03,0.0
-4.92,-0.57,0.19,-0.03,0.03,0.0
-4.9,-0.56,0.11,-0.03,0.03,0.0
-4.94,-0.54,0.19,-0.03,0.02,0.0
-5.0,-0.57,0.15,-0.03,0.02,0.0
-4.92,-0.54,0.17,-0.04,0.02,-0.0
-4.9,-0.48,0.17,-0.04,0.02,0.0
-4.9,-0.5,0.13,-0.04,0.02,0.0
-4.9,-0.5,0.11,-0.05,0.02,0.0
-4.96,-0.5,0.15,-0.06,0.02,0.0
-4.9,-0.48,0.06,-0.06,0.02,-0.0
-4.92,-0.57,0.15,-0.06,0.02,-0.0
-4.9,-0.56,0.1,-0.06,0.02,-0.0
-4.94,-0.61,0.06,-0.06,0.02,-0.0
-4.94,-0.61,0.1,-0.06,0.02,-0.01
-4.96,-0.65,0.13,-0.06,0.02,-0.01
-4.88,-0.63,0.08,-0.06,0.02,-0.01
-4.94,-0.57,0.11,-0.05,0.03,-0.01
-4.92,-0.57,0.13,-0.05,0.03,-0.01
-4.94,-0.63,0.11,-0.05,0.03,-0.01
-4.9,-0.61,0.15,-0.05,0.03,-0.01
-4.88,-0.69,0.19,-0.04,0.03,-0.01
-4.88,-0.67,0.21,-0.04,0.03,-0.01
-4.9,-0.69,0.15,-0.04,0.03,-0.01
-4.85,-0.71,0.11,-0.03,0.03,-0.01
-4.87,-0.65,0.15,-0.03,0.03,-0.01
-4.9,-0.65,0.15,-0.03,0.04,-0.01
-4.85,-0.65,0.13,-0.03,0.04,-0.01
-4.87,-0.61,0.21,-0.03,0.04,-0.0
-4.9,-0.63,0.21,-0.02,0.04,-0.0
-4.87,-0.61,0.19,-0.02,0.04,-0.0
-4.9,-0.63,0.21,-0.03,0.04,-0.0
-4.88,-0.65,0.25,-0.03,0.04,-0.0
-4.87,-0.63,0.19,-0.03,0.04,-0.0
-4.87,-0.67,0.13,-0.03,0.04,-0.0
-4.75,-0.65,0.13,-0.03,0.04,-0.0
-4.85,-0.65,0.13,-0.03,0.05,-0.0
-4.88,-0.59,0.15,-0.03,0.05,-0.0
-4.88,-0.67,0.17,-0.03,0.05,-0.0
-4.87,-0.67,0.17,-0.03,0.06,0.0
-4.9,-0.63,0.15,-0.03,0.06,0.0
-4.9,-0.65,0.17,-0.03,0.06,0.0
-4.88,-0.73,0.11,-0.03,0.06,0.0
-4.9,-0.69,0.17,-0.03,0.06,0.0
-4.87,-0.67,0.1,-0.03,0.06,0.0
-4.9,-0.65,0.15,-0.02,0.06,0.0
-4.9,-0.69,0.15,-0.02,0.06,0.0
-4.9,-0.61,0.13,-0.02,0.06,0.0
-4.92,-0.71,0.15,-0.02,0.06,0.0
-4.88,-0.67,0.15,-0.01,0.06,0.0
-4.92,-0.67,0.11,-0.01,0.06,0.0
-4.88,-0.63,0.08,-0.01,0.06,0.0
-4.92,-0.71,0.15,-0.01,0.05,-0.0
-4.9,-0.69,0.0,-0.01,0.05,-0.0
-4.94,-0.63,0.13,-0.01,0.05,-0.0
-4.96,-0.63,0.11,-0.01,0.05,-0.0
-4.9,-0.65,0.11,-0.01,0.05,-0.0
-4.9,-0.69,0.1,-0.01,0.05,-0.0
-4.98,-0.69,0.06,-0.0,0.05,-0.0
-4.96,-0.65,0.06,0.0,0.05,-0.0
-4.9,-0.63,0.08,0.0,0.05,-0.0
-4.92,-0.61,0.1,0.01,0.05,-0.0
-4.9,-0.67,0.13,0.01,0.04,-0.0
-4.9,-0.67,0.06,0.01,0.04,-0.0
-4.94,-0.67,0.11,0.01,0.04,-0.0
-4.88,-0.61,0.13,0.01,0.04,-0.01
-4.9,-0.63,0.11,0.01,0.04,-0.01
-4.94,-0.54,0.13,0.01,0.04,-0.01
-4.9,-0.56,0.17,0.01,0.04,-0.0
-4.94,-0.57,0.1,0.02,0.04,-0.0
-4.9,-0.61,0.02,0.01,0.03,-0.0
-4.94,-0.57,0.11,0.01,0.03,-0.0
-4.92,-0.59,0.11,0.01,0.03,-0.0
-4.92,-0.61,0.08,0.01,0.03,-0.0
-4.9,-0.59,0.11,0.01,0.03,-0.01
-4.9,-0.61,0.06,0.01,0.03,-0.01
-4.92,-0.57,0.08,0.01,0.03,-0.01
-4.94,-0.56,0.08,0.01,0.03,-0.01
-4.9,-0.57,0.1,0.01,0.03,-0.01
-4.94,-0.65,0.1,0.02,0.03,-0.01
-4.96,-0.56,0.11,0.02,0.03,-0.01
-4.92,-0.61,0.08,0.02,0.03,-0.01
-4.92,-0.56,0.08,0.02,0.03,-0.01
-4.92,-0.65,0.15,0.02,0.03,-0.01
-4.94,-0.56,0.13,0.02,0.03,-0.01
-4.9,-0.65,0.13,0.02,0.03,-0.01
-4.88,-0.65,0.1,0.02,0.03,-0.01
-4.9,-0.63,0.15,0.02,0.03,-0.01
-4.9,-0.71,0.17,0.02,0.03,-0.01
-4.9,-0.67,0.1,0.02,0.03,-0.01
-4.88,-0.71,0.08,0.02,0.03,-0.01
-4.9,-0.65,0.11,0.02,0.03,-0.01
-4.9,-0.65,0.1,0.03,0.03,-0.01
-4.94,-0.65,0.17,0.03,0.03,-0.02
-4.88,-0.69,0.15,0.03,0.03,-0.01
-4.87,-0.65,0.11,0.03,0.02,-0.01
-4.92,-0.67,0.13,0.03,0.02,-0.01
-4.96,-0.63,0.15,0.03,0.02,-0.01
-4.85,-0.67,0.11,0.03,0.02,-0.01
-4.88,-0.63,0.13,0.03,0.02,-0.01
-4.88,-0.65,0.02,0.03,0.02,-0.01
-4.92,-0.65,0.1,0.03,0.02,-0.01
-4.88,-0.67,0.13,0.03,0.02,-0.01
-4.88,-0.67,0.13,0.02,0.02,-0.01
-4.9,-0.71,0.19,0.02,0.02,-0.01
-4.9,-0.75,0.17,0.02,0.02,-0.01
-4.9,-0.67,0.23,0.02,0.02,-0.01
-4.87,-0.67,0.11,0.03,0.02,-0.01
-4.92,-0.67,0.19,0.03,0.02,-0.01
-4.88,-0.65,0.08,0.03,0.02,-0.01
-4.9,-0.69,0.11,0.02,0.02,-0.01
-4.9,-0.63,0.23,0.02,0.02,-0.01
-4.88,-0.63,0.15,0.02,0.02,-0.01
-4.88,-0.67,0.11,0.02,0.02,-0.01
-4.88,-0.69,0.15,0.03,0.02,-0.01
-4.87,-0.67,0.15,0.03,0.02,-0.01
-4.88,-0.69,0.11,0.03,0.02,-0.01
-4.88,-0.59,0.19,0.03,0.02,-0.01
-4.87,-0.71,0.19,0.03,0.01,-0.01
-4.9,-0.63,0.21,0.03,0.01,-0.01
-4.88,-0.71,0.15,0.03,0.01,-0.01
-4.87,-0.61,0.11,0.03,0.01,-0.01
-4.92,-0.61,0.15,0.03,0.02,-0.01
-4.9,-0.61,0.17,0.03,0.02,-0.01
-4.92,-0.63,0.17,0.03,0.02,-0.01
-4.96,-0.61,0.25,0.03,0.02,-0.01
-4.88,-0.61,0.19,0.03,0.02,-0.01
-4.88,-0.63,0.13,0.03,0.02,-0.01
-4.94,-0.54,0.15,0.03,0.02,-0.01
-4.87,-0.63,0.19,0.03,0.02,-0.01
-4.92,-0.61,0.11,0.03,0.02,-0.01
-4.9,-0.67,0.15,0.04,0.02,-0.01
-4.87,-0.63,0.19,0.04,0.01,-0.01
-4.88,-0.61,0.13,0.03,0.01,-0.01
-4.9,-0.57,0.17,0.03,0.01,-0.01
-4.88,-0.59,0.15,0.03,0.01,-0.01
-4.9,-0.61,0.19,0.03,0.02,-0.01
-4.9,-0.65,0.23,0.02,0.02,-0.01
-4.87,-0.69,0.11,0.02,0.03,-0.01
-4.92,-0.63,0.19,0.02,0.03,-0.01
-4.88,-0.63,0.21,0.02,0.03,-0.01
-4.87,-0.65,0.21,0.02,0.03,-0.01
-4.94,-0.65,0.23,0.02,0.03,-0.01
-4.9,-0.69,0.17,0.02,0.03,-0.01
-4.9,-0.69,0.17,0.02,0.03,-0.01
-4.9,-0.69,0.23,0.02,0.02,-0.01
-4.87,-0.73,0.17,0.02,0.02,-0.01
-4.88,-0.69,0.21,0.02,0.02,-0.01
-4.9,-0.71,0.17,0.02,0.02,-0.01
-4.92,-0.65,0.23,0.02,0.02,-0.01
-4.92,-0.71,0.15,0.02,0.03,-0.01
-4.87,-0.69,0.19,0.02,0.03,-0.01
-4.96,-0.65,0.21,0.02,0.03,-0.01
-4.87,-0.71,0.15,0.01,0.03,-0.01
-4.88,-0.67,0.19,0.02,0.03,-0.01
-4.88,-0.67,0.21,0.02,0.03,-0.01
-4.9,-0.67,0.23,0.02,0.03,-0.01
-4.87,-0.67,0.21,0.02,0.03,-0.01
-4.9,-0.69,0.17,0.02,0.03,-0.01
-4.87,-0.65,0.21,0.02,0.02,-0.01
-4.9,-0.73,0.21,0.02,0.02,-0.01
-4.87,-0.69,0.17,0.02,0.02,-0.01
-4.92,-0.73,0.23,0.02,0.02,-0.01
-4.87,-0.71,0.19,0.02,0.02,-0.01
-4.83,-0.8,0.27,0.02,0.02,-0.0
-4.87,-0.71,0.27,0.02,0.02,-0.01
-4.81,-0.75,0.33,0.02,0.02,-0.0
-4.88,-0.63,0.29,0.02,0.02,-0.0
-4.92,-0.69,0.15,0.02,0.02,-0.0
-4.9,-0.67,0.25,0.02,0.02,-0.0
-4.9,-0.67,0.19,0.02,0.02,0.0
-4.92,-0.67,0.21,0.02,0.02,0.0
-4.92,-0.67,0.21,0.01,0.02,0.0
-4.88,-0.65,0.25,0.01,0.03,0.0
-4.92,-0.71,0.36,0.01,0.03,0.0
-4.88,-0.69,0.21,0.01,0.03,0.0
-4.92,-0.69,0.25,0.01,0.03,-0.0
-4.9,-0.67,0.19,0.01,0.03,-0.0
-4.9,-0.63,0.17,0.01,0.03,-0.0
-4.9,-0.67,0.25,0.01,0.03,-0.0
-4.9,-0.61,0.25,0.01,0.03,-0.0
-4.92,-0.59,0.21,0.01,0.03,-0.0
-4.92,-0.65,0.25,0.01,0.03,-0.0
-4.92,-0.61,0.21,0.01,0.03,-0.0
-4.87,-0.63,0.21,0.0,0.03,-0.0
-4.9,-0.63,0.15,0.0,0.03,-0.0
-4.9,-0.69,0.13,-0.0,0.03,0.0
-4.88,-0.63,0.21,-0.01,0.03,-0.0
-4.92,-0.69,0.19,-0.01,0.03,-0.0
-4.88,-0.63,0.21,-0.01,0.03,-0.0
-4.9,-0.65,0.17,-0.01,0.03,-0.0
-4.92,-0.65,0.21,-0.01,0.03,-0.0
-4.9,-0.65,0.25,-0.01,0.02,0.0
-4.9,-0.63,0.21,-0.01,0.02,0.0
-4.9,-0.59,0.25,-0.02,0.02,0.0
-4.92,-0.69,0.27,-0.02,0.02,0.0
-4.9,-0.57,0.27,-0.02,0.02,0.0
-4.9,-0.59,0.27,-0.02,0.02,0.0
-4.87,-0.67,0.27,-0.03,0.02,-0.0
-4.88,-0.61,0.25,-0.03,0.02,-0.0
-4.87,-0.63,0.31,-0.03,0.02,-0.0
-4.87,-0.67,0.31,-0.03,0.02,-0.01
-4.9,-0.65,0.27,-0.04,0.02,-0.01
-4.88,-0.67,0.29,-0.04,0.02,-0.01
-4.92,-0.65,0.33,-0.04,0.03,-0.01
-4.88,-0.69,0.31,-0.04,0.03,-0.01
-4.87,-0.65,0.25,-0.04,0.03,-0.01
-4.87,-0.65,0.15,-0.04,0.03,-0.01
-4.9,-0.63,0.31,-0.04,0.03,-0.01
-4.9,-0.65,0.21,-0.04,0.03,-0.01
-4.87,-0.59,0.19,-0.04,0.03,-0.01
-4.9,-0.71,0.11,-0.04,0.03,-0.01
-4.92,-0.69,0.21,-0.05,0.03,-0.01
-4.87,-0.77,0.23,-0.04,0.03,-0.01
-4.92,-0.69,0.19,-0.04,0.03,-0.01
-4.92,-0.65,0.21,-0.04,0.03,-0.01
-4.9,-0.63,0.17,-0.04,0.03,-0.01
-4.88,-0.69,0.23,-0.03,0.04,-0.01
-4.9,-0.71,0.15,-0.03,0.04,-0.01
-4.88,-0.67,0.19,-0.03,0.04,-0.01
-4.92,-0.59,0.19,-0.02,0.04,-0.01
-4.96,-0.56,0.17,-0.02,0.04,-0.01
-4.96,-0.56,0.13,-0.02,0.03,-0.01
-4.94,-0.57,0.21,-0.02,0.03,-0.01
-4.98,-0.57,0.23,-0.02,0.03,-0.01
-4.96,-0.57,0.29,-0.02,0.03,-0.01
-4.9,-0.61,0.29,-0.02,0.03,-0.0
-4.9,-0.59,0.31,-0.02,0.03,-0.0
-4.85,-0.63,0.29,-0.02,0.04,-0.0
-4.85,-0.59,0.27,-0.02,0.04,-0.01
-4.88,-0.61,0.29,-0.02,0.04,-0.01
-4.83,-0.67,0.27,-0.02,0.05,-0.01
-4.85,-0.75,0.33,-0.02,0.05,-0.01
-4.87,-0.73,0.27,-0.02,0.05,-0.01
-4.81,-0.73,0.27,-0.01,0.04,-0.01
-4.87,-0.69,0.33,-0.01,0.04,-0.01
-4.85,-0.79,0.29,-0.01,0.04,-0.01
-4.88,-0.77,0.21,-0.0,0.04,-0.02
-4.88,-0.73,0.31,0.0,0.04,-0.01
-4.9,-0.73,0.27,0.01,0.04,-0.01
-4.92,-0.8,0.29,0.01,0.04,-0.01
-4.87,-0.77,0.31,0.01,0.04,-0.01
-4.87,-0.79,0.27,0.01,0.04,-0.01
-4.9,-0.79,0.29,0.01,0.04,-0.01
-4.83,-0.77,0.29,0.01,0.04,-0.0
-4.88,-0.71,0.29,0.01,0.05,-0.0
-4.88,-0.71,0.23,0.01,0.05,-0.0
-4.87,-0.67,0.23,0.01,0.05,-0.0
-4.88,-0.67,0.17,0.01,0.05,-0.0
-4.87,-0.65,0.19,0.01,0.06,-0.0
-4.71,-0.67,0.1,0.0,0.06,-0.01
-4.88,-0.65,0.15,-0.0,0.06,-0.01
-4.88,-0.63,0.13,-0.01,0.06,-0.01
-4.87,-0.69,0.19,-0.01,0.06,-0.01
-4.92,-0.63,0.19,-0.02,0.06,-0.01
-4.9,-0.61,0.13,-0.02,0.06,-0.0
-4.88,-0.61,0.13,-0.03,0.06,-0.0
-4.92,-0.65,0.15,-0.04,0.06,-0.0
-4.92,-0.59,0.17,-0.04,0.06,-0.0
-4.96,-0.63,0.21,-0.05,0.06,-0.0
-4.94,-0.65,0.1,-0.05,0.06,-0.0
-4.96,-0.59,0.15,-0.05,0.06,-0.0
-4.96,-0.63,0.1,-0.05,0.05,0.0
-4.96,-0.65,0.17,-0.06,0.05,0.0
-4.92,-0.57,0.19,-0.07,0.05,0.0
-4.92,-0.57,0.1,-0.08,0.05,0.0
-4.92,-0.56,0.08,-0.09,0.05,0.01
-4.94,-0.56,0.0,-0.11,0.05,0.01
-4.94,-0.52,0.11,-0.13,0.06,0.02
-4.96,-0.56,0.13,-0.15,0.06,0.02
-5.02,-0.5,0.06,-0.17,0.07,0.03
-5.0,-0.46,0.04,-0.18,0.07,0.03
-5.06,-0.5,0.1,-0.2,0.07,0.04
-5.06,-0.48,0.08,-0.21,0.07,0.04
-5.06,-0.48,0.1,-0.22,0.06,0.04
-5.15,-0.38,0.06,-0.22,0.05,0.04
-5.04,-0.44,0.1,-0.23,0.04,0.03
-4.96,-0.52,0.06,-0.23,0.02,0.03
-4.98,-0.54,0.04,-0.24,0.0,0.02
-4.92,-0.54,0.08,-0.24,-0.02,0.01
-4.92,-0.63,0.1,-0.24,-0.03,0.0
-4.88,-0.57,0.13,-0.24,-0.04,-0.01
-4.88,-0.67,0.19,-0.24,-0.04,-0.02
-4.87,-0.71,0.15,-0.23,-0.04,-0.02
-4.88,-0.82,0.17,-0.22,-0.03,-0.03
-4.87,-0.92,0.13,-0.2,-0.03,-0.03
-4.9,-0.9,0.19,-0.18,-0.01,-0.04
-4.88,-0.98,0.21,-0.16,0.0,-0.05
-4.87,-0.9,0.31,-0.13,0.02,-0.05
-4.87,-0.77,0.38,-0.11,0.03,-0.06
-4.87,-0.77,0.4,-0.1,0.05,-0.07
-4.79,-0.71,0.38,-0.09,0.06,-0.07
-4.87,-0.59,0.5,-0.09,0.07,-0.08
-4.77,-0.48,0.48,-0.1,0.08,-0.08
-4.83,-0.4,0.52,-0.11,0.09,-0.08
-4.83,-0.36,0.57,-0.11,0.1,-0.08
-4.77,-0.36,0.63,-0.12,0.11,-0.09
-4.77,-0.31,0.56,-0.13,0.11,-0.1
-4.75,-0.36,0.56,-0.14,0.11,-0.11
-4.75,-0.42,0.56,-0.15,0.12,-0.12
-4.85,-0.34,0.63,-0.16,0.13,-0.13
-4.83,-0.4,0.67,-0.16,0.14,-0.14
-4.85,-0.46,0.65,-0.16,0.14,-0.14
-4.9,-0.38,0.61,-0.16,0.14,-0.15
-4.85,-0.36,0.56,-0.16,0.14,-0.16
-4.71,-0.4,0.52,-0.16,0.15,-0.17
-4.79,-0.36,0.52,-0.17,0.16,-0.18
-4.77,-0.36,0.38,-0.18,0.18,-0.2
-4.79,-0.46,0.31,-0.18,0.19,-0.2
-4.79,-0.54,0.29,-0.18,0.2,-0.2
-4.87,-0.59,0.21,-0.18,0.21,-0.21
-4.87,-0.61,0.27,-0.18,0.21,-0.21
-4.81,-0.73,0.19,-0.18,0.21,-0.21
-4.75,-0.71,0.13,-0.18,0.2,-0.21
-4.79,-0.73,0.19,-0.17,0.2,-0.21
-4.71,-0.79,0.04,-0.17,0.2,-0.21
-4.77,-0.73,0.06,-0.17,0.21,-0.2
-4.79,-0.82,0.0,-0.17,0.21,-0.2
-4.73,-0.77,0.06,-0.18,0.22,-0.21
-4.77,-0.82,0.02,-0.18,0.22,-0.21
-4.77,-0.88,0.02,-0.18,0.22,-0.2
-4.77,-0.94,-0.06,-0.18,0.22,-0.2
-4.85,-1.02,-0.06,-0.19,0.22,-0.2
-4.75,-1.05,-0.1,-0.19,0.23,-0.2
-4.83,-1.03,-0.13,-0.19,0.23,-0.2
-4.81,-1.03,-0.11,-0.19,0.23,-0.2
-4.81,-1.03,-0.15,-0.2,0.23,-0.19
-4.77,-1.09,-0.21,-0.2,0.23,-0.19
-4.83,-1.07,-0.23,-0.21,0.23,-0.19
-4.81,-1.11,-0.23,-0.22,0.23,-0.19
-4.85,-1.11,-0.21,-0.23,0.23,-0.2
-4.79,-1.13,-0.25,-0.24,0.23,-0.2
-4.75,-1.09,-0.33,-0.25,0.22,-0.21
-4.81,-1.09,-0.34,-0.27,0.22,-0.21
-4.83,-1.07,-0.34,-0.28,0.22,-0.21
-4.85,-1.05,-0.36,-0.28,0.22,-0.22
-4.83,-1.05,-0.42,-0.29,0.22,-0.23
-4.85,-1.13,-0.42,-0.3,0.23,-0.23
-4.88,-1.0,-0.42,-0.3,0.23,-0.24
-4.87,-1.05,-0.38,-0.31,0.24,-0.25
-4.9,-1.02,-0.54,-0.33,0.25,-0.26
-4.9,-1.02,-0.61,-0.34,0.25,-0.27
-4.79,-1.0,-0.59,-0.35,0.26,-0.28
-4.79,-0.84,-0.59,-0.36,0.26,-0.29
-4.79,-0.88,-0.63,-0.37,0.26,-0.3
-4.77,-0.84,-0.57,-0.4,0.26,-0.31
-4.9,-0.86,-0.42,-0.42,0.27,-0.32
-4.83,-0.8,-0.54,-0.44,0.27,-0.32
-5.0,-0.79,-0.44,-0.46,0.27,-0.32
-5.17,-0.88,-0.56,-0.48,0.27,-0.33
-5.21,-0.92,-0.67,-0.49,0.28,-0.34
-5.21,-0.96,-0.79,-0.48,0.29,-0.35
-5.13,-1.03,-0.82,-0.48,0.3,-0.35
-5.13,-1.05,-0.86,-0.47,0.31,-0.37
-5.06,-1.09,-0.84,-0.46,0.31,-0.38
-4.92,-1.34,-1.03,-0.44,0.29,-0.38
-4.88,-1.55,-1.17,-0.41,0.25,-0.38
-4.88,-1.67,-1.23,-0.37,0.2,-0.37
-4.87,-1.7,-1.38,-0.32,0.14,-0.36
-4.92,-1.72,-1.23,-0.28,0.09,-0.35
-4.85,-1.65,-1.26,-0.25,0.04,-0.34
-4.88,-1.74,-1.19,-0.23,0.01,-0.33
-4.92,-1.65,-1.15,-0.21,-0.01,-0.33
-4.92,-1.57,-1.13,-0.2,-0.01,-0.33
-4.92,-1.47,-1.02,-0.2,-0.02,-0.33
-4.85,-1.55,-1.02,-0.21,-0.02,-0.33
-4.85,-1.44,-1.0,-0.21,-0.0,-0.34
-4.69,-1.46,-1.02,-0.22,0.01,-0.35
-4.64,-1.69,-1.03,-0.23,0.04,-0.34
-4.64,-1.8,-1.02,-0.24,0.06,-0.35
-4.69,-1.78,-0.96,-0.23,0.08,-0.36
-4.6,-1.8,-1.05,-0.22,0.08,-0.36
-4.44,-1.65,-1.24,-0.2,0.09,-0.35
-4.6,-1.76,-0.98,-0.19,0.09,-0.34
-4.56,-1.7,-0.9,-0.18,0.08,-0.33
-4.41,-1.69,-0.84,-0.17,0.07,-0.33
-4.46,-1.72,-0.86,-0.16,0.06,-0.32
-4.37,-1.82,-0.84,-0.16,0.06,-0.31
-4.41,-1.88,-0.92,-0.15,0.06,-0.31
-4.39,-1.88,-0.9,-0.14,0.06,-0.3
-4.29,-1.99,-0.96,-0.14,0.06,-0.29
-4.29,-2.07,-0.92,-0.13,0.06,-0.28
-4.25,-2.13,-0.96,-0.13,0.06,-0.28
-4.12,-2.18,-0.92,-0.14,0.06,-0.27
-4.14,-2.24,-0.88,-0.14,0.07,-0.28
-4.02,-2.3,-0.8,-0.14,0.07,-0.27
-4.18,-2.28,-0.79,-0.13,0.08,-0.27
-4.16,-2.32,-0.69,-0.13,0.08,-0.26
-4.19,-2.38,-0.73,-0.12,0.08,-0.26
-4.27,-2.3,-0.69,-0.12,0.08,-0.25
-4.25,-2.32,-0.73,-0.11,0.09,-0.24
-4.29,-2.32,-0.79,-0.11,0.09,-0.23
-4.35,-2.34,-0.84,-0.11,0.09,-0.23
-4.25,-2.43,-0.86,-0.11,0.08,-0.23
-4.29,-2.38,-0.88,-0.11,0.08,-0.23
-4.33,-2.41,-0.82,-0.1,0.08,-0.23
-4.25,-2.51,-0.79,-0.09,0.08,-0.23
-4.31,-2.49,-0.77,-0.08,0.08,-0.23
-4.31,-2.49,-0.82,-0.07,0.08,-0.23
-4.35,-2.45,-0.82,-0.06,0.08,-0.22
-4.23,-2.53,-0.86,-0.05,0.08,-0.22
-4.23,-2.47,-0.82,-0.04,0.08,-0.22
-4.25,-2.49,-0.67,-0.03,0.07,-0.22
-4.19,-2.53,-0.75,-0.03,0.07,-0.22
-4.23,-2.41,-0.71,-0.02,0.08,-0.22
-4.21,-2.45,-0.73,-0.01,0.08,-0.23
-4.35,-2.39,-0.71,-0.01,0.08,-0.23
-4.37,-2.45,-0.69,-0.01,0.08,-0.23
-4.44,-2.39,-0.67,-0.01,0.07,-0.23
-4.42,-2.28,-0.75,-0.01,0.07,-0.23
-4.42,-2.39,-0.79,0.0,0.06,-0.24
-4.37,-2.28,-0.8,0.01,0.05,-0.24
-4.27,-2.24,-0.82,0.01,0.05,-0.24
-4.29,-2.2,-0.79,0.02,0.04,-0.24
-4.16,-2.2,-0.86,0.02,0.04,-0.24
-4.35,-2.28,-0.94,0.02,0.04,-0.24
-4.35,-2.2,-1.02,0.02,0.03,-0.25
-4.33,-2.22,-1.02,0.02,0.02,-0.24
-4.42,-2.32,-1.02,0.02,0.01,-0.24
-4.44,-2.24,-0.92,0.02,0.01,-0.25
-4.46,-2.24,-0.92,0.02,0.01,-0.25
-4.42,-2.34,-0.96,0.02,0.01,-0.26
-4.31,-2.36,-0.92,0.02,0.02,-0.26
-4.33,-2.26,-0.98,0.02,0.02,-0.26
-4.27,-2.28,-0.86,0.02,0.03,-0.26
-4.25,-2.28,-0.92,0.02,0.04,-0.26
-4.19,-2.3,-0.88,0.02,0.04,-0.26
-4.21,-2.28,-0.96,0.02,0.04,-0.26
-4.25,-2.38,-0.94,0.02,0.05,-0.26
-4.23,-2.32,-1.0,0.03,0.05,-0.26
-4.19,-2.34,-0.98,0.04,0.05,-0.26
-4.23,-2.36,-0.92,0.04,0.06,-0.26
-4.19,-2.3,-0.82,0.05,0.06,-0.26
-4.12,-2.36,-0.92,0.05,0.06,-0.26
-4.19,-2.34,-0.69,0.05,0.06,-0.25
-4.18,-2.28,-0.77,0.05,0.06,-0.25
-4.21,-2.3,-0.77,0.05,0.06,-0.25
-4.16,-2.34,-0.77,0.04,0.06,-0.24
-4.19,-2.38,-0.79,0.04,0.06,-0.24
-4.16,-2.45,-0.73,0.04,0.06,-0.23
-4.16,-2.51,-0.75,0.04,0.06,-0.23
-4.21,-2.41,-0.79,0.04,0.07,-0.23
-4.16,-2.47,-0.84,0.04,0.07,-0.23
-4.16,-2.49,-0.8,0.04,0.07,-0.23
-4.16,-2.45,-0.73,0.03,0.07,-0.23
-4.06,-2.47,-0.73,0.03,0.07,-0.23
-3.98,-2.53,-0.82,0.03,0.07,-0.23
-4.06,-2.57,-0.8,0.03,0.07,-0.24
-4.0,-2.47,-0.75,0.03,0.08,-0.24
-3.98,-2.59,-0.86,0.03,0.08,-0.24
-4.0,-2.59,-0.82,0.03,0.09,-0.24
-4.06,-2.62,-0.84,0.03,0.09,-0.25
-4.14,-2.6,-0.88,0.03,0.09,-0.25
-4.18,-2.62,-0.88,0.03,0.09,-0.25
-4.23,-2.59,-0.94,0.04,0.09,-0.26
-4.31,-2.51,-0.9,0.04,0.09,-0.26
-4.29,-2.47,-0.88,0.03,0.09,-0.26
-4.25,-2.49,-0.84,0.03,0.08,-0.27
-4.23,-2.49,-0.79,0.03,0.08,-0.27
-4.18,-2.53,-0.84,0.03,0.07,-0.27
-4.16,-2.57,-0.88,0.02,0.07,-0.27
-4.14,-2.66,-0.86,0.02,0.06,-0.27
-4.12,-2.62,-0.8,0.02,0.06,-0.27
-4.06,-2.64,-0.86,0.01,0.05,-0.27
-4.12,-2.64,-0.9,0.01,0.05,-0.27
-3.98,-2.72,-0.86,0.01,0.05,-0.27
-3.95,-2.76,-0.82,0.0,0.05,-0.27
-3.91,-2.87,-0.79,0.0,0.05,-0.27
-3.93,-2.78,-0.84,0.0,0.05,-0.28
-3.89,-2.85,-0.94,0.0,0.05,-0.28
-3.89,-2.83,-0.9,0.0,0.05,-0.28
-3.85,-2.91,-1.0,0.01,0.06,-0.29
-3.91,-2.95,-1.0,0.01,0.06,-0.29
-3.87,-2.95,-0.94,0.02,0.06,-0.29
-3.93,-3.01,-0.98,0.02,0.06,-0.3
-3.87,-3.03,-1.03,0.03,0.06,-0.3
-3.93,-2.97,-0.94,0.03,0.06,-0.3
-3.87,-2.97,-0.88,0.03,0.06,-0.31
-3.85,-2.91,-0.92,0.04,0.06,-0.31
-3.81,-3.01,-0.94,0.04,0.06,-0.31
-3.77,-2.97,-0.9,0.04,0.07,-0.32
-3.85,-3.03,-0.88,0.05,0.06,-0.32
-3.89,-3.01,-0.8,0.05,0.06,-0.32
-3.87,-2.95,-0.9,0.05,0.06,-0.32
-3.85,-3.06,-0.8,0.05,0.06,-0.32
-3.85,-3.06,-0.82,0.06,0.05,-0.32
-3.83,-3.08,-0.88,0.06,0.05,-0.32
-3.79,-3.05,-0.75,0.06,0.05,-0.32
-3.85,-3.06,-0.86,0.05,0.04,-0.32
-3.7,-3.05,-0.69,0.05,0.04,-0.32
-3.58,-3.14,-0.8,0.05,0.04,-0.33
-3.54,-3.18,-0.8,0.05,0.04,-0.33
-3.56,-3.18,-0.82,0.04,0.04,-0.33
-3.62,-3.2,-0.96,0.04,0.04,-0.33
-3.58,-3.29,-0.92,0.04,0.04,-0.34
-3.54,-3.28,-0.94,0.04,0.04,-0.34
-3.51,-3.31,-0.8,0.04,0.04,-0.34
-3.6,-3.26,-0.88,0.04,0.04,-0.34
-3.62,-3.29,-0.77,0.04,0.04,-0.34
-3.56,-3.28,-0.84,0.04,0.04,-0.34
-3.58,-3.35,-0.75,0.03,0.04,-0.34
-3.51,-3.43,-0.8,0.03,0.04,-0.34
-3.56,-3.45,-0.8,0.03,0.04,-0.35
-3.52,-3.41,-0.84,0.03,0.03,-0.35
-3.51,-3.45,-0.73,0.04,0.03,-0.36
-3.45,-3.47,-0.77,0.04,0.03,-0.36
-3.45,-3.45,-0.84,0.04,0.03,-0.36
-3.47,-3.47,-0.8,0.04,0.03,-0.37
-3.47,-3.52,-0.84,0.04,0.03,-0.37
-3.37,-3.52,-0.79,0.04,0.02,-0.37
-3.35,-3.49,-0.84,0.04,0.02,-0.38
-3.43,-3.56,-0.86,0.04,0.01,-0.38
-3.35,-3.54,-0.82,0.04,0.01,-0.39
-3.35,-3.54,-0.88,0.04,0.01,-0.39
-3.33,-3.6,-0.9,0.04,0.01,-0.4
-3.31,-3.58,-0.92,0.04,0.0,-0.4
-3.31,-3.56,-0.88,0.05,0.0,-0.41
-3.29,-3.54,-0.9,0.04,0.0,-0.41
-3.29,-3.54,-0.82,0.04,0.0,-0.41
-3.31,-3.52,-0.9,0.04,0.0,-0.42
-3.26,-3.58,-0.82,0.04,0.0,-0.42
-3.26,-3.56,-0.77,0.03,-0.0,-0.42
-3.12,-3.58,-0.9,0.04,-0.01,-0.43
-3.12,-3.62,-0.9,0.04,-0.01,-0.43
-3.1,-3.62,-0.88,0.04,-0.01,-0.43
-3.08,-3.64,-0.86,0.04,-0.01,-0.44
-3.05,-3.7,-0.92,0.04,-0.01,-0.44
-3.05,-3.72,-0.82,0.04,-0.01,-0.44
-3.1,-3.72,-0.8,0.05,-0.01,-0.44
-3.05,-3.75,-0.75,0.05,-0.02,-0.44
-3.08,-3.79,-0.69,0.05,-0.02,-0.44
-3.08,-3.81,-0.75,0.05,-0.03,-0.44
-3.03,-3.89,-0.75,0.05,-0.03,-0.44
-2.97,-3.79,-0.82,0.06,-0.02,-0.45
-2.97,-3.83,-0.65,0.06,-0.02,-0.45
-3.01,-3.85,-0.69,0.06,-0.02,-0.45
-3.01,-3.87,-0.67,0.07,-0.02,-0.45
-3.03,-3.91,-0.65,0.07,-0.02,-0.45
-3.03,-4.0,-0.67,0.08,-0.02,-0.45
-3.03,-4.02,-0.61,0.08,-0.02,-0.45
-3.08,-4.02,-0.56,0.09,-0.02,-0.45
-3.03,-4.06,-0.59,0.1,-0.02,-0.45
-3.03,-4.04,-0.63,0.11,-0.02,-0.44
-2.99,-4.0,-0.65,0.12,-0.01,-0.44
-2.89,-4.0,-0.73,0.13,-0.01,-0.44
-2.91,-3.95,-0.63,0.14,-0.01,-0.43
-2.85,-4.0,-0.59,0.14,-0.01,-0.43
-2.83,-4.04,-0.63,0.14,-0.02,-0.43
-2.72,-4.02,-0.5,0.14,-0.03,-0.43
-2.76,-4.02,-0.57,0.13,-0.03,-0.42
-2.74,-4.08,-0.61,0.13,-0.03,-0.42
-2.74,-4.1,-0.67,0.13,-0.03,-0.41
-2.64,-4.1,-0.65,0.13,-0.02,-0.41
-2.57,-4.06,-0.75,0.13,-0.02,-0.4
-2.53,-4.14,-0.67,0.12,-0.03,-0.4
-2.68,-4.04,-0.63,0.12,-0.03,-0.4
-2.6,-4.18,-0.59,0.11,-0.03,-0.4
-2.57,-4.18,-0.56,0.11,-0.02,-0.39
-2.55,-4.23,-0.52,0.11,-0.02,-0.39
-2.57,-4.19,-0.4,0.11,-0.01,-0.39
-2.45,-4.25,-0.38,0.11,-0.01,-0.39
-2.49,-4.33,-0.36,0.11,-0.0,-0.39
-2.45,-4.33,-0.42,0.12,0.0,-0.39
-2.45,-4.33,-0.42,0.12,0.01,-0.39
-2.32,-4.31,-0.34,0.13,0.01,-0.39
-2.3,-4.31,-0.38,0.14,0.0,-0.39
-2.26,-4.27,-0.44,0.14,-0.0,-0.39
-2.28,-4.23,-0.57,0.14,-0.01,-0.39
-2.22,-4.21,-0.57,0.15,-0.02,-0.39
-2.3,-4.16,-0.54,0.15,-0.02,-0.39
-2.3,-4.19,-0.48,0.15,-0.03,-0.39
-2.26,-4.1,-0.56,0.14,-0.03,-0.4
-2.22,-4.12,-0.57,0.13,-0.03,-0.4
-2.28,-4.16,-0.46,0.12,-0.03,-0.4
-2.16,-4.27,-0.48,0.11,-0.02,-0.39
-2.28,-4.23,-0.42,0.1,-0.02,-0.39
-2.28,-4.31,-0.4,0.09,-0.01,-0.39
-2.32,-4.35,-0.38,0.09,-0.01,-0.38
-2.3,-4.37,-0.4,0.09,-0.01,-0.38
-2.3,-4.39,-0.36,0.08,-0.01,-0.37
-2.24,-4.46,-0.36,0.08,-0.01,-0.36
-2.24,-4.58,-0.34,0.08,-0.01,-0.36
-2.2,-4.56,-0.33,0.09,-0.01,-0.35
-2.18,-4.52,-0.23,0.09,-0.02,-0.34
-2.13,-4.58,-0.29,0.08,-0.03,-0.33
-2.03,-4.62,-0.23,0.07,-0.04,-0.32
-2.03,-4.6,-0.31,0.07,-0.04,-0.31
-2.03,-4.67,-0.34,0.07,-0.05,-0.3
-1.99,-4.62,-0.34,0.07,-0.05,-0.3
-2.01,-4.6,-0.21,0.07,-0.05,-0.29
-1.88,-4.69,-0.27,0.07,-0.06,-0.28
-1.84,-4.58,-0.27,0.07,-0.06,-0.28
-1.82,-4.54,-0.29,0.07,-0.06,-0.27
-1.76,-4.6,-0.25,0.07,-0.06,-0.27
-1.74,-4.58,-0.27,0.06,-0.06,-0.27
-1.67,-4.67,-0.29,0.06,-0.06,-0.27
-1.84,-4.6,-0.34,0.06,-0.06,-0.27
-1.74,-4.6,-0.31,0.06,-0.06,-0.27
-1.63,-4.65,-0.25,0.05,-0.06,-0.26
-1.61,-4.69,-0.33,0.06,-0.06,-0.26
-1.53,-4.67,-0.29,0.06,-0.07,-0.26
-1.59,-4.56,-0.36,0.06,-0.07,-0.26
-1.61,-4.62,-0.34,0.06,-0.07,-0.26
-1.51,-4.6,-0.36,0.07,-0.08,-0.25
-1.51,-4.67,-0.34,0.07,-0.08,-0.25
-1.51,-4.67,-0.34,0.07,-0.08,-0.25
-1.49,-4.75,-0.31,0.07,-0.09,-0.26
-1.46,-4.79,-0.34,0.07,-0.09,-0.26
-1.49,-4.79,-0.29,0.08,-0.09,-0.26
-1.42,-4.88,-0.33,0.08,-0.09,-0.26
-1.47,-4.81,-0.29,0.09,-0.09,-0.26
-1.36,-4.81,-0.27,0.1,-0.09,-0.26
-1.38,-4.77,-0.25,0.11,-0.09,-0.26
-1.28,-4.75,-0.21,0.12,-0.08,-0.26
-1.24,-4.71,-0.13,0.13,-0.08,-0.26
-1.19,-4.73,-0.1,0.13,-0.09,-0.26
-1.19,-4.71,-0.17,0.13,-0.09,-0.26
-1.21,-4.73,-0.17,0.13,-0.09,-0.26
-1.23,-4.73,-0.19,0.12,-0.09,-0.27
-1.28,-4.69,-0.23,0.12,-0.09,-0.27
-1.34,-4.67,-0.23,0.12,-0.09,-0.28
-1.26,-4.65,-0.21,0.12,-0.09,-0.28
-1.38,-4.64,-0.19,0.12,-0.08,-0.28
-1.3,-4.62,-0.19,0.12,-0.08,-0.29
-1.42,-4.65,-0.15,0.12,-0.08,-0.29
-1.46,-4.69,-0.08,0.12,-0.08,-0.29
-1.44,-4.73,-0.1,0.12,-0.08,-0.3
-1.51,-4.75,-0.08,0.12,-0.08,-0.3
-1.44,-4.79,-0.02,0.12,-0.08,-0.3
-1.51,-4.77,-0.02,0.13,-0.08,-0.3
-1.46,-4.77,-0.11,0.13,-0.08,-0.3
-1.38,-4.87,-0.04,0.13,-0.08,-0.3
-1.24,-4.87,-0.1,0.13,-0.08,-0.31
-1.23,-4.87,-0.06,0.13,-0.08,-0.31
-1.19,-4.85,-0.1,0.14,-0.09,-0.31
-1.15,-4.88,-0.1,0.14,-0.09,-0.31
-1.07,-4.87,-0.13,0.15,-0.09,-0.32
-1.11,-4.85,-0.08,0.16,-0.09,-0.32
-1.0,-4.85,-0.11,0.16,-0.08,-0.32
-1.0,-4.88,-0.02,0.16,-0.08,-0.32
-1.0,-4.88,0.04,0.16,-0.07,-0.32
-1.0,-4.83,0.04,0.16,-0.06,-0.32
-1.03,-4.9,0.1,0.16,-0.05,-0.33
-1.05,-4.9,0.13,0.17,-0.05,-0.33
-1.05,-4.92,0.11,0.17,-0.04,-0.33
-1.09,-4.87,0.19,0.18,-0.04,-0.33
-1.19,-4.85,0.23,0.18,-0.04,-0.33
-1.23,-4.98,0.23,0.18,-0.04,-0.33
-1.28,-4.88,0.27,0.19,-0.04,-0.33
-1.28,-5.0,0.23,0.19,-0.05,-0.34
-1.23,-4.92,0.21,0.19,-0.06,-0.34
-1.26,-4.92,0.23,0.2,-0.06,-0.34
-1.21,-4.92,0.17,0.21,-0.07,-0.34
-1.19,-4.92,0.21,0.21,-0.07,-0.34
-1.11,-4.9,0.25,0.22,-0.07,-0.34
-1.07,-4.88,0.25,0.22,-0.08,-0.34
-0.98,-4.92,0.23,0.23,-0.08,-0.34
-0.96,-4.85,0.27,0.23,-0.08,-0.33
-0.86,-4.79,0.31,0.23,-0.08,-0.33
-0.79,-4.83,0.23,0.23,-0.07,-0.33
-0.75,-4.9,0.33,0.23,-0.07,-0.32
-0.75,-4.87,0.34,0.23,-0.07,-0.32
-0.69,-4.92,0.38,0.23,-0.06,-0.32
-0.65,-4.94,0.29,0.23,-0.06,-0.32
-0.71,-4.87,0.4,0.23,-0.06,-0.32
-0.71,-4.92,0.42,0.23,-0.06,-0.32
-0.71,-4.94,0.44,0.23,-0.06,-0.32
-0.71,-5.0,0.48,0.23,-0.06,-0.32
-0.73,-4.92,0.48,0.23,-0.05,-0.31
-0.73,-4.98,0.46,0.23,-0.06,-0.31
-0.73,-4.98,0.46,0.23,-0.06,-0.31
-0.69,-4.98,0.48,0.23,-0.06,-0.3
-0.73,-4.94,0.48,0.24,-0.06,-0.29
-0.75,-4.96,0.48,0.24,-0.06,-0.29
-0.67,-4.94,0.52,0.25,-0.07,-0.28
-0.69,-4.9,0.48,0.26,-0.07,-0.28
-0.65,-4.88,0.5,0.26,-0.07,-0.27
-0.63,-4.87,0.56,0.27,-0.08,-0.26
-0.56,-4.81,0.48,0.27,-0.08,-0.26
-0.59,-4.83,0.5,0.27,-0.07,-0.25
-0.5,-4.87,0.54,0.26,-0.07,-0.24
-0.46,-4.9,0.59,0.26,-0.06,-0.23
-0.44,-4.9,0.61,0.26,-0.06,-0.22
-0.44,-4.9,0.69,0.26,-0.05,-0.22
-0.25,-4.96,0.65,0.26,-0.05,-0.21
-0.4,-5.0,0.59,0.26,-0.05,-0.21
-0.34,-4.92,0.73,0.26,-0.05,-0.2
-0.33,-4.87,0.57,0.26,-0.05,-0.2
-0.31,-4.87,0.65,0.26,-0.05,-0.2
-0.33,-4.83,0.56,0.26,-0.05,-0.19
-0.29,-4.77,0.65,0.26,-0.05,-0.19
-0.19,-4.73,0.69,0.26,-0.05,-0.19
-0.25,-4.77,0.63,0.25,-0.04,-0.18
-0.17,-4.79,0.69,0.25,-0.04,-0.18
-0.17,-4.75,0.71,0.24,-0.04,-0.18
-0.13,-4.81,0.73,0.24,-0.04,-0.18
-0.13,-4.87,0.8,0.23,-0.03,-0.17
-0.15,-4.87,0.8,0.23,-0.03,-0.17
-0.13,-4.79,0.84,0.22,-0.03,-0.17
-0.15,-4.83,0.94,0.21,-0.03,-0.17
-0.11,-4.77,0.88,0.21,-0.04,-0.16
-0.15,-4.79,0.96,0.2,-0.04,-0.15
-0.19,-4.73,1.0,0.2,-0.05,-0.15
-0.11,-4.79,1.0,0.2,-0.06,-0.14
-0.11,-4.77,1.0,0.19,-0.06,-0.14
-0.17,-4.77,1.07,0.19,-0.06,-0.14
-0.1,-4.79,1.02,0.19,-0.07,-0.13
-0.17,-4.75,1.05,0.19,-0.07,-0.13
-0.25,-4.73,1.09,0.18,-0.07,-0.12
-0.23,-4.69,1.02,0.18,-0.07,-0.12
-0.29,-4.67,1.0,0.18,-0.07,-0.12
-0.19,-4.75,1.03,0.17,-0.07,-0.12
-0.25,-4.73,1.07,0.16,-0.08,-0.11
-0.23,-4.75,1.0,0.15,-0.08,-0.11
-0.15,-4.77,1.0,0.15,-0.08,-0.1
-0.04,-4.81,0.92,0.14,-0.08,-0.1
-0.06,-4.79,0.96,0.13,-0.08,-0.09
0.02,-4.9,1.02,0.13,-0.07,-0.09
0.13,-4.9,0.96,0.12,-0.07,-0.09
0.17,-4.87,1.13,0.12,-0.06,-0.09
0.31,-4.94,1.11,0.12,-0.06,-0.08
0.33,-4.88,1.07,0.12,-0.05,-0.09
0.44,-4.94,1.13,0.12,-0.04,-0.09
0.4,-4.87,1.15,0.13,-0.03,-0.09
0.54,-4.87,1.17,0.13,-0.02,-0.09
0.52,-4.88,1.24,0.13,-0.01,-0.09
0.57,-4.92,1.28,0.14,-0.0,-0.09
0.59,-4.92,1.34,0.14,0.01,-0.09
0.56,-4.88,1.19,0.14,0.01,-0.09
0.56,-4.81,1.24,0.15,0.02,-0.1
0.5,-4.77,1.24,0.15,0.02,-0.1
0.52,-4.69,1.17,0.15,0.03,-0.11
0.46,-4.56,1.13,0.15,0.03,-0.12
0.42,-4.56,1.26,0.15,0.03,-0.12
0.42,-4.58,1.17,0.15,0.04,-0.13
0.42,-4.54,1.13,0.15,0.04,-0.13
0.38,-4.56,1.21,0.14,0.05,-0.13
0.34,-4.54,1.24,0.14,0.06,-0.13
0.42,-4.65,1.19,0.14,0.06,-0.13
0.31,-4.69,1.3,0.14,0.08,-0.13
0.31,-4.62,1.3,0.14,0.08,-0.12
0.23,-4.64,1.32,0.14,0.09,-0.12
0.19,-4.65,1.36,0.14,0.09,-0.12
0.15,-4.62,1.42,0.14,0.08,-0.12
0.21,-4.69,1.34,0.14,0.08,-0.11
0.15,-4.71,1.3,0.14,0.08,-0.11
0.19,-4.71,1.3,0.14,0.09,-0.1
0.25,-4.64,1.28,0.14,0.08,-0.09
0.08,-4.52,1.3,0.14,0.08,-0.1
0.13,-4.6,1.36,0.13,0.07,-0.08
0.1,-4.58,1.42,0.12,0.06,-0.07
0.25,-4.69,1.32,0.11,0.06,-0.06
0.17,-4.64,1.36,0.1,0.06,-0.06
0.15,-4.64,1.3,0.1,0.06,-0.05
0.21,-4.6,1.34,0.09,0.06,-0.05
0.17,-4.52,1.28,0.09,0.06,-0.04
0.19,-4.62,1.28,0.08,0.07,-0.04
0.21,-4.58,1.34,0.08,0.07,-0.03
0.19,-4.6,1.36,0.08,0.06,-0.03
0.19,-4.64,1.34,0.08,0.06,-0.02
0.21,-4.65,1.38,0.07,0.06,-0.02
0.17,-4.62,1.42,0.07,0.06,-0.02
0.17,-4.71,1.32,0.07,0.06,-0.02
0.17,-4.67,1.4,0.06,0.05,-0.02
0.17,-4.73,1.36,0.06,0.05,-0.02
0.11,-4.75,1.34,0.05,0.05,-0.02
0.15,-4.71,1.38,0.06,0.05,-0.02
0.15,-4.71,1.34,0.06,0.05,-0.02
0.15,-4.67,1.34,0.06,0.05,-0.03
0.13,-4.75,1.28,0.06,0.05,-0.03
0.02,-4.65,1.26,0.06,0.06,-0.03
0.13,-4.71,1.3,0.06,0.06,-0.03
0.02,-4.75,1.26,0.06,0.06,-0.03
0.0,-4.64,1.34,0.07,0.06,-0.03
-0.04,-4.69,1.28,0.07,0.06,-0.03
-0.06,-4.67,1.28,0.07,0.06,-0.02
-0.02,-4.73,1.32,0.07,0.06,-0.02
-0.08,-4.71,1.38,0.07,0.06,-0.02
-0.06,-4.67,1.32,0.07,0.06,-0.02
-0.1,-4.6,1.32,0.07,0.06,-0.01
-0.04,-4.65,1.38,0.07,0.06,-0.01
-0.02,-4.65,1.34,0.07,0.06,-0.01
-0.04,-4.65,1.4,0.06,0.06,-0.01
-0.04,-4.6,1.3,0.06,0.06,-0.01
0.0,-4.65,1.4,0.05,0.06,-0.01
0.0,-4.64,1.42,0.05,0.05,-0.01
-0.04,-4.67,1.4,0.04,0.06,-0.01
0.0,-4.73,1.49,0.04,0.06,-0.01
0.02,-4.67,1.49,0.04,0.06,-0.01
0.0,-4.65,1.53,0.04,0.06,-0.01
0.04,-4.71,1.53,0.04,0.06,-0.01
0.0,-4.64,1.53,0.04,0.07,-0.01
0.0,-4.65,1.49,0.04,0.07,-0.01
0.0,-4.6,1.53,0.04,0.07,-0.01
0.1,-4.69,1.42,0.05,0.07,-0.0
0.06,-4.56,1.55,0.05,0.06,-0.0
0.04,-4.58,1.51,0.05,0.06,-0.0
0.04,-4.54,1.57,0.05,0.06,0.0
0.02,-4.56,1.49,0.05,0.06,0.0
0.06,-4.54,1.53,0.05,0.06,0.0
0.04,-4.6,1.53,0.05,0.05,0.01
0.06,-4.58,1.47,0.05,0.05,0.01
0.0,-4.56,1.49,0.04,0.05,0.01
0.04,-4.6,1.47,0.04,0.04,0.01
0.06,-4.6,1.59,0.04,0.04,0.01
0.04,-4.6,1.61,0.03,0.04,0.01
0.08,-4.62,1.59,0.03,0.04,0.01
0.1,-4.62,1.53,0.03,0.04,0.01
0.15,-4.6,1.55,0.03,0.04,0.01
0.15,-4.62,1.63,0.03,0.04,0.01
0.17,-4.64,1.63,0.03,0.04,0.01
0.17,-4.65,1.51,0.03,0.05,0.01
0.19,-4.56,1.59,0.03,0.05,0.01
0.19,-4.58,1.53,0.03,0.05,0.01
0.17,-4.6,1.55,0.03,0.05,0.01
0.23,-4.65,1.74,0.03,0.05,0.01
0.23,-4.62,1.51,0.03,0.05,0.02
0.23,-4.58,1.55,0.03,0.05,0.02
0.23,-4.69,1.59,0.02,0.05,0.02
0.25,-4.71,1.61,0.02,0.05,0.02
0.23,-4.65,1.49,0.02,0.05,0.02
0.15,-4.65,1.59,0.02,0.05,0.01
0.23,-4.6,1.53,0.01,0.05,0.01
0.21,-4.6,1.49,0.01,0.06,0.01
0.15,-4.65,1.47,0.01,0.06,0.01
0.19,-4.6,1.49,0.01,0.06,0.01
0.13,-4.65,1.46,0.01,0.07,0.01
0.06,-4.64,1.53,0.01,0.07,0.01
0.11,-4.64,1.51,0.01,0.07,0.01
0.04,-4.62,1.57,0.01,0.07,0.01
0.11,-4.73,1.55,0.01,0.07,0.01
0.11,-4.65,1.51,0.01,0.06,0.0
0.04,-4.75,1.51,0.01,0.06,0.0
0.1,-4.69,1.55,0.01,0.06,0.0
0.02,-4.71,1.55,0.01,0.06,0.0
0.0,-4.71,1.61,0.01,0.06,0.0
-0.02,-4.65,1.57,0.01,0.06,0.0
-0.11,-4.62,1.63,0.02,0.06,0.0
0.02,-4.62,1.61,0.02,0.06,0.0
0.0,-4.65,1.59,0.02,0.06,0.0
-0.02,-4.62,1.59,0.03,0.06,0.01
0.0,-4.6,1.57,0.03,0.06,0.0
0.0,-4.6,1.53,0.03,0.06,0.01
0.0,-4.6,1.53,0.04,0.06,0.01
0.0,-4.56,1.47,0.04,0.06,0.02
0.0,-4.56,1.53,0.04,0.06,0.02
-0.02,-4.58,1.47,0.04,0.06,0.02
0.0,-4.58,1.51,0.04,0.06,0.02
0.02,-4.5,1.49,0.04,0.06,0.03
0.02,-4.56,1.53,0.03,0.06,0.02
0.04,-4.6,1.51,0.03,0.06,0.03
0.06,-4.6,1.49,0.03,0.06,0.03
0.04,-4.54,1.51,0.02,0.06,0.02
0.02,-4.64,1.53,0.02,0.06,0.02
0.02,-4.58,1.47,0.02,0.06,0.02
0.04,-4.58,1.49,0.01,0.06,0.02
0.02,-4.64,1.55,0.01,0.07,0.02
0.0,-4.62,1.42,0.01,0.07,0.02
0.13,-4.64,1.47,0.01,0.07,0.03
0.0,-4.65,1.57,0.01,0.07,0.03
0.02,-4.69,1.49,0.01,0.07,0.03
-0.1,-4.64,1.53,0.01,0.07,0.03
-0.04,-4.65,1.49,0.01,0.07,0.03
-0.04,-4.62,1.51,0.01,0.07,0.03
-0.06,-4.65,1.47,0.01,0.07,0.03
-0.04,-4.64,1.53,0.01,0.07,0.03
-0.04,-4.64,1.47,0.01,0.07,0.03
-0.04,-4.6,1.53,0.01,0.07,0.03
-0.02,-4.67,1.47,0.01,0.07,0.03
0.02,-4.64,1.47,0.02,0.07,0.03
0.0,-4.67,1.47,0.02,0.07,0.03
-0.11,-4.64,1.55,0.02,0.07,0.03
-0.06,-4.64,1.51,0.02,0.06,0.03
-0.02,-4.6,1.57,0.02,0.06,0.03
0.0,-4.65,1.57,0.02,0.06,0.03
0.0,-4.64,1.51,0.02,0.06,0.02
0.06,-4.67,1.55,0.02,0.06,0.02
0.02,-4.67,1.53,0.02,0.06,0.02
0.02,-4.6,1.57,0.02,0.06,0.02
0.02,-4.64,1.61,0.02,0.06,0.02
0.0,-4.65,1.65,0.02,0.06,0.02
-0.17,-4.56,1.57,0.02,0.06,0.02
-0.04,-4.56,1.59,0.02,0.06,0.02
-0.04,-4.62,1.55,0.03,0.06,0.02
0.0,-4.6,1.67,0.02,0.06,0.02
0.0,-4.56,1.59,0.02,0.06,0.02
-0.04,-4.58,1.51,0.02,0.06,0.02
0.0,-4.67,1.65,0.02,0.06,0.01
-0.06,-4.58,1.63,0.02,0.06,0.01
-0.04,-4.65,1.59,0.03,0.06,0.01
-0.02,-4.64,1.63,0.03,0.06,0.01
-0.04,-4.6,1.65,0.03,0.06,0.01
-0.02,-4.56,1.65,0.03,0.06,0.01
-0.02,-4.58,1.67,0.03,0.06,0.01
0.0,-4.58,1.74,0.03,0.06,0.01
-0.06,-4.56,1.7,0.03,0.06,0.01
0.0,-4.58,1.74,0.03,0.06,0.01
0.0,-4.58,1.76,0.03,0.06,0.01
-0.02,-4.56,1.65,0.03,0.05,0.01
0.0,-4.54,1.65,0.03,0.05,0.01
0.0,-4.56,1.72,0.03,0.05,0.02
0.0,-4.52,1.69,0.03,0.05,0.02
0.0,-4.44,1.61,0.03,0.04,0.02
-0.02,-4.56,1.65,0.02,0.04,0.02
-0.02,-4.54,1.7,0.02,0.04,0.02
0.0,-4.58,1.74,0.02,0.04,0.02
-0.02,-4.62,1.74,0.02,0.04,0.02
-0.08,-4.6,1.72,0.02,0.04,0.03
-0.04,-4.64,1.7,0.02,0.04,0.03
-0.06,-4.6,1.7,0.02,0.03,0.03
-0.15,-4.6,1.78,0.02,0.03,0.03
-0.08,-4.6,1.67,0.02,0.03,0.03
-0.13,-4.54,1.72,0.02,0.02,0.03
-0.13,-4.58,1.65,0.03,0.02,0.03
-0.1,-4.56,1.7,0.03,0.02,0.03
-0.13,-4.58,1.67,0.03,0.02,0.03
-0.08,-4.54,1.61,0.03,0.02,0.03
-0.1,-4.5,1.63,0.03,0.02,0.03
-0.13,-4.5,1.63,0.02,0.02,0.03
-0.02,-4.56,1.63,0.02,0.02,0.03
-0.17,-4.52,1.69,0.02,0.02,0.02
-0.1,-4.54,1.72,0.02,0.02,0.02
-0.08,-4.54,1.69,0.02,0.02,0.02
-0.1,-4.54,1.69,0.02,0.02,0.02
-0.11,-4.54,1.7,0.02,0.02,0.02
-0.15,-4.56,1.78,0.02,0.02,0.02
-0.21,-4.56,1.74,0.02,0.02,0.02
-0.17,-4.62,1.76,0.02,0.02,0.01
-0.19,-4.52,1.7,0.02,0.02,0.01
-0.13,-4.6,1.69,0.02,0.02,0.01
-0.11,-4.69,1.67,0.02,0.02,0.01
-0.21,-4.6,1.67,0.02,0.03,0.0
-0.17,-4.6,1.63,0.02,0.03,0.0
-0.17,-4.6,1.65,0.02,0.03,-0.0
-0.1,-4.64,1.67,0.02,0.03,-0.0
-0.13,-4.54,1.57,0.02,0.03,-0.01
-0.08,-4.54,1.65,0.02,0.04,-0.01
-0.11,-4.56,1.63,0.02,0.04,-0.01
-0.13,-4.54,1.7,0.02,0.04,-0.01
-0.1,-4.58,1.69,0.02,0.04,-0.01
0.0,-4.58,1.67,0.02,0.04,-0.01
-0.02,-4.56,1.67,0.02,0.04,-0.01
0.0,-4.54,1.67,0.02,0.05,-0.01
0.0,-4.58,1.78,0.02,0.05,-0.01
0.0,-4.56,1.67,0.01,0.05,-0.01
0.02,-4.6,1.9,0.01,0.05,-0.01
0.02,-4.58,1.74,0.01,0.05,-0.01
0.04,-4.56,1.72,0.01,0.05,-0.01
0.06,-4.64,1.72,0.0,0.05,-0.01
0.1,-4.67,1.69,0.0,0.05,-0.01
0.04,-4.56,1.7,0.0,0.05,-0.01
0.04,-4.6,1.72,0.0,0.05,-0.01
0.02,-4.54,1.65,0.0,0.05,-0.01
0.0,-4.56,1.55,0.0,0.05,-0.01
0.06,-4.58,1.67,0.0,0.05,-0.01
0.08,-4.56,1.65,0.0,0.05,-0.01
0.06,-4.58,1.63,0.0,0.04,-0.0
0.08,-4.42,1.61,0.0,0.04,-0.0
0.11,-4.58,1.65,0.0,0.04,-0.0
0.1,-4.58,1.7,0.0,0.04,-0.0
0.08,-4.62,1.72,0.0,0.04,-0.0
0.02,-4.58,1.7,0.0,0.04,-0.0
0.0,-4.62,1.65,0.0,0.04,-0.0
0.02,-4.6,1.69,0.0,0.04,-0.0
0.0,-4.52,1.7,0.01,0.03,-0.0
-0.04,-4.54,1.67,0.01,0.03,-0.0
0.0,-4.62,1.65,0.01,0.03,-0.0
0.0,-4.56,1.76,0.01,0.03,-0.0
-0.04,-4.64,1.84,0.01,0.03,0.0
-0.1,-4.56,1.76,0.01,0.03,0.0
-0.06,-4.56,1.69,0.01,0.03,0.0
-0.15,-4.52,1.72,0.01,0.03,0.0
-0.13,-4.56,1.7,0.01,0.03,0.01
-0.13,-4.56,1.74,0.01,0.03,0.01
-0.11,-4.52,1.67,0.01,0.03,0.01
-0.17,-4.58,1.67,0.01,0.03,0.01
-0.17,-4.58,1.65,0.01,0.03,0.01
-0.17,-4.56,1.63,0.01,0.03,0.01
-0.17,-4.56,1.78,0.01,0.03,0.01
-0.19,-4.56,1.65,0.01,0.03,0.01
-0.19,-4.5,1.72,0.01,0.03,0.01
-0.19,-4.6,1.74,0.01,0.02,0.01
-0.15,-4.64,1.7,0.01,0.02,0.01
-0.19,-4.56,1.72,0.01,0.02,0.01
-0.17,-4.58,1.76,0.01,0.02,0.01
-0.17,-4.56,1.69,0.01,0.02,0.01
-0.13,-4.54,1.78,0.01,0.02,0.01
-0.17,-4.58,1.72,0.01,0.02,0.01
-0.17,-4.54,1.82,0.01,0.02,0.01
-0.17,-4.62,1.78,0.01,0.02,0.01
-0.13,-4.5,1.7,0.01,0.02,0.01
-0.1,-4.56,1.7,0.01,0.02,0.01
-0.06,-4.52,1.76,0.01,0.03,0.01
-0.08,-4.56,1.72,0.01,0.03,0.01
-0.11,-4.54,1.69,0.01,0.03,0.01
-0.04,-4.48,1.72,0.01,0.03,0.01
-0.02,-4.58,1.67,0.0,0.03,0.01
-0.02,-4.48,1.63,0.0,0.03,0.01
-0.06,-4.48,1.69,0.0,0.03,0.01
0.0,-4.44,1.72,0.0,0.03,0.01
-0.02,-4.52,1.69,0.0,0.03,0.01
-0.06,-4.5,1.76,0.0,0.03,0.01
0.02,-4.56,1.67,0.0,0.03,0.01
-0.06,-4.48,1.76,0.0,0.03,0.01
0.0,-4.52,1.76,-0.0,0.03,0.0
0.0,-4.56,1.78,-0.0,0.03,0.0
-0.04,-4.54,1.69,-0.0,0.03,0.0
0.02,-4.56,1.7,-0.0,0.03,0.0
0.0,-4.52,1.7,-0.0,0.03,0.0
0.02,-4.54,1.69,-0.0,0.04,0.0
0.02,-4.54,1.7,-0.0,0.04,0.0
-0.02,-4.48,1.8,-0.0,0.04,0.0
0.0,-4.58,1.65,-0.0,0.04,0.0
0.0,-4.52,1.74,-0.0,0.04,0.0
-0.02,-4.5,1.7,-0.01,0.04,0.0
0.0,-4.58,1.72,-0.0,0.04,0.0
0.0,-4.56,1.65,-0.0,0.04,0.0
0.02,-4.58,1.69,-0.0,0.04,0.0
-0.04,-4.6,1.72,-0.0,0.04,0.0
-0.06,-4.5,1.72,-0.0,0.04,0.0
0.0,-4.56,1.7,-0.0,0.04,0.0
-0.02,-4.54,1.76,-0.0,0.04,0.0
0.0,-4.56,1.69,-0.0,0.04,0.0
-0.04,-4.58,1.72,-0.0,0.04,0.0
-0.08,-4.52,1.72,-0.0,0.04,0.0
-0.04,-4.56,1.69,-0.0,0.04,0.0
-0.11,-4.56,1.74,-0.0,0.04,0.0
-0.02,-4.54,1.74,-0.0,0.04,0.0
-0.04,-4.6,1.7,-0.0,0.04,0.0
-0.04,-4.62,1.67,-0.0,0.05,0.0
0.0,-4.58,1.7,-0.0,0.05,0.01
-0.04,-4.54,1.7,-0.0,0.05,0.01
-0.08,-4.6,1.8,-0.0,0.04,0.01
-0.06,-4.54,1.8,-0.0,0.04,0.01
-0.04,-4.54,1.69,0.0,0.04,0.01
0.0,-4.54,1.67,0.0,0.04,0.01
-0.04,-4.64,1.63,0.0,0.04,0.01
-0.06,-4.6,1.72,0.0,0.04,0.01
-0.17,-4.56,1.7,0.0,0.04,0.01
-0.13,-4.56,1.8,0.0,0.04,0.01
-0.1,-4.54,1.7,0.0,0.04,0.01
-0.08,-4.54,1.7,0.0,0.04,0.01
-0.1,-4.52,1.7,0.0,0.04,0.01
-0.04,-4.54,1.7,0.0,0.04,0.01
-0.11,-4.52,1.74,0.0,0.04,0.01
-0.1,-4.56,1.76,0.0,0.04,0.01
-0.08,-4.54,1.74,0.0,0.04,0.01
-0.15,-4.54,1.8,0.0,0.04,0.01
-0.17,-4.5,1.78,0.0,0.04,0.01
-0.06,-4.56,1.7,0.0,0.04,0.01
-0.11,-4.54,1.74,0.0,0.04,0.01
-0.17,-4.48,1.8,0.0,0.04,0.01
-0.06,-4.52,1.72,-0.0,0.04,0.01
-0.1,-4.58,1.76,-0.0,0.04,0.01
-0.08,-4.6,1.72,-0.0,0.04,0.01
-0.06,-4.52,1.76,-0.0,0.04,0.01
-0.08,-4.56,1.7,0.0,0.04,0.0
-0.08,-4.58,1.67,0.0,0.04,0.0
-0.11,-4.52,1.76,0.0,0.04,0.0
-0.13,-4.54,1.7,0.0,0.04,0.0
-0.08,-4.56,1.72,0.0,0.04,0.0
-0.04,-4.54,1.69,0.0,0.04,0.0
-0.1,-4.56,1.69,-0.0,0.04,0.0
-0.1,-4.5,1.78,-0.0,0.04,0.0
-0.11,-4.54,1.76,-0.0,0.04,0.0
-0.1,-4.6,1.8,-0.0,0.04,0.0
-0.11,-4.54,1.76,0.0,0.04,0.0
-0.08,-4.56,1.78,0.0,0.04,0.0
-0.1,-4.5,1.76,-0.0,0.04,0.0
-0.06,-4.54,1.82,-0.0,0.04,0.0
-0.06,-4.52,1.82,-0.0,0.04,0.0
-0.04,-4.54,1.69,-0.0,0.04,0.0
-0.15,-4.52,1.78,-0.0,0.04,0.0
-0.1,-4.52,1.8,-0.0,0.04,0.0
-0.06,-4.58,1.78,-0.0,0.04,0.0
-0.04,-4.48,1.74,-0.0,0.04,0.0
-0.1,-4.64,1.67,-0.0,0.04,0.0
-0.1,-4.54,1.8,-0.0,0.04,0.0
0.0,-4.54,1.69,-0.0,0.04,0.0
-0.02,-4.54,1.72,-0.0,0.04,0.0
-0.13,-4.54,1.8,-0.0,0.03,0.0
-0.04,-4.5,1.69,-0.0,0.03,0.0
-0.08,-4.54,1.7,-0.0,0.03,0.0
-0.1,-4.54,1.76,-0.0,0.04,0.0
-0.06,-4.54,1.72,-0.0,0.03,0.0
-0.08,-4.58,1.78,-0.0,0.03,0.0
-0.13,-4.54,1.74,-0.0,0.04,0.0
-0.04,-4.56,1.88,-0.0,0.04,0.0
-0.04,-4.58,1.76,-0.0,0.04,0.0
-0.11,-4.54,1.76,-0.0,0.04,0.0
-0.04,-4.56,1.67,-0.0,0.03,0.0
-0.08,-4.54,1.72,-0.0,0.04,0.0
-0.11,-4.58,1.67,-0.0,0.04,0.0
-0.02,-4.54,1.74,-0.0,0.04,0.0
-0.13,-4.52,1.72,-0.0,0.04,0.0
-0.06,-4.52,1.69,-0.0,0.04,0.0
-0.04,-4.48,1.7,-0.0,0.04,0.0
-0.06,-4.58,1.76,-0.0,0.04,0.0
-0.08,-4.52,1.74,-0.0,0.04,0.0
0.08,-4.46,1.86,-0.0,0.04,0.0
-0.04,-4.52,1.69,-0.0,0.04,0.0
-0.08,-4.5,1.74,-0.0,0.04,0.0
-0.11,-4.52,1.76,-0.0,0.04,0.0
-0.06,-4.6,1.72,-0.0,0.04,0.0
-0.06,-4.54,1.74,-0.0,0.04,0.0
0.0,-4.58,1.8,-0.0,0.04,0.0
-0.11,-4.6,1.74,-0.0,0.04,0.0
-0.08,-4.56,1.76,-0.0,0.04,0.0
-0.11,-4.6,1.82,-0.0,0.04,0.0
-0.08,-4.56,1.8,-0.0,0.04,0.0
-0.02,-4.54,1.72,-0.0,0.04,0.0
-0.08,-4.52,1.78,-0.0,0.04,0.0
-0.08,-4.56,1.76,-0.0,0.04,0.0
-0.04,-4.5,1.76,-0.0,0.04,-0.0
-0.06,-4.6,1.72,-0.0,0.04,0.0
-0.15,-4.42,1.8,-0.0,0.04,-0.0
-0.06,-4.54,1.84,-0.0,0.04,-0.0
-0.02,-4.6,1.78,-0.0,0.04,0.0
-0.1,-4.54,1.74,-0.0,0.04,0.0
-0.06,-4.52,1.8,-0.0,0.04,0.0
-0.23,-4.52,1.8,-0.0,0.04,0.0
-0.04,-4.54,1.78,-0.0,0.04,0.0
-0.06,-4.54,1.76,-0.0,0.04,0.0
-0.11,-4.56,1.74,-0.0,0.04,0.0
-0.06,-4.5,1.78,-0.0,0.04,0.0
-0.11,-4.5,1.74,-0.0,0.04,0.0
-0.13,-4.52,1.76,-0.0,0.04,0.0
-0.19,-4.54,1.76,-0.0,0.04,0.0
-0.08,-4.52,1.72,-0.0,0.04,0.0
-0.06,-4.6,1.76,-0.0,0.04,0.0
-0.13,-4.52,1.76,-0.0,0.04,0.0
-0.15,-4.58,1.76,-0.0,0.04,0.0
-0.08,-4.52,1.74,-0.0,0.03,0.0
-0.13,-4.58,1.82,-0.0,0.04,0.0
-0.17,-4.5,1.76,-0.01,0.03,0.0
-0.11,-4.54,1.72,-0.0,0.03,0.0
-0.13,-4.52,1.74,-0.0,0.03,0.0
-0.11,-4.48,1.74,-0.0,0.04,0.0
-0.02,-4.56,1.78,-0.0,0.04,0.0
-0.1,-4.56,1.76,-0.0,0.04,0.0
-0.11,-4.56,1.72,-0.0,0.04,0.0
-0.1,-4.54,1.7,-0.01,0.04,0.0
-0.1,-4.56,1.84,-0.01,0.04,0.0
0.0,-4.54,1.8,-0.01,0.04,0.0
-0.1,-4.56,1.7,-0.01,0.04,0.0
-0.1,-4.56,1.78,-0.01,0.04,0.0
-0.08,-4.54,1.74,-0.0,0.04,0.0
-0.1,-4.52,1.8,-0.0,0.04,0.0
-0.13,-4.48,1.72,-0.0,0.03,0.0
-0.11,-4.48,1.72,-0.0,0.03,0.0
-0.15,-4.52,1.72,-0.0,0.04,0.0
-0.11,-4.56,1.82,-0.0,0.04,0.0
-0.11,-4.46,1.8,-0.0,0.04,0.0
-0.13,-4.48,1.78,-0.0,0.04,0.0
-0.13,-4.54,1.67,-0.0,0.04,0.0
-0.06,-4.58,1.82,-0.0,0.04,0.0
-0.06,-4.58,1.72,-0.0,0.04,0.0
-0.17,-4.54,1.76,-0.0,0.04,0.0
-0.06,-4.56,1.7,-0.0,0.04,0.0
-0.11,-4.56,1.7,-0.0,0.04,0.0
-0.06,-4.5,1.74,-0.0,0.04,0.0
-0.06,-4.6,1.82,-0.0,0.04,0.0
-0.08,-4.5,1.84,-0.0,0.04,0.0
0.0,-4.56,1.78,-0.0,0.04,0.0
-0.13,-4.5,1.8,-0.0,0.04,0.0
-0.04,-4.58,1.78,-0.0,0.04,0.0
-0.15,-4.52,1.8,-0.01,0.04,0.0
-0.11,-4.54,1.72,-0.01,0.04,0.0
-0.1,-4.54,1.74,-0.0,0.04,0.0
-0.15,-4.56,1.74,-0.0,0.04,0.0
-0.06,-4.58,1.72,-0.0,0.04,0.0
-0.04,-4.54,1.76,-0.0,0.04,0.0
-0.13,-4.56,1.76,-0.0,0.04,0.0
-0.08,-4.54,1.69,-0.0,0.04,-0.0
-0.1,-4.52,1.78,-0.0,0.04,-0.0
-0.1,-4.52,1.76,-0.0,0.04,0.0
-0.1,-4.56,1.78,-0.01,0.04,-0.0
-0.06,-4.58,1.76,-0.01,0.04,-0.0
-0.04,-4.6,1.76,-0.01,0.04,-0.0
-0.13,-4.56,1.76,-0.0,0.04,-0.0
-0.1,-4.46,1.72,-0.0,0.04,-0.0
-0.08,-4.54,1.8,-0.0,0.04,-0.0
-0.1,-4.54,1.82,-0.0,0.04,-0.0
-0.11,-4.52,1.74,-0.0,0.04,-0.0
-0.1,-4.54,1.8,-0.01,0.04,0.0
-0.13,-4.52,1.74,-0.01,0.04,0.0
-0.06,-4.35,1.74,-0.01,0.04,0.0
-0.08,-4.56,1.78,-0.01,0.04,-0.0
-0.08,-4.48,1.74,-0.0,0.04,-0.0
-0.06,-4.52,1.8,-0.01,0.04,-0.0
-0.13,-4.56,1.76,-0.01,0.04,-0.0
-0.13,-4.54,1.76,-0.01,0.04,-0.0
-0.13,-4.52,1.8,-0.01,0.04,-0.0
-0.11,-4.54,1.76,-0.01,0.04,-0.0
-0.11,-4.58,1.76,-0.01,0.04,-0.0
-0.11,-4.52,1.76,-0.01,0.04,-0.0
-0.13,-4.52,1.82,-0.01,0.04,-0.0
-0.08,-4.52,1.67,-0.01,0.04,0.0
-0.08,-4.56,1.72,-0.01,0.04,-0.0
-0.11,-4.5,1.76,-0.01,0.04,-0.0
-0.1,-4.58,1.78,-0.01,0.03,-0.0
-0.1,-4.52,1.74,-0.01,0.04,-0.0
-0.11,-4.52,1.72,-0.01,0.04,-0.0
-0.11,-4.54,1.74,-0.01,0.04,0.0
-0.08,-4.54,1.82,-0.01,0.04,-0.0
-0.04,-4.52,1.82,-0.01,0.04,-0.0
-0.06,-4.52,1.86,-0.01,0.04,0.0
-0.11,-4.62,1.86,-0.01,0.04,-0.0
-0.04,-4.52,1.7,-0.01,0.04,0.0
-0.1,-4.54,1.74,-0.01,0.04,0.0
-0.11,-4.58,1.78,-0.01,0.04,0.0
-0.13,-4.5,1.74,-0.01,0.03,0.0
-0.15,-4.5,1.76,-0.01,0.03,0.0
-0.13,-4.52,1.78,-0.01,0.03,0.0
-0.1,-4.56,1.76,-0.01,0.03,0.0
