accX,accY,accZ,gyroX,gyroY,gyroZ
0.13,-4.56,1.36,-0.0,0.03,-0.0
0.11,-4.62,1.34,-0.0,0.03,-0.0
0.15,-4.58,1.36,-0.01,0.03,-0.0
0.15,-4.56,1.34,-0.01,0.04,-0.0
0.21,-4.52,1.32,-0.01,0.04,-0.0
0.13,-4.52,1.3,-0.0,0.04,-0.0
0.08,-4.58,1.42,-0.0,0.04,-0.0
0.1,-4.56,1.4,-0.0,0.04,-0.0
0.17,-4.64,1.34,-0.0,0.03,-0.0
0.1,-4.58,1.4,-0.0,0.03,-0.0
0.08,-4.6,1.42,-0.0,0.03,-0.0
0.08,-4.56,1.42,-0.0,0.03,-0.0
0.08,-4.62,1.38,-0.0,0.03,-0.0
0.1,-4.64,1.4,-0.01,0.03,-0.0
0.1,-4.58,1.34,-0.01,0.03,-0.0
0.08,-4.6,1.42,-0.01,0.03,-0.0
0.08,-4.64,1.4,-0.01,0.03,-0.0
0.1,-4.58,1.34,-0.01,0.04,-0.0
0.13,-4.62,1.4,-0.01,0.04,-0.0
0.11,-4.58,1.38,-0.01,0.04,-0.0
0.1,-4.58,1.38,-0.01,0.04,-0.0
0.23,-4.6,1.24,-0.01,0.04,-0.0
0.19,-4.69,1.61,-0.01,0.04,-0.0
0.44,-4.39,1.53,-0.01,0.04,-0.0
0.23,-4.62,1.3,-0.01,0.04,-0.0
0.13,-4.64,1.3,-0.01,0.03,-0.0
0.13,-4.58,1.38,-0.01,0.03,-0.0
0.15,-4.65,1.38,-0.01,0.03,-0.0
0.1,-4.54,1.57,-0.01,0.03,-0.0
0.08,-4.41,1.34,-0.01,0.03,-0.0
0.13,-4.54,1.57,-0.01,0.03,-0.0
0.06,-4.46,1.15,-0.01,0.03,-0.0
0.0,-4.56,1.36,-0.02,0.03,-0.0
0.0,-4.54,1.24,-0.02,0.03,-0.0
0.08,-4.62,1.3,-0.02,0.03,-0.0
0.11,-4.6,1.47,-0.02,0.03,-0.0
0.15,-4.48,1.44,-0.02,0.03,-0.0
0.06,-4.64,1.49,-0.02,0.03,-0.0
0.38,-4.41,1.61,-0.02,0.03,-0.0
0.11,-4.58,1.44,-0.02,0.03,-0.0
0.1,-4.56,1.32,-0.02,0.03,-0.0
0.08,-4.52,1.4,-0.02,0.03,0.0
0.13,-4.48,1.46,-0.02,0.03,-0.0
0.15,-4.56,1.44,-0.02,0.03,0.0
0.13,-4.54,1.36,-0.02,0.03,-0.0
0.13,-4.5,1.36,-0.02,0.03,-0.0
0.19,-4.56,1.38,-0.03,0.03,-0.0
0.13,-4.52,1.36,-0.03,0.03,-0.0
0.17,-4.62,1.3,-0.03,0.03,-0.0
0.15,-4.6,1.36,-0.03,0.03,-0.0
0.17,-4.58,1.36,-0.04,0.03,-0.0
0.13,-4.56,1.38,-0.04,0.03,-0.0
0.13,-4.54,1.38,-0.04,0.03,-0.0
0.15,-4.62,1.44,-0.04,0.03,-0.0
0.11,-4.64,1.44,-0.04,0.03,-0.0
0.11,-4.62,1.4,-0.04,0.03,-0.0
0.11,-4.6,1.36,-0.04,0.03,-0.0
0.06,-4.58,1.34,-0.04,0.03,-0.0
0.11,-4.58,1.36,-0.04,0.03,-0.0
0.13,-4.62,1.36,-0.04,0.03,-0.0
0.15,-4.58,1.38,-0.04,0.03,-0.0
0.13,-4.56,1.34,-0.04,0.03,-0.0
0.11,-4.56,1.38,-0.04,0.03,-0.0
0.11,-4.6,1.38,-0.04,0.03,-0.0
0.11,-4.64,1.3,-0.04,0.04,-0.0
0.13,-4.58,1.32,-0.04,0.03,-0.0
0.06,-4.56,1.4,-0.04,0.03,-0.0
0.11,-4.65,1.34,-0.05,0.03,-0.0
0.13,-4.65,1.34,-0.05,0.03,-0.0
0.13,-4.64,1.36,-0.04,0.03,-0.0
0.13,-4.65,1.28,-0.04,0.03,-0.0
0.1,-4.64,1.34,-0.04,0.03,-0.0
0.08,-4.6,1.34,-0.04,0.03,-0.0
0.06,-4.62,1.34,-0.04,0.03,-0.0
0.13,-4.62,1.34,-0.04,0.03,-0.0
0.1,-4.62,1.26,-0.04,0.03,-0.0
0.11,-4.65,1.26,-0.04,0.03,-0.0
0.1,-4.65,1.3,-0.04,0.03,0.0
0.13,-4.62,1.3,-0.04,0.03,-0.0
0.11,-4.64,1.34,-0.04,0.03,-0.0
0.1,-4.62,1.3,-0.04,0.03,-0.0
0.11,-4.65,1.23,-0.04,0.03,-0.0
0.06,-4.65,1.28,-0.03,0.04,-0.0
0.08,-4.6,1.28,-0.03,0.04,-0.0
0.11,-4.65,1.21,-0.03,0.04,-0.0
0.11,-4.62,1.28,-0.03,0.04,-0.0
0.1,-4.6,1.26,-0.03,0.04,-0.01
0.13,-4.64,1.24,-0.03,0.04,-0.0
0.1,-4.62,1.28,-0.03,0.04,-0.0
0.1,-4.64,1.26,-0.04,0.04,-0.0
0.1,-4.65,1.3,-0.04,0.04,-0.0
0.1,-4.58,1.26,-0.04,0.04,-0.0
0.13,-4.65,1.23,-0.04,0.04,-0.0
0.13,-4.62,1.3,-0.04,0.04,-0.0
0.13,-4.67,1.26,-0.04,0.03,-0.0
0.11,-4.67,1.24,-0.04,0.03,-0.0
0.1,-4.67,1.24,-0.03,0.03,-0.01
0.08,-4.65,1.24,-0.03,0.03,-0.01
0.13,-4.67,1.34,-0.03,0.03,-0.01
0.08,-4.64,1.26,-0.03,0.03,-0.01
0.1,-4.64,1.32,-0.03,0.03,-0.01
0.11,-4.6,1.32,-0.03,0.03,-0.01
0.08,-4.64,1.3,-0.03,0.03,-0.01
0.1,-4.64,1.28,-0.03,0.03,-0.0
0.08,-4.62,1.23,-0.02,0.03,-0.0
0.08,-4.6,1.23,-0.02,0.03,-0.0
0.08,-4.64,1.26,-0.02,0.03,-0.0
0.1,-4.67,1.26,-0.02,0.03,0.0
0.15,-4.64,1.24,-0.02,0.03,0.0
0.13,-4.65,1.32,-0.02,0.03,0.0
0.15,-4.67,1.24,-0.02,0.03,0.0
0.13,-4.64,1.24,-0.02,0.03,0.0
0.11,-4.65,1.26,-0.02,0.03,0.0
0.19,-4.67,1.28,-0.02,0.03,0.0
0.1,-4.58,1.26,-0.02,0.03,0.0
0.13,-4.67,1.32,-0.02,0.03,0.0
0.15,-4.64,1.26,-0.02,0.03,-0.0
0.13,-4.56,1.28,-0.01,0.04,0.0
0.13,-4.64,1.21,-0.01,0.04,-0.0
0.17,-4.6,1.23,-0.02,0.04,0.0
0.13,-4.6,1.32,-0.02,0.04,-0.0
0.08,-4.58,1.32,-0.02,0.04,0.0
0.15,-4.65,1.26,-0.02,0.04,0.0
0.11,-4.62,1.23,-0.02,0.04,0.0
0.17,-4.58,1.24,-0.03,0.04,0.0
0.13,-4.64,1.23,-0.03,0.04,0.0
0.21,-4.62,1.26,-0.03,0.04,-0.0
0.17,-4.56,1.23,-0.03,0.04,0.0
0.15,-4.6,1.17,-0.03,0.04,-0.0
0.13,-4.62,1.24,-0.03,0.04,0.0
0.27,-4.62,1.24,-0.03,0.04,-0.0
0.19,-4.58,1.24,-0.03,0.04,0.0
0.15,-4.58,1.23,-0.03,0.04,0.0
0.21,-4.62,1.24,-0.03,0.04,0.0
0.17,-4.62,1.28,-0.03,0.04,-0.0
0.15,-4.64,1.19,-0.03,0.04,-0.0
0.21,-4.58,1.3,-0.04,0.04,-0.0
0.15,-4.6,1.32,-0.04,0.04,0.0
0.15,-4.67,1.3,-0.04,0.04,-0.0
0.19,-4.69,1.24,-0.04,0.04,0.0
0.13,-4.62,1.23,-0.04,0.04,-0.0
0.06,-4.62,1.15,-0.04,0.04,0.0
0.1,-4.65,1.28,-0.04,0.04,0.0
0.06,-4.65,1.23,-0.03,0.04,0.0
0.1,-4.65,1.21,-0.03,0.04,-0.0
0.04,-4.65,1.23,-0.03,0.04,0.0
0.02,-4.6,1.3,-0.03,0.04,-0.0
0.04,-4.6,1.32,-0.03,0.04,0.0
0.08,-4.65,1.28,-0.03,0.04,-0.0
0.02,-4.64,1.32,-0.03,0.04,0.0
0.04,-4.62,1.23,-0.03,0.04,-0.0
0.0,-4.67,1.17,-0.03,0.04,0.0
0.04,-4.67,1.26,-0.03,0.04,-0.0
0.04,-4.69,1.23,-0.03,0.04,0.0
0.04,-4.65,1.24,-0.03,0.04,-0.0
0.08,-4.69,1.24,-0.03,0.04,-0.0
0.08,-4.62,1.26,-0.03,0.04,-0.0
0.08,-4.67,1.19,-0.02,0.04,-0.0
0.08,-4.62,1.26,-0.02,0.04,-0.0
0.06,-4.65,1.17,-0.02,0.04,-0.0
0.08,-4.65,1.24,-0.03,0.04,-0.0
0.13,-4.69,1.23,-0.03,0.04,-0.0
0.1,-4.62,1.21,-0.03,0.04,-0.0
0.1,-4.62,1.21,-0.03,0.04,-0.0
0.11,-4.69,1.23,-0.03,0.04,-0.0
0.06,-4.65,1.26,-0.03,0.04,-0.0
0.06,-4.65,1.11,-0.04,0.04,-0.0
0.06,-4.65,1.19,-0.03,0.04,-0.0
0.1,-4.67,1.21,-0.03,0.04,-0.0
0.1,-4.65,1.17,-0.03,0.04,-0.0
0.04,-4.64,1.28,-0.03,0.04,-0.0
0.06,-4.69,1.21,-0.03,0.04,-0.0
0.1,-4.67,1.23,-0.03,0.04,-0.0
0.1,-4.73,1.23,-0.03,0.04,-0.0
0.11,-4.65,1.24,-0.03,0.05,-0.0
0.1,-4.62,1.24,-0.02,0.05,-0.0
0.11,-4.65,1.21,-0.02,0.05,-0.0
0.11,-4.65,1.24,-0.02,0.05,-0.0
0.17,-4.65,1.23,-0.02,0.05,-0.0
0.15,-4.67,1.26,-0.02,0.05,-0.0
0.15,-4.64,1.23,-0.02,0.04,-0.0
0.17,-4.65,1.21,-0.02,0.04,-0.0
0.17,-4.64,1.23,-0.02,0.04,-0.01
0.11,-4.6,1.15,-0.02,0.04,-0.0
0.17,-4.67,1.26,-0.02,0.04,-0.01
0.15,-4.69,1.19,-0.02,0.04,-0.01
0.13,-4.64,1.15,-0.02,0.04,-0.01
0.11,-4.64,1.19,-0.02,0.04,-0.0
0.11,-4.67,1.21,-0.02,0.04,-0.01
0.1,-4.65,1.19,-0.02,0.04,-0.0
0.13,-4.65,1.15,-0.02,0.04,-0.0
0.08,-4.67,1.09,-0.02,0.04,-0.0
0.06,-4.65,1.17,-0.02,0.04,-0.0
0.13,-4.64,1.13,-0.02,0.04,-0.0
0.15,-4.67,1.17,-0.02,0.04,-0.0
0.1,-4.71,1.19,-0.02,0.04,-0.0
0.15,-4.67,1.13,-0.02,0.04,-0.0
0.06,-4.65,1.24,-0.02,0.04,-0.0
0.1,-4.64,1.3,-0.02,0.04,-0.0
0.11,-4.64,1.19,-0.02,0.04,0.0
0.13,-4.64,1.15,-0.02,0.04,-0.0
0.11,-4.64,1.21,-0.02,0.04,-0.0
0.08,-4.6,1.17,-0.03,0.04,-0.0
0.1,-4.62,1.17,-0.03,0.04,-0.0
0.08,-4.62,1.23,-0.03,0.04,-0.0
0.11,-4.67,1.19,-0.03,0.04,-0.0
0.1,-4.64,1.23,-0.03,0.03,-0.0
0.15,-4.69,1.19,-0.03,0.03,-0.0
0.13,-4.71,1.23,-0.03,0.03,-0.0
0.1,-4.73,1.19,-0.03,0.03,0.0
0.11,-4.67,1.3,-0.02,0.03,-0.0
0.08,-4.75,1.19,-0.02,0.03,0.0
0.1,-4.67,1.15,-0.02,0.03,0.0
0.11,-4.69,1.19,-0.02,0.03,0.0
0.11,-4.65,1.13,-0.01,0.03,0.0
0.1,-4.64,1.11,-0.01,0.03,0.0
0.11,-4.64,1.13,-0.01,0.03,0.0
0.11,-4.62,1.19,-0.01,0.03,0.0
0.08,-4.64,1.17,-0.01,0.03,0.0
0.11,-4.69,1.21,-0.0,0.03,0.0
0.06,-4.58,1.24,-0.0,0.03,0.0
0.1,-4.64,1.24,-0.0,0.03,0.0
0.11,-4.65,1.19,-0.0,0.03,0.0
0.1,-4.69,1.24,-0.0,0.03,0.0
0.15,-4.64,1.17,-0.0,0.03,0.0
0.13,-4.65,1.23,-0.0,0.03,0.0
0.15,-4.69,1.23,-0.0,0.03,0.0
0.08,-4.6,1.19,-0.0,0.03,0.0
0.11,-4.64,1.17,0.0,0.03,0.0
0.08,-4.67,1.19,0.0,0.03,0.0
0.13,-4.65,1.21,-0.0,0.03,-0.0
0.13,-4.6,1.17,-0.0,0.03,0.0
0.15,-4.65,1.15,-0.01,0.04,-0.0
0.1,-4.62,1.07,-0.01,0.04,0.0
0.06,-4.64,1.13,-0.01,0.04,-0.0
0.11,-4.65,1.09,-0.01,0.04,-0.0
0.08,-4.62,1.21,-0.02,0.04,-0.0
0.1,-4.65,1.15,-0.02,0.04,-0.0
0.15,-4.67,1.17,-0.02,0.04,-0.0
0.13,-4.65,1.21,-0.02,0.04,0.0
0.1,-4.65,1.23,-0.03,0.03,0.0
0.17,-4.67,1.13,-0.03,0.03,0.0
0.1,-4.67,1.15,-0.03,0.03,0.0
0.11,-4.73,1.19,-0.03,0.03,0.0
0.11,-4.67,1.19,-0.03,0.03,-0.0
0.08,-4.67,1.17,-0.02,0.03,0.0
0.1,-4.69,1.13,-0.02,0.03,0.0
0.1,-4.71,1.19,-0.02,0.03,0.0
0.1,-4.73,1.23,-0.01,0.03,0.0
0.1,-4.69,1.15,-0.01,0.03,0.0
0.1,-4.67,1.19,-0.01,0.03,-0.0
0.1,-4.65,1.24,-0.01,0.03,-0.0
0.1,-4.67,1.13,-0.01,0.03,-0.0
0.1,-4.67,1.23,-0.01,0.04,-0.0
0.06,-4.64,1.21,-0.0,0.04,-0.0
0.08,-4.71,1.28,-0.0,0.04,-0.0
0.13,-4.71,1.13,0.0,0.04,-0.0
0.08,-4.69,1.19,0.0,0.04,0.0
0.06,-4.64,1.11,0.0,0.03,0.0
0.08,-4.65,1.11,0.0,0.03,0.0
0.1,-4.62,1.19,0.0,0.03,0.0
0.11,-4.6,1.23,-0.0,0.03,0.0
0.04,-4.54,1.17,-0.01,0.03,-0.0
0.11,-4.6,1.21,-0.01,0.03,0.0
0.13,-4.6,1.21,-0.01,0.03,-0.0
0.1,-4.65,1.24,-0.01,0.03,0.0
0.13,-4.65,1.26,-0.01,0.04,-0.0
0.1,-4.62,1.21,-0.01,0.04,0.0
0.1,-4.67,1.21,-0.01,0.04,-0.0
0.06,-4.67,1.15,-0.01,0.04,-0.0
0.06,-4.65,1.19,-0.01,0.04,-0.0
0.1,-4.67,1.13,-0.01,0.04,-0.0
0.06,-4.65,1.11,-0.01,0.04,-0.0
0.08,-4.65,1.19,-0.01,0.04,-0.0
0.04,-4.62,1.17,-0.01,0.04,-0.0
0.13,-4.65,1.21,-0.01,0.04,-0.0
0.1,-4.65,1.13,-0.01,0.03,-0.0
0.08,-4.64,1.23,-0.01,0.03,-0.0
0.1,-4.69,1.19,-0.01,0.03,-0.0
0.1,-4.64,1.15,-0.02,0.03,-0.0
0.08,-4.62,1.17,-0.02,0.03,-0.0
0.13,-4.67,1.21,-0.02,0.03,-0.0
0.11,-4.64,1.26,-0.02,0.04,-0.0
0.08,-4.65,1.11,-0.02,0.04,-0.0
0.11,-4.71,1.17,-0.02,0.04,-0.0
0.11,-4.69,1.21,-0.02,0.04,0.0
0.11,-4.65,1.19,-0.02,0.04,0.0
0.1,-4.71,1.17,-0.02,0.03,0.0
0.13,-4.71,1.15,-0.02,0.03,-0.0
0.06,-4.67,1.21,-0.02,0.03,0.0
0.06,-4.64,1.15,-0.02,0.03,-0.0
0.11,-4.75,1.19,-0.02,0.03,0.0
0.08,-4.71,1.19,-0.02,0.03,-0.0
0.17,-4.71,1.21,-0.01,0.03,0.0
0.08,-4.69,1.23,-0.01,0.03,-0.0
0.11,-4.67,1.13,-0.01,0.03,0.0
0.13,-4.69,1.11,-0.01,0.03,-0.0
0.06,-4.65,1.11,-0.01,0.03,0.0
0.13,-4.65,1.23,-0.01,0.03,0.0
0.08,-4.65,1.19,-0.01,0.03,0.0
0.1,-4.64,1.13,-0.01,0.03,0.0
0.13,-4.67,1.17,-0.01,0.03,0.0
0.08,-4.67,1.17,-0.01,0.03,0.0
0.08,-4.64,1.11,-0.01,0.03,0.0
0.11,-4.64,1.19,-0.01,0.03,0.0
0.06,-4.67,1.13,-0.01,0.03,0.0
0.1,-4.67,1.11,-0.01,0.03,0.0
0.19,-4.64,1.11,-0.01,0.03,0.01
0.08,-4.56,1.17,-0.01,0.03,0.0
0.19,-4.65,1.23,-0.02,0.03,0.01
0.08,-4.6,1.21,-0.02,0.03,0.01
0.13,-4.67,1.17,-0.02,0.03,0.01
0.04,-4.64,1.15,-0.02,0.03,0.01
0.11,-4.65,1.21,-0.02,0.03,0.01
0.1,-4.65,1.19,-0.02,0.03,0.01
0.1,-4.73,1.17,-0.02,0.03,0.01
0.15,-4.69,1.21,-0.02,0.03,0.0
0.11,-4.73,1.23,-0.02,0.03,0.0
0.11,-4.71,1.11,-0.01,0.03,0.0
0.11,-4.65,1.21,-0.01,0.03,0.0
0.04,-4.69,1.15,-0.01,0.03,0.0
0.1,-4.65,1.26,-0.01,0.03,0.0
0.13,-4.56,1.21,-0.01,0.03,0.0
0.11,-4.64,1.13,-0.01,0.03,0.0
0.11,-4.64,1.19,-0.01,0.03,0.0
0.1,-4.62,1.17,-0.01,0.03,0.0
0.11,-4.65,1.15,-0.01,0.03,0.0
0.11,-4.62,1.23,-0.01,0.03,0.0
0.08,-4.67,1.13,-0.01,0.03,0.0
0.1,-4.65,1.13,-0.01,0.03,0.0
0.1,-4.65,1.11,-0.01,0.03,0.0
0.1,-4.65,1.09,-0.01,0.03,0.0
0.08,-4.71,1.15,-0.01,0.03,0.0
0.0,-4.64,1.13,-0.01,0.03,0.0
0.1,-4.69,1.13,-0.01,0.03,0.0
0.0,-4.69,1.19,-0.01,0.03,0.0
0.0,-4.67,1.19,-0.01,0.03,0.0
0.02,-4.67,1.19,-0.01,0.03,0.0
0.08,-4.73,1.17,-0.01,0.03,0.0
0.06,-4.65,1.15,-0.01,0.03,0.0
0.06,-4.65,1.11,-0.01,0.02,0.0
0.08,-4.67,1.09,-0.01,0.03,0.0
0.11,-4.75,1.13,-0.01,0.02,0.0
0.1,-4.69,1.17,-0.0,0.02,0.0
0.11,-4.69,1.24,-0.0,0.02,0.0
0.06,-4.67,1.09,-0.0,0.02,0.0
0.1,-4.67,1.09,0.0,0.02,0.0
0.15,-4.71,1.13,0.0,0.02,0.0
0.06,-4.67,1.17,0.0,0.02,0.0
0.11,-4.67,1.17,0.01,0.02,0.0
0.06,-4.73,1.21,0.01,0.02,0.0
0.13,-4.67,1.13,0.01,0.02,0.0
0.06,-4.67,1.19,0.01,0.02,0.0
0.06,-4.67,1.11,0.01,0.03,0.0
0.06,-4.69,1.05,0.01,0.03,0.0
0.02,-4.65,1.15,0.01,0.03,0.0
0.08,-4.71,1.17,0.01,0.03,0.0
0.08,-4.67,1.11,0.01,0.03,0.0
0.04,-4.69,1.15,0.01,0.03,-0.0
0.02,-4.69,1.23,0.01,0.03,0.0
0.11,-4.67,1.15,0.01,0.03,-0.0
0.04,-4.65,1.21,0.01,0.03,-0.0
0.11,-4.67,1.13,0.01,0.03,-0.0
0.04,-4.64,1.21,0.01,0.03,-0.0
0.06,-4.67,1.21,0.01,0.03,-0.0
0.02,-4.67,1.17,0.01,0.03,-0.0
0.11,-4.62,1.21,0.01,0.03,-0.0
0.1,-4.69,1.11,0.01,0.03,-0.0
0.06,-4.62,1.15,0.0,0.03,-0.0
0.06,-4.65,1.15,0.0,0.03,-0.0
0.06,-4.56,1.19,0.0,0.03,-0.0
0.1,-4.62,1.19,-0.0,0.03,-0.0
0.02,-4.6,1.23,-0.0,0.03,-0.0
0.1,-4.65,1.17,-0.01,0.03,-0.0
0.06,-4.62,1.24,-0.01,0.02,-0.0
0.1,-4.64,1.23,-0.01,0.02,-0.0
0.08,-4.58,1.17,-0.01,0.02,-0.0
0.06,-4.65,1.13,-0.01,0.03,0.0
0.11,-4.62,1.21,-0.0,0.03,0.0
0.1,-4.67,1.23,-0.0,0.03,0.0
0.11,-4.71,1.19,-0.0,0.03,0.0
-0.02,-4.71,1.15,-0.0,0.03,0.0
0.1,-4.69,1.19,0.0,0.03,0.0
0.13,-4.71,1.24,0.01,0.03,0.0
0.1,-4.71,1.19,0.01,0.03,0.0
0.13,-4.69,1.17,0.01,0.03,0.0
0.06,-4.71,1.17,0.01,0.03,0.0
0.08,-4.71,1.17,0.02,0.03,0.0
0.06,-4.67,1.21,0.02,0.03,0.0
0.1,-4.64,1.24,0.02,0.04,0.0
0.08,-4.64,1.23,0.03,0.04,-0.0
0.06,-4.64,1.26,0.03,0.04,-0.0
0.15,-4.6,1.15,0.02,0.04,-0.0
0.08,-4.52,1.21,0.02,0.04,-0.0
0.11,-4.58,1.21,0.02,0.04,-0.0
0.13,-4.62,1.23,0.02,0.04,-0.0
0.17,-4.62,1.21,0.02,0.04,-0.0
0.15,-4.56,1.21,0.01,0.04,-0.0
0.11,-4.54,1.24,0.01,0.04,-0.01
0.13,-4.56,1.21,0.0,0.04,-0.0
0.17,-4.6,1.17,-0.0,0.04,-0.01
0.15,-4.65,1.23,-0.01,0.04,-0.0
0.17,-4.64,1.32,-0.01,0.04,-0.01
0.13,-4.69,1.28,-0.01,0.04,-0.0
0.1,-4.71,1.32,-0.01,0.04,-0.0
0.11,-4.69,1.23,-0.0,0.04,-0.0
0.17,-4.71,1.21,-0.0,0.04,-0.0
0.08,-4.69,1.15,0.0,0.04,-0.0
0.11,-4.71,1.11,0.0,0.03,-0.0
0.06,-4.67,1.11,0.0,0.03,0.0
0.08,-4.67,1.13,0.0,0.03,0.0
0.06,-4.62,1.24,0.0,0.03,0.0
0.06,-4.65,1.21,0.0,0.03,0.0
0.13,-4.69,1.28,0.0,0.03,0.0
0.1,-4.65,1.17,0.01,0.03,0.0
0.08,-4.67,1.24,0.01,0.03,0.01
0.1,-4.62,1.24,0.01,0.03,0.0
0.08,-4.64,1.21,0.01,0.03,0.01
0.1,-4.58,1.23,0.01,0.03,0.01
0.04,-4.54,1.23,0.01,0.03,0.01
0.04,-4.56,1.23,0.0,0.03,0.0
0.08,-4.64,1.15,0.0,0.03,0.01
0.02,-4.6,1.17,-0.0,0.03,0.0
0.1,-4.64,1.21,-0.0,0.03,0.0
0.04,-4.6,1.15,-0.01,0.03,0.0
0.02,-4.62,1.24,-0.01,0.03,0.0
-0.02,-4.65,1.24,-0.01,0.03,0.0
0.06,-4.65,1.21,-0.01,0.03,0.0
0.02,-4.64,1.23,-0.01,0.03,-0.0
0.0,-4.69,1.24,-0.01,0.03,-0.0
0.06,-4.65,1.21,-0.01,0.03,-0.0
-0.02,-4.67,1.19,-0.01,0.03,-0.0
0.06,-4.71,1.23,-0.01,0.04,0.0
0.0,-4.71,1.17,-0.0,0.03,0.0
0.04,-4.77,1.26,-0.0,0.03,-0.0
0.06,-4.73,1.24,0.0,0.03,-0.0
0.02,-4.69,1.13,0.0,0.03,-0.0
0.04,-4.69,1.21,0.0,0.04,-0.0
0.06,-4.69,1.21,0.0,0.04,-0.0
0.11,-4.71,1.21,0.01,0.04,-0.0
0.08,-4.67,1.17,0.01,0.04,-0.0
0.06,-4.6,1.13,0.01,0.04,-0.0
0.08,-4.65,1.23,0.01,0.04,-0.0
0.06,-4.64,1.24,0.01,0.04,-0.0
0.06,-4.65,1.24,0.01,0.04,-0.0
0.08,-4.64,1.23,0.01,0.04,-0.0
0.11,-4.64,1.24,0.01,0.04,-0.0
0.04,-4.6,1.19,0.0,0.04,-0.0
0.11,-4.64,1.28,0.0,0.04,-0.0
0.1,-4.65,1.17,-0.0,0.04,-0.0
0.06,-4.6,1.19,-0.0,0.04,-0.0
0.15,-4.65,1.24,-0.0,0.04,-0.0
0.06,-4.65,1.17,-0.01,0.04,-0.0
0.02,-4.65,1.21,-0.01,0.04,-0.0
0.08,-4.64,1.19,-0.0,0.03,-0.0
0.13,-4.65,1.23,-0.0,0.03,-0.0
0.1,-4.73,1.23,-0.0,0.03,-0.0
0.1,-4.69,1.21,0.0,0.03,-0.0
0.11,-4.65,1.23,0.0,0.03,-0.0
0.11,-4.69,1.26,0.0,0.03,-0.0
0.13,-4.71,1.26,0.0,0.03,-0.0
0.11,-4.67,1.28,0.0,0.03,-0.0
0.15,-4.67,1.24,0.01,0.03,-0.0
0.15,-4.65,1.23,0.01,0.03,-0.0
0.11,-4.67,1.23,0.01,0.03,-0.0
0.1,-4.64,1.3,0.01,0.03,-0.0
0.08,-4.67,1.32,0.01,0.03,-0.0
0.06,-4.62,1.21,0.01,0.03,-0.0
0.06,-4.62,1.26,0.01,0.03,0.0
0.13,-4.64,1.19,0.01,0.03,0.0
0.1,-4.6,1.28,0.01,0.03,0.0
0.08,-4.6,1.19,0.01,0.03,0.0
0.1,-4.62,1.24,0.01,0.03,0.0
0.08,-4.6,1.23,0.01,0.03,0.0
0.1,-4.6,1.23,0.01,0.03,0.0
0.11,-4.65,1.19,0.0,0.03,0.0
0.04,-4.6,1.17,0.0,0.03,0.0
0.08,-4.64,1.24,0.0,0.03,0.0
0.08,-4.64,1.28,0.0,0.03,0.0
0.08,-4.62,1.19,0.0,0.03,0.0
0.08,-4.65,1.3,0.0,0.03,0.0
0.13,-4.65,1.21,0.0,0.03,0.0
0.1,-4.56,1.21,0.0,0.03,0.0
0.11,-4.62,1.21,0.01,0.03,0.0
0.11,-4.64,1.32,0.01,0.03,0.0
0.08,-4.62,1.23,0.0,0.03,0.0
0.15,-4.67,1.3,0.0,0.03,0.0
0.08,-4.62,1.24,0.0,0.03,0.01
0.1,-4.62,1.28,0.0,0.03,0.01
0.13,-4.65,1.17,0.0,0.03,0.01
0.08,-4.65,1.28,0.0,0.03,0.0
0.1,-4.64,1.19,0.0,0.03,0.0
0.02,-4.64,1.24,0.0,0.03,0.0
0.08,-4.65,1.26,0.0,0.03,0.0
0.08,-4.65,1.19,0.0,0.03,0.01
0.06,-4.64,1.28,0.0,0.03,0.01
0.04,-4.65,1.23,0.0,0.03,0.01
0.06,-4.65,1.3,0.0,0.03,0.01
0.02,-4.64,1.23,0.0,0.03,0.01
0.04,-4.67,1.21,0.0,0.03,0.01
0.08,-4.6,1.32,0.0,0.03,0.01
0.1,-4.62,1.32,0.0,0.03,0.01
0.08,-4.64,1.26,0.01,0.03,0.01
0.08,-4.58,1.26,0.01,0.03,0.01
0.06,-4.62,1.24,0.01,0.03,0.01
0.06,-4.64,1.24,0.0,0.03,0.01
0.11,-4.62,1.26,0.0,0.03,0.01
0.11,-4.65,1.26,0.0,0.03,0.01
0.1,-4.65,1.24,0.0,0.04,0.01
0.11,-4.65,1.32,0.0,0.04,0.01
0.08,-4.62,1.19,0.0,0.04,0.01
0.06,-4.65,1.23,-0.0,0.04,0.0
0.1,-4.71,1.24,-0.0,0.04,0.0
0.08,-4.67,1.3,0.0,0.04,0.0
0.08,-4.67,1.28,0.0,0.04,0.01
0.06,-4.65,1.24,0.0,0.04,0.0
0.1,-4.65,1.26,0.0,0.04,0.01
0.04,-4.62,1.23,0.0,0.04,0.01
0.06,-4.62,1.21,0.0,0.03,0.01
0.02,-4.64,1.28,0.0,0.04,0.01
0.08,-4.64,1.23,0.0,0.04,0.01
0.06,-4.62,1.28,0.0,0.04,0.01
0.04,-4.64,1.26,0.0,0.04,0.01
0.04,-4.6,1.24,0.0,0.03,0.01
0.06,-4.6,1.24,0.0,0.03,0.01
0.06,-4.6,1.21,0.0,0.04,0.01
0.1,-4.64,1.3,0.0,0.04,0.01
0.06,-4.64,1.26,-0.0,0.04,0.01
0.11,-4.64,1.23,-0.0,0.04,0.01
0.11,-4.64,1.3,-0.0,0.04,0.01
0.11,-4.58,1.26,-0.0,0.04,0.01
0.15,-4.67,1.3,-0.0,0.04,0.01
0.13,-4.65,1.26,-0.0,0.03,0.01
0.08,-4.62,1.24,-0.01,0.03,0.01
0.06,-4.64,1.24,-0.01,0.03,0.01
0.0,-4.67,1.21,-0.01,0.03,0.01
0.06,-4.65,1.3,-0.01,0.02,0.01
0.04,-4.67,1.21,-0.01,0.02,0.01
0.04,-4.65,1.26,-0.0,0.02,0.01
0.0,-4.64,1.24,-0.0,0.02,0.01
0.0,-4.58,1.24,-0.0,0.02,0.01
0.04,-4.65,1.3,-0.0,0.02,0.01
0.0,-4.65,1.19,-0.0,0.02,0.01
-0.06,-4.6,1.3,-0.0,0.02,0.01
-0.02,-4.71,1.28,-0.0,0.02,0.01
0.0,-4.65,1.21,-0.0,0.02,0.01
0.0,-4.65,1.23,-0.0,0.02,0.01
-0.08,-4.64,1.24,0.0,0.02,0.0
-0.04,-4.62,1.23,0.0,0.02,0.0
-0.11,-4.58,1.24,0.0,0.02,0.0
-0.04,-4.6,1.23,0.0,0.02,0.0
-0.04,-4.54,1.23,0.0,0.02,0.0
-0.02,-4.65,1.26,0.0,0.02,0.0
0.0,-4.67,1.26,0.0,0.02,0.0
-0.11,-4.69,1.23,0.0,0.02,0.0
-0.08,-4.67,1.3,0.0,0.02,-0.0
-0.04,-4.67,1.21,0.0,0.03,-0.0
-0.06,-4.65,1.21,0.01,0.03,-0.0
-0.1,-4.67,1.21,0.01,0.03,-0.0
-0.04,-4.67,1.21,0.01,0.03,-0.0
-0.04,-4.69,1.21,0.01,0.03,-0.0
-0.06,-4.67,1.24,0.01,0.02,-0.0
-0.04,-4.69,1.21,0.01,0.02,-0.0
0.0,-4.64,1.28,0.02,0.02,-0.0
0.0,-4.69,1.28,0.02,0.02,-0.0
0.02,-4.6,1.3,0.03,0.02,-0.0
0.04,-4.65,1.3,0.03,0.02,-0.0
0.02,-4.6,1.28,0.04,0.02,-0.0
0.06,-4.58,1.26,0.04,0.02,-0.0
0.06,-4.67,1.26,0.03,0.02,-0.0
0.06,-4.67,1.34,0.03,0.02,-0.0
0.11,-4.64,1.28,0.03,0.02,-0.01
0.08,-4.62,1.32,0.03,0.02,-0.0
0.08,-4.64,1.28,0.02,0.03,-0.01
0.04,-4.62,1.28,0.02,0.03,-0.0
0.04,-4.56,1.3,0.02,0.03,-0.01
0.04,-4.6,1.24,0.02,0.03,-0.01
0.06,-4.62,1.32,0.02,0.03,-0.01
0.06,-4.6,1.32,0.02,0.03,-0.01
0.1,-4.6,1.3,0.02,0.03,-0.01
0.0,-4.67,1.26,0.02,0.03,-0.01
0.08,-4.67,1.3,0.02,0.03,-0.01
0.02,-4.62,1.32,0.02,0.03,-0.0
0.04,-4.67,1.32,0.02,0.02,-0.0
-0.08,-4.62,1.28,0.02,0.02,-0.0
0.0,-4.69,1.3,0.02,0.02,-0.0
-0.04,-4.65,1.32,0.02,0.01,-0.0
-0.06,-4.75,1.36,0.02,0.01,-0.0
-0.06,-4.69,1.36,0.02,0.01,-0.0
-0.06,-4.73,1.38,0.01,0.0,-0.0
-0.08,-4.69,1.36,0.01,-0.0,-0.0
-0.17,-4.69,1.3,0.01,-0.01,-0.0
-0.25,-4.64,1.34,0.01,-0.01,-0.0
-0.27,-4.64,1.34,0.01,-0.02,-0.0
-0.25,-4.64,1.32,0.01,-0.02,-0.0
-0.25,-4.65,1.34,0.01,-0.02,-0.0
-0.34,-4.67,1.38,0.02,-0.02,-0.0
-0.44,-4.65,1.46,0.02,-0.03,-0.0
-0.56,-4.62,1.38,0.02,-0.03,-0.0
-0.61,-4.65,1.42,0.02,-0.04,-0.01
-0.71,-4.62,1.44,0.02,-0.04,-0.01
-0.75,-4.71,1.44,0.02,-0.05,-0.01
-0.71,-4.71,1.44,0.01,-0.06,-0.0
-0.8,-4.67,1.36,0.01,-0.06,-0.01
-0.79,-4.79,1.38,0.01,-0.06,-0.01
-0.82,-4.77,1.34,0.0,-0.06,-0.01
-0.79,-4.73,1.28,0.0,-0.06,-0.01
-0.82,-4.77,1.32,-0.0,-0.06,-0.0
-0.8,-4.79,1.24,-0.01,-0.07,0.01
-0.71,-4.79,1.3,-0.02,-0.08,0.01
-0.65,-4.75,1.28,-0.03,-0.09,0.02
-0.56,-4.73,1.28,-0.04,-0.1,0.03
-0.5,-4.73,1.38,-0.04,-0.1,0.04
-0.4,-4.77,1.44,-0.04,-0.11,0.05
-0.23,-4.69,1.4,-0.03,-0.12,0.05
-0.21,-4.65,1.38,-0.03,-0.12,0.05
-0.11,-4.62,1.34,-0.02,-0.13,0.06
0.04,-4.6,1.32,-0.02,-0.14,0.06
0.11,-4.52,1.26,-0.03,-0.15,0.06
0.21,-4.44,1.15,-0.03,-0.15,0.07
0.44,-4.41,1.05,-0.04,-0.15,0.08
0.52,-4.39,1.0,-0.05,-0.15,0.08
0.65,-4.35,0.98,-0.06,-0.15,0.09
0.77,-4.44,0.94,-0.07,-0.15,0.09
0.84,-4.35,0.88,-0.08,-0.14,0.1
0.86,-4.42,0.88,-0.08,-0.14,0.11
0.92,-4.44,1.0,-0.08,-0.12,0.12
1.0,-4.5,1.03,-0.07,-0.11,0.12
1.0,-4.5,1.03,-0.06,-0.1,0.13
0.98,-4.56,1.02,-0.06,-0.09,0.13
0.98,-4.56,1.07,-0.06,-0.08,0.14
0.98,-4.67,1.02,-0.05,-0.07,0.15
0.94,-4.73,0.98,-0.04,-0.06,0.16
0.96,-4.65,1.0,-0.03,-0.05,0.17
0.86,-4.69,1.0,-0.02,-0.04,0.18
0.94,-4.65,0.98,-0.01,-0.03,0.19
0.9,-4.65,1.03,-0.0,-0.02,0.2
0.94,-4.58,1.09,0.01,-0.0,0.2
0.96,-4.62,1.15,0.01,0.01,0.21
0.9,-4.65,1.13,0.02,0.02,0.21
0.9,-4.56,1.09,0.02,0.02,0.21
0.96,-4.58,1.09,0.01,0.02,0.21
0.98,-4.62,1.09,0.0,0.02,0.21
1.02,-4.64,1.17,-0.0,0.03,0.22
1.09,-4.69,1.24,-0.01,0.03,0.23
1.11,-4.79,1.21,-0.01,0.04,0.24
1.07,-4.83,1.26,-0.01,0.04,0.25
1.13,-4.9,1.28,-0.0,0.03,0.26
1.17,-4.98,1.24,-0.0,0.03,0.27
1.19,-5.02,1.19,-0.01,0.02,0.28
1.21,-5.13,1.05,-0.01,0.02,0.3
1.17,-5.23,0.92,0.0,0.02,0.31
1.11,-5.27,0.86,0.03,0.01,0.32
1.07,-5.27,0.8,0.06,0.01,0.33
1.0,-5.13,0.73,0.08,0.02,0.33
1.03,-5.02,0.67,0.1,0.04,0.34
0.96,-5.02,0.61,0.1,0.08,0.35
0.96,-5.04,0.56,0.1,0.12,0.36
0.79,-5.04,0.54,0.09,0.16,0.36
0.54,-5.11,0.38,0.08,0.19,0.37
0.42,-5.11,0.38,0.07,0.21,0.38
0.27,-5.15,0.56,0.07,0.22,0.39
0.17,-5.25,0.79,0.08,0.23,0.41
0.17,-5.42,1.0,0.11,0.24,0.44
0.1,-5.36,1.34,0.15,0.26,0.48
0.08,-5.42,1.59,0.19,0.29,0.52
0.02,-5.4,1.8,0.23,0.3,0.56
0.04,-5.21,1.86,0.28,0.32,0.59
0.02,-5.11,1.69,0.32,0.32,0.62
-0.04,-5.0,1.59,0.34,0.32,0.63
-0.08,-4.81,1.47,0.35,0.33,0.65
-0.21,-4.58,1.42,0.35,0.34,0.65
-0.4,-4.35,1.51,0.35,0.35,0.65
-0.42,-4.14,1.53,0.34,0.36,0.66
-0.42,-3.87,1.59,0.33,0.37,0.67
-0.44,-3.68,1.53,0.31,0.38,0.68
-0.36,-3.64,1.59,0.28,0.38,0.69
-0.27,-3.73,1.47,0.26,0.38,0.69
-0.25,-3.77,1.49,0.23,0.38,0.69
-0.25,-3.93,1.61,0.22,0.37,0.69
-0.23,-4.19,1.63,0.22,0.37,0.69
-0.38,-4.39,1.69,0.23,0.37,0.69
-0.36,-4.56,1.76,0.25,0.37,0.7
-0.44,-4.67,1.8,0.27,0.38,0.69
-0.61,-4.56,1.82,0.3,0.4,0.69
-0.63,-4.56,1.93,0.32,0.43,0.69
-0.8,-4.42,1.9,0.34,0.44,0.69
-0.98,-4.33,1.9,0.36,0.45,0.68
-1.19,-4.25,1.86,0.36,0.44,0.67
-1.46,-4.18,2.03,0.36,0.42,0.66
-1.61,-4.12,1.92,0.36,0.39,0.66
-1.78,-4.1,1.9,0.36,0.36,0.66
-1.76,-4.1,1.78,0.36,0.33,0.67
-1.8,-4.18,1.72,0.36,0.3,0.68
-1.84,-4.21,1.8,0.37,0.28,0.7
-1.86,-4.27,1.72,0.37,0.25,0.72
-1.76,-4.27,2.01,0.37,0.24,0.74
-1.61,-4.37,2.09,0.37,0.25,0.76
-1.59,-4.44,2.13,0.37,0.26,0.78
-1.49,-4.6,2.3,0.36,0.27,0.8
-1.42,-4.64,2.24,0.37,0.27,0.82
-1.32,-4.65,2.28,0.38,0.27,0.83
-1.23,-4.64,2.22,0.39,0.27,0.84
-1.28,-4.44,2.24,0.4,0.28,0.84
-1.34,-4.19,2.28,0.41,0.29,0.85
-1.38,-4.06,2.18,0.4,0.31,0.85
-1.38,-3.83,2.2,0.39,0.32,0.86
-1.34,-3.79,2.16,0.37,0.35,0.88
-1.28,-3.75,1.97,0.38,0.36,0.89
-1.24,-3.56,1.82,0.39,0.38,0.89
-1.23,-3.28,1.76,0.39,0.4,0.89
-1.38,-2.99,1.88,0.36,0.43,0.89
-1.4,-2.89,2.26,0.31,0.47,0.89
-1.59,-2.83,2.39,0.26,0.5,0.89
-1.84,-2.85,2.32,0.22,0.52,0.88
-2.07,-2.89,2.2,0.21,0.53,0.88
-2.38,-2.93,2.03,0.22,0.53,0.88
-2.57,-2.99,1.9,0.23,0.51,0.89
-2.78,-3.06,1.88,0.24,0.49,0.91
-2.83,-3.14,1.86,0.24,0.48,0.92
-2.85,-3.14,1.92,0.24,0.46,0.94
-2.82,-3.18,2.03,0.25,0.45,0.95
-2.8,-3.22,2.05,0.25,0.46,0.97
-2.76,-3.47,1.92,0.25,0.47,0.98
-2.85,-3.54,1.9,0.26,0.48,1.0
-2.93,-3.68,1.7,0.28,0.47,1.01
-3.08,-3.52,1.72,0.31,0.46,1.01
-3.12,-3.26,1.92,0.32,0.45,1.03
-2.91,-3.24,1.84,0.31,0.46,1.04
-2.83,-3.26,1.86,0.29,0.49,1.05
-2.83,-3.1,1.65,0.28,0.53,1.05
-2.87,-2.97,1.36,0.28,0.55,1.05
-3.08,-2.7,1.26,0.28,0.57,1.05
-3.29,-2.38,1.4,0.29,0.59,1.06
-3.54,-2.03,1.47,0.28,0.6,1.07
-3.62,-1.74,1.34,0.28,0.59,1.07
-3.66,-1.46,1.15,0.27,0.58,1.07
-3.75,-1.32,1.07,0.25,0.58,1.06
-3.89,-1.34,1.03,0.22,0.59,1.06
-3.93,-1.34,0.96,0.19,0.59,1.06
-4.06,-1.34,0.98,0.15,0.6,1.05
-3.98,-1.69,1.03,0.12,0.6,1.04
-3.98,-1.74,0.96,0.1,0.59,1.03
-3.95,-1.95,1.03,0.09,0.58,1.03
-3.83,-2.09,0.88,0.09,0.58,1.03
-3.7,-2.16,0.71,0.09,0.58,1.02
-3.75,-2.2,0.63,0.1,0.58,1.03
-3.64,-2.07,0.59,0.09,0.59,1.03
-3.64,-1.95,0.65,0.08,0.59,1.03
-3.56,-1.86,0.65,0.06,0.59,1.04
-3.49,-1.72,0.61,0.05,0.57,1.05
-3.43,-1.8,0.38,0.06,0.54,1.04
-3.43,-1.63,0.23,0.05,0.53,1.02
-3.51,-1.51,0.23,0.05,0.52,1.0
-3.52,-1.46,0.1,0.03,0.52,0.97
-3.68,-1.34,0.17,0.02,0.52,0.95
-3.56,-1.4,0.02,0.0,0.52,0.93
-3.75,-1.53,-0.13,-0.01,0.52,0.89
-4.02,-1.65,-0.19,-0.01,0.52,0.86
-4.33,-1.74,-0.11,-0.01,0.51,0.83
-4.58,-1.84,0.02,-0.0,0.51,0.8
-4.81,-1.92,0.02,0.0,0.49,0.79
-5.0,-1.88,-0.02,0.0,0.46,0.77
-5.08,-1.8,-0.04,-0.0,0.44,0.74
-5.19,-1.51,0.02,-0.01,0.42,0.73
-5.25,-1.42,-0.06,-0.03,0.41,0.72
-5.27,-1.34,0.0,-0.05,0.39,0.7
-5.36,-1.32,0.02,-0.07,0.38,0.67
-5.44,-1.28,-0.08,-0.1,0.39,0.63
-5.32,-1.28,-0.33,-0.12,0.42,0.59
-5.27,-1.32,-0.25,-0.13,0.43,0.57
-5.25,-1.4,-0.23,-0.13,0.42,0.56
-5.31,-1.38,-0.17,-0.12,0.41,0.55
-5.27,-1.44,-0.19,-0.11,0.39,0.54
-5.19,-1.34,-0.06,-0.08,0.37,0.56
-5.25,-1.21,0.15,-0.05,0.35,0.57
-5.42,-0.79,0.08,-0.03,0.32,0.59
-5.54,-0.59,0.06,-0.01,0.28,0.61
-5.5,-0.33,0.0,-0.01,0.23,0.63
-5.4,-0.21,0.0,-0.02,0.17,0.64
-5.42,-0.13,0.06,-0.02,0.12,0.65
-5.4,-0.13,-0.04,-0.02,0.07,0.65
-5.57,-0.15,-0.25,-0.0,0.02,0.65
-5.73,-0.13,-0.27,0.01,-0.02,0.64
-5.86,-0.08,-0.13,0.02,-0.04,0.63
-5.9,0.0,0.04,0.01,-0.04,0.62
-6.22,0.08,0.21,-0.0,-0.01,0.62
-6.67,0.34,0.48,-0.03,0.01,0.6
-6.84,0.29,0.56,-0.07,-0.03,0.59
-6.72,0.31,0.48,-0.09,-0.09,0.58
-6.74,0.42,0.19,-0.08,-0.15,0.57
-6.86,0.44,-0.25,-0.05,-0.2,0.55
-6.86,0.73,-0.56,-0.02,-0.24,0.53
-7.11,1.21,-0.8,0.01,-0.27,0.5
-7.41,1.9,-1.05,-0.0,-0.29,0.45
-7.51,2.59,-1.07,-0.04,-0.3,0.41
-7.3,3.16,-1.17,-0.11,-0.31,0.37
-6.99,3.47,-1.09,-0.18,-0.3,0.33
-6.4,3.6,-0.98,-0.26,-0.3,0.29
-5.88,3.62,-0.65,-0.33,-0.28,0.24
-5.55,3.58,-0.04,-0.39,-0.23,0.18
-5.25,3.37,1.38,-0.49,-0.14,0.11
-5.34,2.93,2.15,-0.6,-0.05,0.03
-5.65,2.32,2.09,-0.68,0.01,-0.03
-6.09,1.57,1.34,-0.72,-0.01,-0.04
-6.13,1.0,0.42,-0.71,-0.06,-0.03
-4.81,0.34,-0.33,-0.69,-0.12,0.02
-3.1,-0.34,-0.86,-0.68,-0.18,0.1
-2.2,-0.59,-0.88,-0.69,-0.22,0.13
-2.05,-0.67,-0.67,-0.69,-0.25,0.12
-2.6,-0.4,-0.42,-0.69,-0.3,0.08
-3.18,-0.15,-0.13,-0.68,-0.37,0.05
-3.95,0.08,-0.02,-0.65,-0.44,0.02
-4.54,0.17,0.02,-0.62,-0.49,0.01
-4.96,0.36,0.44,-0.6,-0.51,0.01
-5.32,0.65,1.02,-0.62,-0.5,-0.01
-5.77,0.5,1.7,-0.68,-0.46,-0.04
-6.13,0.46,1.97,-0.71,-0.43,-0.05
-6.17,0.21,1.99,-0.71,-0.44,-0.05
-5.78,-0.08,1.61,-0.68,-0.48,-0.04
-5.34,-0.21,1.44,-0.64,-0.52,-0.03
-4.96,-0.29,1.32,-0.62,-0.53,-0.03
-4.54,-0.13,1.34,-0.6,-0.52,-0.03
-4.19,-0.08,1.4,-0.59,-0.49,-0.02
-3.83,-0.06,1.44,-0.59,-0.46,-0.02
-3.29,-0.02,1.57,-0.57,-0.43,-0.02
-3.06,0.11,1.69,-0.56,-0.38,-0.04
-2.91,0.23,1.88,-0.56,-0.33,-0.08
-3.03,0.34,2.01,-0.55,-0.28,-0.13
-3.33,0.31,2.13,-0.55,-0.24,-0.16
-3.43,0.23,2.13,-0.56,-0.21,-0.17
-3.54,0.19,2.05,-0.57,-0.16,-0.17
-3.6,0.02,2.18,-0.58,-0.1,-0.16
-3.66,-0.34,2.18,-0.58,-0.06,-0.14
-3.85,-0.71,2.11,-0.57,-0.03,-0.12
-3.85,-0.84,2.05,-0.56,-0.01,-0.1
-3.89,-1.23,2.22,-0.55,-0.0,-0.08
-4.04,-1.4,2.43,-0.53,0.02,-0.07
-4.56,-1.44,2.51,-0.51,0.05,-0.07
-4.98,-1.51,2.57,-0.46,0.07,-0.06
-5.06,-1.51,2.43,-0.41,0.08,-0.03
-4.46,-1.61,2.28,-0.35,0.1,0.03
-3.7,-1.42,2.18,-0.3,0.14,0.08
-2.89,-1.44,2.32,-0.28,0.2,0.12
-2.57,-1.61,2.45,-0.26,0.25,0.13
-2.53,-1.67,2.53,-0.22,0.3,0.13
-2.7,-1.97,2.66,-0.17,0.33,0.12
-2.93,-2.07,2.83,-0.11,0.35,0.1
-3.03,-1.97,2.85,-0.04,0.36,0.08
-3.08,-1.65,2.97,0.03,0.37,0.06
-3.37,-1.07,2.85,0.07,0.38,0.04
-3.68,-0.65,2.62,0.09,0.38,0.02
-3.89,-0.46,2.28,0.1,0.4,0.01
-3.98,-0.31,2.03,0.11,0.42,0.02
-4.21,-0.27,1.95,0.12,0.47,0.03
-4.33,-0.33,1.84,0.12,0.53,0.05
-4.31,-0.4,1.92,0.13,0.59,0.07
-4.31,-0.52,2.01,0.13,0.63,0.07
-4.19,-0.65,2.15,0.13,0.66,0.08
-4.12,-0.73,2.39,0.13,0.68,0.07
-4.18,-0.94,2.55,0.13,0.68,0.06
-4.18,-1.07,2.53,0.14,0.67,0.04
-4.35,-1.19,2.43,0.16,0.65,0.02
-4.48,-1.34,2.32,0.18,0.62,-0.0
-4.62,-1.26,2.2,0.21,0.59,-0.03
-4.69,-0.98,1.82,0.24,0.57,-0.04
-4.65,-0.73,1.46,0.26,0.55,-0.05
-4.79,-0.56,1.28,0.27,0.53,-0.05
-4.83,-0.4,1.07,0.25,0.5,-0.05
-4.94,-0.19,0.94,0.22,0.48,-0.06
-5.06,-0.15,0.86,0.18,0.44,-0.06
-5.17,-0.15,0.8,0.15,0.4,-0.06
-4.96,-0.44,0.9,0.12,0.34,-0.06
-4.85,-0.52,1.09,0.09,0.29,-0.06
-4.62,-0.59,1.28,0.08,0.25,-0.06
-4.31,-0.65,1.28,0.07,0.21,-0.06
-4.25,-0.71,1.34,0.07,0.19,-0.07
-4.06,-0.79,1.21,0.07,0.18,-0.08
-4.19,-0.75,1.17,0.08,0.19,-0.09
-4.31,-0.8,0.98,0.09,0.21,-0.1
-4.39,-0.61,0.65,0.11,0.24,-0.1
-4.52,-0.48,0.52,0.11,0.27,-0.1
-4.83,-0.34,0.29,0.1,0.31,-0.1
-4.96,-0.31,0.23,0.07,0.34,-0.09
-5.17,-0.25,0.19,0.03,0.37,-0.07
-5.48,-0.34,0.23,-0.01,0.39,-0.04
-5.69,-0.4,0.19,-0.04,0.4,-0.01
-5.78,-0.52,0.29,-0.06,0.4,0.03
-5.88,-0.5,0.29,-0.08,0.39,0.07
-5.94,-0.67,0.34,-0.08,0.38,0.1
-6.05,-0.56,0.34,-0.07,0.37,0.13
-6.09,-0.57,0.38,-0.05,0.35,0.16
-6.07,-0.56,0.44,-0.02,0.34,0.18
-6.0,-0.44,0.31,0.0,0.33,0.2
-5.84,-0.42,0.19,0.02,0.33,0.21
-5.67,-0.27,-0.02,0.02,0.32,0.22
-5.46,-0.21,-0.02,0.01,0.32,0.22
-5.38,-0.08,-0.15,-0.01,0.31,0.22
-5.25,-0.11,-0.08,-0.03,0.29,0.21
-5.13,-0.08,-0.04,-0.05,0.27,0.2
-4.98,-0.06,0.0,-0.07,0.25,0.19
-4.83,-0.06,-0.1,-0.09,0.23,0.18
-4.64,-0.1,-0.06,-0.1,0.22,0.18
-4.65,-0.13,-0.04,-0.11,0.21,0.17
-4.62,-0.15,0.04,-0.13,0.2,0.15
-4.62,-0.31,0.11,-0.14,0.19,0.14
-4.71,-0.34,0.08,-0.16,0.18,0.13
-4.71,-0.46,0.13,-0.17,0.18,0.13
-4.73,-0.57,0.06,-0.18,0.17,0.12
-4.73,-0.69,-0.02,-0.17,0.17,0.1
-4.67,-0.69,-0.13,-0.15,0.17,0.09
-4.67,-0.69,-0.21,-0.13,0.18,0.08
-4.75,-0.67,-0.29,-0.11,0.18,0.06
-4.83,-0.63,-0.27,-0.09,0.19,0.05
-4.96,-0.69,-0.21,-0.08,0.19,0.04
-5.13,-0.48,-0.34,-0.06,0.18,0.04
-5.17,-0.36,-0.38,-0.05,0.18,0.04
-5.23,-0.34,-0.42,-0.04,0.17,0.05
-5.23,-0.33,-0.52,-0.04,0.16,0.06
-5.19,-0.25,-0.52,-0.03,0.15,0.07
-5.17,-0.36,-0.44,-0.03,0.14,0.08
-5.15,-0.42,-0.48,-0.03,0.14,0.09
-5.19,-0.27,-0.23,-0.03,0.14,0.09
-5.19,-0.54,-0.25,-0.03,0.14,0.11
-5.15,-0.4,-0.15,-0.03,0.13,0.12
-5.15,-0.34,-0.13,-0.02,0.12,0.13
-5.34,-0.46,-0.21,-0.01,0.12,0.12
-5.13,-0.21,0.1,-0.01,0.11,0.12
-5.15,-0.19,-0.13,-0.01,0.1,0.13
-5.17,-0.02,-0.15,-0.02,0.09,0.13
-5.25,-0.08,-0.1,-0.03,0.09,0.13
-5.19,-0.06,-0.15,-0.04,0.09,0.13
-5.09,-0.06,-0.06,-0.05,0.09,0.12
-5.09,-0.06,-0.1,-0.06,0.09,0.12
-5.04,-0.08,-0.04,-0.06,0.09,0.11
-4.9,-0.08,-0.1,-0.06,0.09,0.11
-5.27,-0.5,-0.25,-0.05,0.08,0.1
-5.04,-0.02,0.27,-0.05,0.09,0.07
-4.44,-0.42,-0.04,-0.04,0.07,0.08
-4.85,-0.33,-0.1,-0.03,0.04,0.09
-4.9,-0.38,-0.11,-0.02,0.03,0.09
-4.88,-0.38,-0.06,-0.02,0.01,0.09
-4.87,-0.44,-0.11,-0.01,-0.01,0.08
-4.94,-0.36,-0.11,-0.01,-0.02,0.07
-5.0,-0.31,-0.02,-0.02,-0.03,0.06
-5.02,-0.34,-0.1,-0.01,-0.04,0.05
-5.08,-0.25,-0.06,-0.01,-0.05,0.04
-5.11,-0.23,-0.13,-0.01,-0.05,0.04
-5.13,-0.25,-0.1,-0.01,-0.04,0.03
-5.15,-0.23,-0.06,-0.01,-0.03,0.03
-5.13,-0.19,0.02,-0.01,-0.03,0.02
-5.13,-0.13,-0.06,-0.01,-0.02,0.02
-5.15,-0.11,-0.15,-0.01,-0.01,0.01
-5.09,-0.13,-0.08,-0.01,-0.01,0.01
-5.06,-0.21,-0.04,-0.01,-0.0,0.0
-5.11,-0.15,-0.06,-0.01,0.01,0.0
-5.06,-0.13,0.02,-0.01,0.01,0.0
-4.98,-0.19,0.02,-0.0,0.02,0.0
-5.02,-0.15,-0.06,0.0,0.02,-0.0
-5.06,-0.1,0.0,0.01,0.02,0.0
-4.94,-0.19,-0.02,0.01,0.02,0.0
-5.54,-0.52,-0.02,0.01,0.01,0.0
-4.81,-0.25,0.06,0.01,0.01,-0.0
-4.92,-0.15,0.11,0.01,0.0,0.01
-4.96,-0.17,0.0,0.01,-0.0,0.01
-4.94,-0.23,0.11,0.0,-0.01,0.01
-4.98,-0.23,0.15,0.0,-0.01,0.01
-5.0,-0.19,0.11,0.0,-0.02,0.01
-4.94,-0.17,0.08,0.0,-0.02,0.01
-4.85,-0.29,0.19,0.0,-0.02,0.01
-4.92,-0.17,0.15,0.0,-0.02,0.0
-4.87,-0.21,0.17,0.0,-0.02,0.0
-4.83,-0.27,0.0,0.0,-0.02,-0.01
-4.88,-0.15,0.15,0.0,-0.02,-0.0
-4.9,-0.23,0.08,0.0,-0.02,-0.0
-4.98,-0.17,0.17,-0.0,-0.02,-0.0
-4.98,-0.15,0.15,0.0,-0.01,-0.0
-5.02,-0.11,0.11,0.0,-0.01,-0.0
-4.98,-0.1,0.11,0.0,-0.01,-0.0
-5.02,-0.08,0.1,0.01,-0.01,0.0
-5.02,-0.06,0.08,0.01,-0.0,0.0
-4.94,-0.08,0.11,0.01,-0.0,0.0
-5.06,-0.17,0.04,0.01,-0.0,0.01
-4.98,-0.08,0.13,0.0,-0.0,0.01
-5.04,-0.08,0.17,0.0,-0.0,0.01
-5.02,-0.11,0.17,-0.0,-0.0,0.01
-4.96,-0.06,0.15,-0.0,-0.0,0.01
-4.94,-0.1,0.17,-0.0,-0.0,0.01
-5.02,-0.08,0.19,-0.0,0.0,0.01
-5.0,-0.08,0.21,-0.0,0.0,0.01
-5.23,-0.34,-0.02,-0.0,0.01,0.01
-4.87,-0.1,0.13,0.0,0.01,0.01
-4.96,-0.17,0.25,0.0,0.01,0.01
-4.94,-0.11,0.17,-0.0,0.01,0.01
-4.96,-0.15,0.15,-0.0,0.02,0.01
-4.92,-0.13,0.15,-0.01,0.02,0.01
-4.96,-0.19,0.15,-0.01,0.02,0.0
-5.0,-0.21,0.19,-0.01,0.02,0.0
-4.92,-0.25,0.21,-0.01,0.02,0.0
-4.94,-0.23,0.15,-0.01,0.02,0.0
-4.94,-0.21,0.19,-0.0,0.02,-0.0
-4.98,-0.25,0.15,-0.0,0.02,-0.0
-4.98,-0.19,0.15,0.0,0.02,-0.0
-4.96,-0.27,0.15,0.01,0.01,-0.0
-4.92,-0.15,0.17,0.01,0.01,-0.0
-4.92,-0.21,0.21,0.01,0.01,-0.0
-4.96,-0.21,0.17,0.01,0.01,-0.0
-5.06,-0.11,0.17,0.01,0.0,-0.0
-5.02,-0.15,0.1,0.01,0.01,0.0
-5.0,-0.17,0.17,0.01,0.01,0.01
-5.02,0.0,0.17,0.01,0.02,0.0
-4.96,-0.06,0.11,0.01,0.01,0.01
-4.98,-0.1,0.13,0.01,0.01,0.01
-5.0,-0.06,0.11,0.0,0.01,0.01
-4.96,-0.06,0.1,-0.0,0.01,0.01
-4.96,-0.08,0.15,-0.01,0.01,0.01
-5.0,-0.08,0.17,-0.01,0.01,0.01
-5.02,-0.08,0.15,-0.01,0.02,0.01
-4.94,-0.13,0.13,-0.01,0.02,0.0
-5.02,-0.08,0.17,-0.01,0.02,0.0
-4.98,-0.13,0.15,-0.01,0.02,0.0
-4.96,-0.17,0.1,-0.01,0.02,-0.0
-5.0,-0.08,0.13,-0.01,0.02,-0.0
-4.94,-0.25,0.15,-0.01,0.02,-0.0
-4.94,-0.19,0.11,-0.01,0.02,-0.01
-5.06,-0.42,-0.04,-0.0,0.02,-0.0
-4.88,-0.15,0.15,0.0,0.02,-0.01
-4.9,-0.25,0.13,0.0,0.02,-0.01
-4.92,-0.15,0.23,0.01,0.02,-0.01
-4.98,-0.19,0.21,0.01,0.02,-0.01
-4.96,-0.17,0.17,0.01,0.02,-0.01
-4.96,-0.21,0.15,0.01,0.02,-0.0
-4.96,-0.13,0.11,0.01,0.02,0.0
-5.0,-0.21,0.08,0.01,0.01,0.0
-4.96,-0.15,0.19,0.01,0.01,0.0
-4.92,-0.15,0.25,0.01,0.0,0.0
-4.9,-0.13,0.15,0.01,0.0,0.0
-4.9,-0.21,0.02,0.01,0.0,-0.0
-4.98,-0.11,0.11,0.01,-0.0,-0.0
-4.98,-0.11,0.15,0.01,-0.0,0.0
-5.02,-0.13,0.17,0.01,0.0,0.0
-5.04,-0.15,0.17,0.01,0.0,0.0
-5.06,-0.1,0.08,0.0,0.01,0.0
-5.04,-0.1,0.19,0.0,0.01,0.01
-5.08,-0.13,0.17,0.0,0.02,0.01
-5.0,-0.13,0.17,0.0,0.02,0.01
-4.94,-0.1,0.13,0.0,0.02,0.01
-4.98,-0.1,0.17,0.0,0.02,0.01
-4.9,0.0,0.23,0.0,0.02,0.01
-4.85,-0.25,0.15,0.0,0.02,0.01
-4.87,-0.17,0.17,0.0,0.02,0.01
-4.88,-0.13,0.19,0.0,0.02,0.01
-4.92,-0.15,0.17,0.0,0.02,0.01
-4.92,-0.11,0.23,0.0,0.01,0.01
-4.94,-0.17,0.25,0.0,0.01,0.0
-4.96,-0.17,0.23,0.0,0.01,0.0
-5.0,-0.17,0.21,0.0,0.01,0.0
-4.96,-0.15,0.23,0.0,0.01,0.0
-5.02,-0.19,0.23,0.0,0.02,0.0
-4.96,-0.19,0.19,-0.0,0.02,0.0
-4.98,-0.13,0.21,-0.0,0.02,0.0
-5.0,-0.13,0.21,-0.0,0.03,0.0
-5.02,-0.21,0.15,-0.0,0.03,0.0
-5.0,-0.19,0.21,-0.0,0.03,0.01
-4.98,-0.13,0.17,-0.0,0.03,0.0
-5.0,-0.13,0.23,-0.0,0.03,0.01
-4.92,-0.08,0.21,-0.0,0.03,0.01
-4.9,-0.13,0.19,-0.0,0.03,0.01
-4.9,-0.11,0.21,-0.0,0.03,0.01
-4.96,-0.08,0.17,-0.01,0.03,0.01
-4.96,-0.17,0.19,-0.01,0.03,0.01
-4.94,-0.08,0.19,-0.01,0.03,0.01
-4.9,-0.17,0.23,-0.01,0.03,0.01
-4.87,-0.13,0.19,-0.01,0.03,0.01
-4.96,-0.19,0.25,-0.01,0.04,0.01
-4.96,-0.13,0.15,-0.02,0.04,0.01
-4.96,-0.21,0.19,-0.02,0.04,0.01
-4.9,-0.19,0.17,-0.02,0.03,0.01
-4.96,-0.13,0.21,-0.02,0.03,0.0
-5.06,-0.1,0.25,-0.01,0.03,0.0
-4.96,-0.11,0.19,-0.01,0.03,-0.0
-5.0,-0.19,0.15,-0.01,0.03,-0.0
-5.0,-0.13,0.21,-0.01,0.03,-0.0
-4.98,-0.08,0.19,-0.01,0.04,-0.0
-5.0,-0.13,0.19,-0.0,0.04,-0.0
-5.0,-0.1,0.17,-0.0,0.04,0.0
-5.04,-0.1,0.17,-0.01,0.04,0.0
-5.06,-0.13,0.21,-0.0,0.04,0.0
-5.0,-0.11,0.19,-0.01,0.03,0.0
-5.02,-0.11,0.21,-0.01,0.03,0.0
-5.0,-0.08,0.17,-0.01,0.03,0.0
-4.92,-0.13,0.19,-0.0,0.03,0.0
-4.98,-0.08,0.23,-0.0,0.03,0.0
-4.85,0.06,0.19,-0.01,0.03,0.0
-4.92,-0.06,0.21,-0.01,0.03,0.0
-4.96,-0.06,0.17,-0.01,0.03,0.0
-5.0,-0.08,0.21,-0.01,0.04,0.0
-4.9,-0.08,0.21,-0.01,0.04,0.0
-5.08,-0.06,0.19,-0.01,0.04,0.0
-4.96,-0.17,0.23,-0.01,0.04,0.0
-5.0,-0.11,0.15,-0.01,0.03,0.0
-4.96,-0.17,0.19,-0.01,0.03,0.01
-4.98,-0.19,0.21,-0.01,0.03,0.01
-5.04,-0.15,0.19,-0.01,0.03,0.01
-4.96,-0.11,0.25,-0.01,0.03,0.0
-5.02,-0.11,0.21,-0.01,0.03,0.0
-5.0,-0.08,0.19,-0.01,0.03,0.0
-4.94,-0.15,0.23,-0.01,0.03,0.0
-4.9,-0.17,0.21,-0.0,0.02,0.0
-4.96,-0.11,0.15,-0.0,0.02,0.0
-4.9,-0.13,0.19,-0.0,0.02,0.0
-4.98,-0.1,0.21,-0.0,0.02,0.0
-4.96,-0.08,0.19,-0.0,0.03,0.0
-4.92,-0.13,0.23,-0.0,0.03,0.0
-5.0,-0.08,0.15,-0.01,0.03,0.0
-4.96,-0.13,0.13,-0.01,0.03,0.0
-4.92,-0.1,0.21,-0.01,0.03,0.0
-4.94,-0.1,0.21,-0.01,0.03,0.0
-4.98,-0.1,0.17,-0.01,0.03,0.0
-5.0,-0.11,0.27,-0.01,0.03,0.0
-5.0,-0.11,0.15,-0.01,0.03,0.0
-4.94,-0.1,0.19,-0.01,0.03,0.0
-5.0,-0.08,0.17,-0.01,0.03,-0.0
-4.96,-0.11,0.15,-0.01,0.04,-0.0
-4.9,-0.17,0.19,-0.01,0.04,-0.0
-5.02,-0.1,0.17,-0.01,0.04,-0.0
-4.98,-0.19,0.15,-0.01,0.04,-0.0
-4.92,-0.13,0.1,-0.01,0.04,-0.0
-4.96,-0.15,0.15,-0.01,0.04,-0.0
-5.02,-0.08,0.21,-0.0,0.04,-0.01
-4.98,-0.17,0.21,-0.0,0.04,-0.01
-4.96,-0.17,0.17,-0.0,0.04,-0.0
-4.96,-0.08,0.17,-0.0,0.04,-0.01
-4.96,-0.13,0.27,0.0,0.03,-0.0
-4.92,-0.11,0.15,0.0,0.03,-0.0
-4.98,-0.15,0.19,0.0,0.03,-0.0
-4.94,-0.15,0.17,0.01,0.03,-0.01
-4.92,-0.11,0.17,0.01,0.03,-0.0
-4.98,-0.15,0.15,0.01,0.03,-0.0
-4.96,-0.17,0.17,0.01,0.03,-0.0
-4.96,-0.11,0.17,0.01,0.02,-0.0
-4.94,-0.1,0.17,0.01,0.02,0.0
-4.98,-0.08,0.21,0.01,0.02,0.0
-4.94,-0.11,0.21,0.01,0.02,0.0
-4.88,-0.1,0.29,0.01,0.02,-0.01
-4.9,-0.1,0.31,0.01,0.02,0.0
-4.98,-0.08,0.25,0.0,0.02,0.0
-4.96,-0.06,0.25,-0.01,0.03,0.01
-5.06,-0.08,0.31,-0.01,0.03,0.01
-5.02,-0.08,0.25,-0.02,0.04,0.01
-5.0,-0.08,0.31,-0.02,0.04,0.01
-5.04,-0.1,0.19,-0.02,0.05,0.01
-5.04,-0.08,0.17,-0.02,0.05,0.01
-5.04,-0.08,0.13,-0.02,0.05,0.01
-5.06,-0.08,0.15,-0.02,0.05,0.0
-5.02,-0.08,0.15,-0.02,0.05,0.0
-5.06,-0.08,0.15,-0.02,0.05,0.0
-4.94,-0.11,0.15,-0.02,0.05,0.0
-4.92,-0.11,0.15,-0.02,0.04,0.0
-4.94,-0.11,0.15,-0.02,0.04,0.0
-4.94,-0.08,0.15,-0.02,0.04,0.0
-4.92,-0.17,0.17,-0.01,0.04,-0.0
-4.98,-0.08,0.17,-0.01,0.04,-0.0
-4.94,-0.19,0.21,-0.01,0.04,-0.01
-4.94,-0.1,0.15,-0.01,0.04,-0.01
-4.98,-0.17,0.17,-0.0,0.03,-0.01
-5.02,-0.1,0.19,-0.0,0.03,-0.01
-5.02,-0.11,0.21,-0.0,0.03,-0.01
-4.92,-0.17,0.13,-0.0,0.03,-0.01
-4.98,-0.15,0.21,0.0,0.03,-0.01
-4.96,-0.11,0.15,0.0,0.03,-0.01
-4.96,-0.13,0.21,0.0,0.03,-0.01
-5.02,-0.1,0.15,0.0,0.02,-0.01
-4.98,-0.08,0.15,0.0,0.02,-0.01
-4.88,-0.13,0.17,-0.0,0.02,-0.01
-4.92,-0.08,0.15,-0.0,0.02,-0.01
-4.94,-0.08,0.13,-0.0,0.02,-0.0
-4.96,-0.08,0.17,-0.0,0.02,-0.0
-4.98,-0.1,0.17,-0.01,0.02,-0.0
-5.0,-0.11,0.25,-0.01,0.02,-0.0
-4.92,-0.11,0.17,-0.01,0.03,-0.0
-4.94,-0.1,0.23,-0.01,0.03,-0.0
-4.92,-0.11,0.19,-0.01,0.03,-0.0
-4.96,-0.13,0.21,-0.01,0.03,-0.0
-4.94,-0.15,0.19,-0.01,0.03,-0.0
-4.94,-0.1,0.23,-0.01,0.02,-0.0
-4.92,-0.11,0.19,-0.01,0.02,-0.01
-4.98,-0.08,0.19,-0.01,0.02,-0.01
-4.98,-0.08,0.17,-0.01,0.02,-0.01
-5.02,-0.1,0.21,-0.01,0.02,-0.01
-4.98,-0.13,0.15,-0.01,0.03,-0.01
-5.0,-0.1,0.21,-0.01,0.02,-0.01
-5.0,-0.06,0.17,-0.01,0.02,-0.01
-4.98,-0.08,0.25,-0.0,0.02,-0.01
-5.08,-0.08,0.19,-0.0,0.02,-0.01
-5.0,-0.08,0.23,-0.0,0.02,-0.01
-5.02,-0.08,0.17,-0.0,0.02,-0.0
-4.96,-0.08,0.25,-0.0,0.02,-0.0
-4.94,-0.1,0.19,-0.01,0.02,-0.0
-4.96,-0.11,0.19,-0.01,0.02,-0.0
-5.0,-0.11,0.23,-0.01,0.02,-0.0
-4.98,-0.1,0.15,-0.01,0.03,-0.0
-5.02,-0.08,0.21,-0.01,0.03,-0.0
-4.96,-0.15,0.19,-0.01,0.03,-0.0
-4.96,-0.13,0.11,-0.01,0.03,-0.0
-5.0,-0.11,0.15,-0.01,0.03,-0.0
-4.98,-0.1,0.21,-0.01,0.03,-0.0
-5.0,-0.11,0.23,-0.01,0.03,-0.0
-4.94,-0.17,0.23,-0.01,0.03,-0.0
-5.0,-0.13,0.21,-0.01,0.03,-0.0
-4.92,-0.21,0.15,-0.01,0.03,-0.0
-4.96,-0.19,0.23,-0.01,0.03,-0.01
-4.96,-0.17,0.19,-0.01,0.03,-0.01
-4.94,-0.21,0.19,-0.01,0.03,-0.01
-4.92,-0.13,0.17,-0.01,0.03,-0.01
-4.94,-0.19,0.19,-0.01,0.03,-0.01
-4.94,-0.08,0.17,-0.01,0.03,-0.01
-4.9,-0.11,0.19,-0.0,0.03,-0.01
-4.9,-0.11,0.23,-0.0,0.03,-0.0
-4.92,-0.19,0.23,-0.0,0.03,-0.0
-4.94,-0.13,0.23,-0.01,0.03,-0.0
-5.0,-0.17,0.31,-0.01,0.03,-0.0
-4.98,-0.13,0.23,-0.01,0.02,-0.0
-4.94,-0.15,0.17,-0.01,0.02,-0.0
-5.04,-0.15,0.19,-0.01,0.02,-0.0
-5.0,-0.15,0.13,-0.01,0.02,0.0
-4.94,-0.13,0.11,-0.01,0.02,0.0
-4.94,-0.1,0.15,-0.01,0.03,0.0
-4.96,-0.13,0.21,-0.01,0.03,0.0
-5.0,-0.13,0.19,-0.0,0.03,-0.0
-4.98,-0.13,0.19,-0.0,0.03,-0.0
-5.0,-0.19,0.15,-0.0,0.03,-0.0
-5.0,-0.13,0.21,-0.01,0.03,-0.0
-4.96,-0.13,0.21,-0.01,0.03,-0.0
-4.92,-0.11,0.21,-0.01,0.03,-0.0
-4.92,-0.1,0.19,-0.01,0.03,0.0
-4.92,-0.1,0.17,-0.01,0.03,0.0
-4.88,-0.15,0.23,-0.01,0.03,0.0
-5.11,-0.08,0.19,-0.0,0.03,0.0
-4.85,-0.15,0.19,0.0,0.03,-0.0
-4.9,-0.11,0.19,0.0,0.03,-0.0
-4.94,-0.08,0.27,-0.0,0.03,-0.0
-4.94,-0.11,0.19,-0.0,0.02,0.0
-4.98,-0.11,0.19,-0.0,0.02,-0.0
-4.96,-0.17,0.19,-0.01,0.02,-0.0
-5.04,-0.08,0.15,-0.01,0.02,-0.0
-5.02,-0.1,0.17,-0.01,0.02,-0.0
-5.06,-0.1,0.19,-0.01,0.02,-0.01
-5.02,-0.15,0.19,-0.01,0.02,-0.0
-5.02,-0.08,0.27,-0.01,0.02,-0.0
-4.98,-0.15,0.19,-0.0,0.02,-0.0
-5.04,-0.08,0.23,-0.0,0.02,-0.0
-5.0,-0.11,0.17,-0.0,0.03,-0.0
-5.0,-0.1,0.23,0.0,0.03,-0.0
-4.94,-0.1,0.27,-0.0,0.03,-0.0
-4.94,-0.08,0.23,-0.0,0.02,-0.0
-4.92,-0.08,0.23,-0.0,0.02,-0.0
-4.9,-0.08,0.25,-0.0,0.02,-0.0
-4.94,-0.08,0.21,-0.0,0.03,-0.0
-4.94,-0.17,0.23,-0.01,0.03,-0.0
-4.94,-0.17,0.17,-0.01,0.03,-0.0
-4.92,-0.17,0.17,-0.01,0.03,-0.01
-5.02,-0.08,0.19,-0.01,0.03,-0.0
-5.0,-0.1,0.23,-0.01,0.03,-0.01
-4.98,-0.1,0.19,-0.01,0.03,-0.0
-5.02,-0.11,0.21,-0.01,0.03,-0.01
-4.96,-0.13,0.25,-0.01,0.03,-0.0
-5.02,-0.1,0.27,-0.01,0.03,-0.0
-5.0,-0.13,0.27,-0.0,0.02,-0.0
-4.94,-0.1,0.21,-0.0,0.02,-0.0
-5.0,-0.15,0.19,-0.0,0.02,-0.0
-4.98,-0.11,0.23,-0.0,0.02,-0.0
-4.92,-0.17,0.17,-0.0,0.02,-0.0
-4.98,-0.1,0.19,-0.0,0.02,-0.0
-4.98,-0.11,0.19,-0.0,0.02,-0.0
-5.02,-0.1,0.21,-0.0,0.02,-0.0
-5.02,-0.13,0.27,-0.0,0.02,-0.0
-4.92,-0.13,0.19,-0.0,0.02,-0.0
-5.04,-0.08,0.21,-0.0,0.02,-0.0
-4.98,-0.08,0.19,0.0,0.02,-0.0
-4.98,-0.19,0.19,0.0,0.02,-0.0
-4.9,-0.19,0.17,0.0,0.02,-0.0
-4.9,-0.17,0.31,0.0,0.02,-0.0
-4.96,-0.23,0.25,0.0,0.02,-0.0
-4.94,-0.19,0.21,0.0,0.02,-0.0
-4.96,-0.21,0.33,0.0,0.02,-0.0
-4.98,-0.21,0.29,0.0,0.02,-0.0
-4.96,-0.15,0.23,0.0,0.02,-0.0
-4.98,-0.17,0.21,0.0,0.02,0.0
-4.98,-0.13,0.19,0.0,0.03,0.0
-4.94,-0.15,0.21,0.0,0.03,0.0
-4.98,-0.08,0.15,0.0,0.03,0.0
-4.96,-0.1,0.15,0.0,0.03,0.0
-4.94,-0.08,0.15,0.0,0.03,0.0
-4.96,-0.08,0.27,-0.0,0.03,0.0
-5.02,-0.08,0.19,-0.0,0.03,-0.0
-4.98,-0.1,0.23,-0.0,0.02,-0.0
-5.02,-0.13,0.19,-0.0,0.03,-0.0
-4.98,-0.1,0.21,-0.0,0.03,-0.0
-5.04,-0.1,0.25,0.0,0.03,-0.0
-4.94,-0.11,0.21,0.0,0.03,0.0
-4.94,-0.1,0.23,0.0,0.03,-0.0
-4.94,-0.11,0.23,0.01,0.03,0.0
-4.92,-0.08,0.21,0.01,0.03,0.0
-4.92,-0.08,0.29,0.01,0.03,0.0
-4.9,-0.1,0.19,0.0,0.03,0.0
-4.83,0.08,0.42,-0.0,0.03,-0.0
-4.9,-0.17,0.23,-0.0,0.03,0.0
-4.9,-0.11,0.25,-0.01,0.03,0.0
-4.88,-0.11,0.27,-0.01,0.03,0.0
-4.92,-0.11,0.23,-0.01,0.03,0.0
-4.92,-0.13,0.29,-0.01,0.03,-0.0
-4.96,-0.15,0.25,-0.01,0.03,-0.0
-5.0,-0.11,0.23,-0.01,0.03,-0.0
-5.04,-0.13,0.21,-0.01,0.03,-0.0
-5.06,-0.11,0.23,-0.01,0.03,-0.0
-5.04,-0.13,0.19,-0.01,0.03,-0.0
-5.02,-0.15,0.19,-0.01,0.03,-0.0
-5.02,-0.1,0.25,-0.01,0.03,-0.0
-4.94,-0.11,0.17,-0.01,0.03,-0.0
-4.98,-0.11,0.27,-0.0,0.03,-0.0
-4.96,-0.1,0.25,-0.0,0.03,-0.0
-4.98,-0.11,0.21,-0.0,0.03,-0.0
-5.0,-0.1,0.19,-0.0,0.03,-0.0
-5.0,-0.11,0.27,-0.0,0.02,-0.0
-4.92,-0.15,0.23,-0.0,0.02,-0.0
-4.94,-0.08,0.21,-0.0,0.02,-0.0
-4.98,-0.1,0.21,-0.0,0.03,-0.0
-4.96,-0.13,0.25,-0.01,0.03,-0.0
-5.02,-0.11,0.19,-0.01,0.03,-0.0
-4.92,-0.15,0.21,-0.01,0.03,-0.0
-4.88,-0.13,0.19,-0.0,0.03,-0.0
-4.9,-0.11,0.31,-0.0,0.03,-0.0
-4.94,-0.19,0.19,-0.0,0.03,-0.0
-5.0,-0.13,0.25,-0.0,0.02,-0.0
-4.92,-0.1,0.25,-0.0,0.02,-0.01
-4.9,-0.15,0.19,-0.0,0.02,-0.01
-4.96,-0.1,0.23,-0.0,0.02,-0.01
-4.92,-0.19,0.21,-0.0,0.02,-0.01
-4.94,-0.13,0.29,-0.0,0.02,-0.01
-5.02,-0.11,0.27,-0.0,0.02,-0.0
-4.96,-0.08,0.19,-0.0,0.02,-0.0
-4.98,-0.11,0.21,-0.01,0.02,-0.0
-4.98,-0.11,0.23,-0.01,0.03,-0.0
-4.94,-0.13,0.31,-0.01,0.03,-0.0
-4.98,-0.08,0.25,-0.01,0.03,-0.0
-4.92,-0.13,0.25,-0.01,0.03,0.0
-5.0,-0.1,0.21,-0.0,0.03,0.0
-4.87,-0.13,0.29,-0.0,0.03,0.0
-4.94,-0.11,0.21,-0.01,0.03,0.0
-4.92,-0.15,0.23,-0.01,0.03,0.0
-4.98,-0.1,0.25,-0.01,0.03,0.0
-4.92,-0.19,0.31,-0.01,0.03,0.0
-4.98,-0.08,0.21,-0.01,0.03,0.0
-4.94,-0.1,0.29,-0.01,0.03,0.0
-4.94,-0.08,0.29,-0.01,0.03,-0.0
-4.96,-0.11,0.21,-0.01,0.03,0.0
-4.98,-0.11,0.27,-0.01,0.03,-0.0
-5.02,-0.1,0.29,-0.01,0.03,-0.0
-5.0,-0.11,0.27,-0.01,0.03,-0.0
-4.94,-0.1,0.21,-0.01,0.03,-0.0
-5.0,-0.08,0.27,-0.01,0.03,-0.0
-4.94,-0.15,0.29,-0.01,0.03,-0.0
-4.98,-0.11,0.23,-0.01,0.03,-0.01
-5.0,-0.1,0.23,-0.01,0.03,-0.0
-4.94,-0.11,0.29,-0.0,0.03,-0.01
-4.92,-0.15,0.21,-0.0,0.03,-0.0
-4.92,-0.13,0.21,-0.0,0.03,-0.0
-4.92,-0.15,0.23,-0.0,0.03,-0.0
-4.94,-0.08,0.25,-0.0,0.03,-0.0
-4.96,-0.13,0.27,-0.0,0.03,0.0
-4.94,-0.11,0.25,-0.0,0.03,-0.0
-5.0,-0.1,0.25,-0.0,0.03,0.0
-4.98,-0.08,0.21,-0.01,0.03,0.0
-5.0,-0.08,0.23,-0.01,0.03,0.0
-4.94,-0.11,0.25,-0.01,0.03,-0.0
-4.96,-0.11,0.21,-0.01,0.03,-0.0
-5.0,-0.19,0.19,-0.01,0.03,-0.0
-4.94,-0.1,0.23,-0.01,0.03,-0.0
-5.0,-0.1,0.25,-0.01,0.03,-0.0
-5.02,-0.11,0.25,-0.01,0.03,-0.0
-4.96,-0.08,0.27,-0.01,0.04,-0.0
-4.94,-0.17,0.17,-0.01,0.04,-0.0
-4.9,-0.17,0.31,-0.0,0.03,-0.0
-4.9,-0.11,0.25,-0.0,0.03,-0.0
-4.92,-0.13,0.31,-0.0,0.03,-0.0
-4.9,-0.15,0.25,-0.0,0.03,-0.0
-4.9,-0.1,0.27,-0.0,0.03,-0.0
-4.9,-0.11,0.21,-0.01,0.03,-0.0
-4.9,-0.15,0.27,-0.01,0.03,-0.0
-4.98,-0.15,0.27,-0.01,0.02,-0.0
-5.02,-0.13,0.25,-0.0,0.02,-0.0
-4.98,-0.11,0.23,-0.0,0.03,-0.0
-4.94,-0.17,0.27,-0.0,0.03,-0.0
-5.02,-0.08,0.23,-0.0,0.03,-0.0
-4.96,-0.08,0.19,-0.0,0.03,-0.0
-5.0,-0.08,0.23,-0.0,0.03,-0.0
-4.92,-0.11,0.19,-0.0,0.03,-0.0
-4.98,-0.13,0.23,-0.01,0.03,-0.0
-4.98,-0.11,0.27,-0.01,0.03,-0.0
-4.98,-0.13,0.23,-0.01,0.03,-0.0
-4.94,-0.17,0.27,-0.01,0.03,-0.0
-4.9,-0.11,0.29,-0.01,0.03,-0.0
-4.98,-0.1,0.17,-0.01,0.03,-0.0
-4.96,-0.08,0.29,-0.01,0.03,-0.0
-4.92,-0.1,0.25,-0.01,0.03,-0.0
-4.98,-0.1,0.25,-0.01,0.03,-0.0
-4.98,-0.13,0.29,-0.01,0.03,-0.0
-4.98,-0.19,0.31,-0.01,0.03,-0.0
-4.94,-0.13,0.23,-0.01,0.03,-0.0
-5.0,-0.08,0.25,-0.01,0.03,-0.01
-4.9,-0.08,0.27,-0.01,0.03,-0.01
-5.0,-0.08,0.23,-0.01,0.03,-0.01
-4.96,-0.13,0.23,-0.01,0.03,-0.01
-4.96,-0.13,0.21,-0.01,0.03,-0.01
-4.98,-0.08,0.25,-0.01,0.03,-0.01
-5.0,-0.08,0.27,-0.01,0.03,-0.01
-4.94,-0.08,0.31,-0.01,0.03,-0.0
-4.94,-0.08,0.25,-0.01,0.03,-0.0
-5.02,-0.08,0.23,-0.01,0.03,-0.0
-4.94,-0.08,0.27,-0.01,0.03,-0.0
-4.98,-0.1,0.21,-0.01,0.03,-0.0
-4.98,-0.08,0.21,-0.01,0.03,-0.0
-4.96,-0.11,0.25,-0.01,0.03,-0.0
-4.96,-0.1,0.19,-0.01,0.03,-0.0
-4.92,-0.17,0.27,-0.01,0.03,-0.0
-5.02,-0.11,0.25,-0.01,0.03,-0.0
-4.92,-0.23,0.29,-0.01,0.03,-0.0
-4.87,-0.25,0.29,-0.01,0.03,-0.0
-4.9,-0.25,0.33,-0.01,0.03,-0.01
-4.92,-0.19,0.33,-0.01,0.03,-0.01
-4.9,-0.25,0.31,-0.01,0.03,-0.0
-4.9,-0.17,0.25,-0.01,0.03,-0.0
-4.96,-0.13,0.33,-0.01,0.03,-0.0
-4.96,-0.11,0.23,-0.01,0.03,-0.0
-4.9,-0.21,0.23,-0.01,0.03,-0.0
-4.98,-0.13,0.23,-0.0,0.03,-0.0
-4.98,-0.08,0.33,-0.01,0.03,-0.0
-5.0,-0.11,0.25,-0.01,0.03,-0.0
-4.96,-0.1,0.23,-0.01,0.03,-0.0
-4.96,-0.11,0.23,-0.01,0.03,-0.0
-4.94,-0.08,0.27,-0.01,0.03,-0.0
-4.98,-0.08,0.31,-0.01,0.04,-0.0
-4.94,-0.11,0.19,-0.01,0.04,-0.0
-4.92,-0.08,0.23,-0.01,0.04,-0.0
-4.92,-0.15,0.19,-0.01,0.04,-0.0
-4.75,-0.48,0.06,-0.01,0.04,-0.0
-4.96,-0.1,0.34,-0.01,0.03,-0.0
-4.96,-0.08,0.29,-0.01,0.03,-0.0
-4.98,-0.1,0.27,-0.01,0.03,-0.0
-4.98,-0.13,0.21,-0.01,0.03,-0.0
-5.04,-0.15,0.31,-0.01,0.03,0.0
-4.96,-0.15,0.23,-0.01,0.03,0.0
-4.96,-0.13,0.27,-0.01,0.03,0.0
-4.94,-0.13,0.27,-0.01,0.04,0.0
-4.96,-0.1,0.27,-0.01,0.03,0.0
-4.92,-0.13,0.31,-0.01,0.03,0.0
-4.94,-0.13,0.23,-0.01,0.03,0.0
-4.92,-0.11,0.23,-0.01,0.03,0.0
-4.96,-0.15,0.25,-0.01,0.03,0.0
-4.92,-0.1,0.29,-0.01,0.03,0.0
-4.88,-0.15,0.25,-0.01,0.03,0.0
-4.96,-0.13,0.25,-0.0,0.03,0.0
-4.96,-0.17,0.23,-0.0,0.03,0.0
-4.94,-0.1,0.17,-0.0,0.03,0.0
-4.88,-0.1,0.29,-0.0,0.03,0.0
-4.88,-0.08,0.36,-0.0,0.03,0.0
-4.88,-0.08,0.31,-0.01,0.04,0.0
-4.85,-0.08,0.44,-0.01,0.04,0.0
-4.79,-0.08,0.38,-0.02,0.05,-0.0
-4.77,-0.08,0.48,-0.03,0.06,-0.0
-4.69,-0.04,0.44,-0.03,0.07,-0.01
-4.69,-0.08,0.52,-0.04,0.08,-0.01
-4.81,-0.06,0.4,-0.05,0.1,-0.01
-4.87,-0.02,0.38,-0.07,0.12,-0.01
-4.88,0.02,0.4,-0.08,0.13,-0.01
-4.96,0.08,0.46,-0.1,0.14,-0.02
-5.04,0.04,0.4,-0.13,0.16,-0.03
-5.09,-0.02,0.34,-0.15,0.18,-0.04
-5.17,-0.02,0.17,-0.18,0.2,-0.06
-5.23,-0.02,0.13,-0.21,0.22,-0.07
-5.19,-0.13,-0.04,-0.24,0.24,-0.08
-5.23,-0.19,-0.04,-0.26,0.26,-0.09
-5.23,-0.1,-0.11,-0.27,0.28,-0.09
-5.23,-0.19,-0.19,-0.28,0.29,-0.08
-5.11,-0.08,-0.38,-0.29,0.29,-0.09
-5.17,-0.04,-0.5,-0.3,0.28,-0.1
-5.19,-0.04,-0.57,-0.31,0.27,-0.1
-5.15,-0.08,-0.67,-0.33,0.27,-0.11
-5.25,-0.27,-0.94,-0.35,0.26,-0.11
-5.17,-0.4,-0.71,-0.37,0.26,-0.11
-5.11,-0.86,-0.73,-0.39,0.25,-0.09
-5.32,-1.24,-1.02,-0.4,0.23,-0.08
-5.29,-1.38,-0.98,-0.38,0.2,-0.06
-5.31,-1.65,-1.0,-0.35,0.17,-0.06
-5.29,-1.7,-0.82,-0.3,0.14,-0.05
-5.32,-1.72,-0.48,-0.25,0.12,-0.04
-5.34,-1.97,-0.8,-0.18,0.1,-0.04
-5.31,-1.88,-0.54,-0.12,0.1,-0.03
-5.21,-1.82,-0.67,-0.06,0.1,-0.01
-5.08,-1.47,-0.71,0.0,0.11,-0.0
-4.92,-1.46,-0.59,0.05,0.12,0.01
-4.65,-1.07,-0.63,0.1,0.13,0.01
-4.41,-0.84,-0.34,0.13,0.14,0.01
-4.27,-0.65,-0.21,0.15,0.16,0.0
-4.16,-0.4,-0.19,0.15,0.18,-0.0
-3.95,-0.23,0.04,0.14,0.2,-0.01
-3.75,-0.15,0.17,0.12,0.22,-0.0
-3.62,-0.23,0.38,0.1,0.25,-0.0
-3.66,-0.25,0.67,0.08,0.26,-0.01
-3.91,-0.21,0.73,0.07,0.27,-0.02
-4.27,-0.13,0.8,0.07,0.27,-0.03
-4.48,-0.06,0.79,0.08,0.27,-0.03
-4.83,0.1,0.77,0.08,0.28,-0.04
-5.04,0.17,0.75,0.08,0.28,-0.04
-5.13,0.02,0.8,0.08,0.27,-0.04
-5.09,0.02,0.84,0.08,0.26,-0.04
-5.06,0.1,0.92,0.07,0.25,-0.04
-5.11,0.19,0.96,0.07,0.24,-0.04
-5.08,0.31,1.0,0.06,0.23,-0.05
-5.08,0.31,1.09,0.06,0.23,-0.06
-5.13,0.34,1.21,0.05,0.22,-0.08
-5.09,0.29,1.13,0.05,0.22,-0.09
-5.04,0.4,1.13,0.06,0.23,-0.11
-4.88,0.57,1.09,0.07,0.23,-0.12
-4.83,0.73,1.02,0.1,0.25,-0.14
-4.83,0.86,0.88,0.14,0.26,-0.16
-4.92,0.94,0.69,0.19,0.3,-0.17
-5.08,0.92,0.67,0.21,0.33,-0.17
-5.25,0.92,0.59,0.22,0.37,-0.17
-5.15,0.9,0.61,0.22,0.4,-0.17
-5.23,1.02,0.67,0.21,0.44,-0.16
-5.61,0.75,0.34,0.2,0.49,-0.16
-5.25,1.3,0.77,0.18,0.54,-0.18
-4.87,0.92,0.56,0.16,0.56,-0.17
-4.92,0.75,0.46,0.14,0.58,-0.13
-5.15,0.67,0.27,0.14,0.59,-0.11
-5.73,0.96,0.4,0.14,0.62,-0.15
-5.08,0.57,0.31,0.13,0.61,-0.18
-4.69,0.56,0.21,0.13,0.58,-0.17
-4.85,0.44,0.31,0.13,0.56,-0.16
-4.9,0.29,0.33,0.13,0.53,-0.14
-5.09,0.44,0.06,0.14,0.52,-0.14
-5.08,0.31,0.0,0.15,0.5,-0.13
-5.08,0.38,0.1,0.15,0.5,-0.12
-5.17,0.54,-0.06,0.16,0.51,-0.12
-5.29,0.57,-0.19,0.17,0.53,-0.1
-5.61,0.61,-0.38,0.18,0.55,-0.09
-5.69,0.73,-0.44,0.19,0.56,-0.09
-5.75,0.77,-0.69,0.19,0.56,-0.08
-5.82,0.84,-0.75,0.18,0.56,-0.07
-5.92,0.88,-0.82,0.16,0.54,-0.06
-5.98,0.86,-1.05,0.13,0.52,-0.07
-6.03,0.96,-1.24,0.1,0.51,-0.1
-5.86,0.65,-1.51,0.07,0.5,-0.14
-5.69,0.63,-1.61,0.06,0.5,-0.18
-5.54,0.36,-1.92,0.05,0.49,-0.22
-5.38,0.29,-1.99,0.02,0.48,-0.25
-5.17,0.21,-2.18,0.0,0.47,-0.29
-5.06,0.11,-2.16,0.0,0.45,-0.34
-4.96,-0.02,-2.18,0.01,0.44,-0.38
-4.85,-0.25,-2.24,0.03,0.45,-0.43
-4.48,-0.13,-2.09,0.04,0.48,-0.49
-4.31,-0.27,-1.9,0.05,0.51,-0.53
-4.39,-0.44,-1.88,0.05,0.55,-0.57
-4.41,-0.63,-1.9,0.05,0.58,-0.6
-4.39,-0.67,-1.8,0.05,0.62,-0.63
-4.31,-0.71,-2.01,0.05,0.63,-0.63
-4.6,-0.73,-1.97,0.05,0.63,-0.61
-4.83,-0.59,-1.88,0.03,0.61,-0.59
-4.98,-0.52,-1.88,0.01,0.57,-0.58
-4.92,-0.48,-1.86,-0.01,0.53,-0.57
-4.92,-0.44,-1.84,-0.02,0.47,-0.56
-4.81,-0.38,-1.82,-0.02,0.42,-0.56
-4.85,-0.57,-1.86,-0.01,0.36,-0.57
-4.85,-0.86,-2.09,0.01,0.3,-0.59
-4.92,-1.13,-1.97,0.04,0.23,-0.64
-4.81,-1.17,-1.93,0.07,0.16,-0.69
-4.6,-1.36,-1.74,0.1,0.09,-0.74
-4.69,-1.57,-1.9,0.15,0.03,-0.76
-4.94,-1.53,-1.99,0.2,0.01,-0.79
-5.0,-1.57,-1.95,0.25,-0.01,-0.84
-5.02,-1.55,-2.05,0.3,-0.05,-0.9
-4.9,-1.51,-2.01,0.34,-0.09,-0.96
-4.85,-1.53,-2.01,0.37,-0.14,-1.01
-4.88,-1.57,-1.92,0.41,-0.18,-1.07
-4.83,-1.59,-1.99,0.46,-0.24,-1.11
-4.77,-1.4,-1.76,0.49,-0.28,-1.14
-4.71,-1.32,-1.7,0.5,-0.31,-1.17
-4.64,-1.24,-1.65,0.5,-0.31,-1.19
-4.62,-1.21,-1.76,0.5,-0.3,-1.2
-4.5,-1.3,-1.84,0.51,-0.3,-1.22
-4.48,-1.38,-2.03,0.51,-0.31,-1.23
-4.41,-1.53,-1.78,0.5,-0.33,-1.25
-4.37,-1.63,-1.55,0.48,-0.35,-1.27
-4.31,-1.84,-1.57,0.46,-0.36,-1.29
-4.21,-2.07,-1.28,0.44,-0.34,-1.29
-4.33,-2.28,-1.17,0.44,-0.34,-1.29
-4.27,-2.43,-1.02,0.43,-0.36,-1.29
-4.37,-2.55,-1.02,0.4,-0.37,-1.29
-4.44,-2.53,-0.79,0.38,-0.36,-1.28
-4.52,-2.62,-0.86,0.38,-0.35,-1.27
-4.54,-2.76,-0.69,0.4,-0.34,-1.25
-4.39,-2.87,-0.94,0.42,-0.35,-1.23
-4.19,-2.97,-1.09,0.45,-0.38,-1.21
-4.08,-2.95,-0.98,0.47,-0.42,-1.19
-3.95,-2.93,-0.92,0.5,-0.43,-1.18
-4.02,-2.83,-0.84,0.53,-0.43,-1.17
-3.87,-2.78,-1.0,0.54,-0.43,-1.16
-3.87,-2.85,-0.98,0.54,-0.43,-1.15
-3.81,-3.05,-1.19,0.54,-0.44,-1.15
-3.85,-3.12,-1.3,0.55,-0.46,-1.13
-3.79,-3.26,-1.19,0.55,-0.48,-1.13
-3.85,-3.35,-1.19,0.54,-0.5,-1.12
-3.64,-3.28,-1.15,0.54,-0.51,-1.12
-3.33,-3.31,-1.11,0.54,-0.49,-1.08
-3.16,-3.28,-1.13,0.53,-0.48,-1.06
-2.95,-3.12,-1.23,0.52,-0.46,-1.03
-2.83,-3.1,-1.36,0.51,-0.44,-1.0
-2.85,-3.06,-1.34,0.48,-0.43,-0.99
-2.97,-3.12,-1.49,0.45,-0.43,-0.99
-3.14,-3.29,-1.44,0.41,-0.44,-0.99
-3.29,-3.62,-1.28,0.36,-0.45,-0.99
-3.33,-4.02,-1.0,0.31,-0.45,-0.99
-3.22,-4.6,-0.63,0.28,-0.41,-1.0
-2.89,-4.71,-0.44,0.24,-0.36,-1.01
-2.49,-4.85,-0.29,0.21,-0.32,-1.0
-1.92,-4.85,-0.25,0.19,-0.29,-0.98
-1.63,-4.81,-0.11,0.17,-0.26,-0.97
-1.38,-4.67,-0.08,0.16,-0.23,-0.96
-1.23,-4.6,0.0,0.15,-0.21,-0.96
-1.13,-4.37,-0.1,0.15,-0.2,-0.96
-1.07,-4.12,-0.1,0.15,-0.2,-0.97
-1.23,-3.96,0.0,0.16,-0.19,-0.97
-1.3,-3.91,0.0,0.17,-0.19,-0.97
-1.3,-3.73,0.15,0.17,-0.18,-0.96
-1.47,-3.79,0.17,0.17,-0.19,-0.92
-1.55,-3.93,0.11,0.18,-0.21,-0.88
-1.67,-4.02,0.11,0.19,-0.23,-0.86
-1.9,-4.08,-0.06,0.19,-0.26,-0.86
-2.03,-4.14,0.04,0.18,-0.28,-0.87
-2.15,-4.25,0.1,0.16,-0.29,-0.88
-2.38,-4.18,0.17,0.15,-0.3,-0.88
-2.43,-4.12,0.06,0.14,-0.31,-0.88
-2.26,-4.18,-0.02,0.15,-0.31,-0.86
-2.09,-4.06,-0.13,0.14,-0.3,-0.84
-1.99,-4.08,-0.21,0.14,-0.3,-0.8
-1.99,-4.33,-0.11,0.14,-0.28,-0.79
-2.11,-4.42,-0.13,0.13,-0.26,-0.8
-2.05,-4.44,0.1,0.12,-0.23,-0.83
-1.92,-4.5,0.13,0.1,-0.23,-0.85
-1.76,-4.48,0.15,0.08,-0.25,-0.83
-1.59,-4.48,0.29,0.06,-0.27,-0.82
-1.44,-4.44,0.33,0.05,-0.28,-0.79
-1.11,-4.35,0.31,0.06,-0.3,-0.76
-0.8,-4.19,0.17,0.07,-0.3,-0.72
-0.61,-4.08,0.17,0.08,-0.29,-0.69
-0.36,-4.04,0.0,0.09,-0.27,-0.66
-0.21,-4.04,-0.1,0.09,-0.25,-0.64
-0.1,-4.04,-0.11,0.07,-0.23,-0.62
0.0,-4.14,-0.08,0.05,-0.22,-0.61
0.08,-4.16,0.08,0.03,-0.21,-0.6
0.02,-4.23,0.25,0.0,-0.19,-0.6
-0.08,-4.39,0.44,-0.01,-0.18,-0.59
-0.23,-4.42,0.56,-0.01,-0.15,-0.59
-0.42,-4.62,0.67,-0.01,-0.12,-0.59
-0.65,-4.73,0.73,-0.0,-0.1,-0.58
-1.0,-4.98,0.84,0.0,-0.09,-0.56
-1.42,-5.17,0.88,0.01,-0.09,-0.56
-1.84,-5.32,1.05,0.01,-0.11,-0.56
-2.13,-5.48,1.09,0.01,-0.13,-0.58
-2.38,-5.4,1.13,0.02,-0.15,-0.59
-2.47,-5.31,1.13,0.04,-0.17,-0.58
-2.62,-5.17,1.03,0.06,-0.19,-0.54
-2.62,-5.11,0.92,0.09,-0.2,-0.51
-2.59,-4.96,0.84,0.1,-0.22,-0.48
-2.53,-4.96,0.69,0.11,-0.24,-0.46
-2.36,-4.98,0.92,0.1,-0.27,-0.44
-2.24,-5.06,1.05,0.08,-0.3,-0.43
-2.15,-5.15,1.26,0.08,-0.32,-0.42
-1.84,-5.27,1.4,0.08,-0.34,-0.4
-1.53,-5.29,1.57,0.08,-0.35,-0.38
-1.28,-5.25,1.67,0.09,-0.36,-0.36
-0.94,-5.21,1.67,0.1,-0.37,-0.33
-0.56,-5.08,1.57,0.1,-0.38,-0.32
-0.19,-4.98,1.46,0.09,-0.37,-0.3
0.15,-4.83,1.42,0.08,-0.36,-0.28
0.38,-4.85,1.4,0.07,-0.34,-0.27
0.56,-4.69,1.28,0.06,-0.31,-0.27
0.77,-4.58,1.36,0.04,-0.29,-0.27
0.86,-4.54,1.36,0.03,-0.27,-0.28
0.98,-4.46,1.34,0.01,-0.25,-0.29
1.0,-4.37,1.3,-0.0,-0.23,-0.31
1.05,-4.31,1.17,-0.02,-0.22,-0.35
1.0,-4.19,1.32,-0.03,-0.21,-0.39
0.98,-4.29,1.28,-0.03,-0.21,-0.42
0.8,-4.27,1.3,-0.02,-0.2,-0.45
0.59,-4.29,1.32,-0.0,-0.2,-0.48
0.42,-4.31,1.24,0.02,-0.21,-0.5
0.11,-4.35,1.23,0.03,-0.21,-0.51
0.0,-4.42,1.15,0.04,-0.23,-0.51
-0.21,-4.54,1.15,0.05,-0.24,-0.5
-0.27,-4.54,1.19,0.05,-0.26,-0.49
-0.48,-4.6,1.21,0.06,-0.28,-0.46
-0.54,-4.65,1.09,0.06,-0.31,-0.44
-0.56,-4.71,0.94,0.06,-0.33,-0.42
-0.61,-4.73,0.92,0.05,-0.37,-0.4
-0.61,-4.71,0.86,0.05,-0.4,-0.38
-0.54,-4.77,0.79,0.04,-0.43,-0.37
-0.52,-4.73,0.69,0.03,-0.46,-0.35
-0.33,-4.75,0.67,0.03,-0.48,-0.33
-0.19,-4.85,0.69,0.03,-0.49,-0.31
-0.04,-4.81,0.52,0.04,-0.49,-0.3
0.15,-4.92,0.52,0.05,-0.49,-0.28
0.38,-4.96,0.52,0.06,-0.47,-0.27
0.56,-5.02,0.54,0.07,-0.45,-0.26
0.75,-5.19,0.57,0.08,-0.42,-0.24
0.84,-5.25,0.57,0.1,-0.38,-0.23
0.92,-5.46,0.46,0.12,-0.33,-0.21
0.98,-5.54,0.34,0.14,-0.28,-0.19
1.02,-5.67,0.34,0.15,-0.23,-0.16
1.0,-5.67,0.36,0.17,-0.19,-0.13
1.05,-5.63,0.59,0.17,-0.15,-0.09
1.05,-5.5,0.63,0.18,-0.13,-0.06
1.09,-5.34,0.75,0.19,-0.12,-0.05
1.13,-5.15,0.73,0.21,-0.12,-0.05
1.13,-4.96,0.61,0.22,-0.12,-0.05
1.03,-4.67,0.61,0.23,-0.12,-0.06
1.03,-4.42,0.34,0.22,-0.11,-0.07
0.94,-4.25,0.4,0.21,-0.1,-0.09
0.73,-3.98,0.27,0.19,-0.09,-0.1
0.54,-3.79,0.25,0.16,-0.09,-0.11
0.44,-3.79,0.23,0.13,-0.09,-0.11
0.27,-3.77,0.27,0.08,-0.11,-0.11
0.17,-3.91,0.38,0.05,-0.14,-0.1
0.13,-4.04,0.38,0.02,-0.16,-0.1
0.25,-4.18,0.44,0.0,-0.18,-0.11
0.31,-4.46,0.34,-0.02,-0.19,-0.11
0.34,-4.64,0.46,-0.03,-0.19,-0.12
0.38,-4.85,0.44,-0.04,-0.19,-0.13
0.38,-4.92,0.5,-0.04,-0.18,-0.13
0.4,-4.98,0.48,-0.03,-0.17,-0.13
0.5,-5.08,0.46,-0.02,-0.17,-0.12
0.61,-5.19,0.38,-0.01,-0.16,-0.12
0.69,-5.06,0.44,-0.01,-0.15,-0.14
0.75,-5.06,0.4,-0.01,-0.14,-0.14
0.84,-5.0,0.48,-0.0,-0.13,-0.15
0.79,-4.9,0.44,-0.0,-0.12,-0.15
0.84,-4.85,0.57,-0.0,-0.11,-0.14
0.9,-4.71,0.52,-0.0,-0.1,-0.14
0.98,-4.62,0.61,-0.01,-0.09,-0.13
1.0,-4.46,0.69,-0.01,-0.09,-0.12
0.96,-4.42,0.77,-0.02,-0.08,-0.11
0.96,-4.42,0.59,-0.04,-0.08,-0.1
0.98,-4.33,0.67,-0.05,-0.07,-0.09
0.92,-4.35,0.69,-0.07,-0.07,-0.08
0.84,-4.46,0.63,-0.09,-0.06,-0.07
0.82,-4.46,0.75,-0.1,-0.06,-0.07
0.8,-4.52,0.84,-0.11,-0.05,-0.06
0.73,-4.54,0.8,-0.11,-0.05,-0.05
0.67,-4.73,0.77,-0.11,-0.05,-0.04
0.65,-4.77,0.82,-0.11,-0.05,-0.05
0.56,-4.73,0.88,-0.1,-0.05,-0.05
0.48,-4.73,0.75,-0.1,-0.05,-0.06
0.42,-4.77,0.86,-0.1,-0.05,-0.06
0.36,-4.75,0.79,-0.1,-0.05,-0.06
0.4,-4.75,0.79,-0.1,-0.05,-0.06
0.4,-4.83,0.71,-0.1,-0.05,-0.06
0.46,-4.81,0.79,-0.1,-0.04,-0.06
0.46,-4.85,0.8,-0.09,-0.04,-0.06
0.5,-4.85,0.88,-0.09,-0.02,-0.05
0.48,-4.81,0.98,-0.08,-0.01,-0.04
0.52,-4.79,0.92,-0.07,-0.0,-0.03
0.5,-4.73,0.92,-0.06,-0.0,-0.02
0.61,-4.75,0.94,-0.06,-0.0,-0.01
0.57,-4.65,0.96,-0.05,-0.01,-0.01
0.61,-4.64,1.0,-0.05,-0.02,0.0
0.67,-4.69,1.0,-0.05,-0.03,0.01
0.67,-4.65,0.98,-0.04,-0.04,0.01
0.69,-4.67,1.07,-0.04,-0.05,0.02
0.73,-4.67,0.94,-0.03,-0.06,0.02
0.69,-4.73,0.94,-0.03,-0.06,0.02
0.77,-4.73,0.98,-0.03,-0.07,0.01
0.73,-4.77,0.86,-0.03,-0.07,0.01
0.86,-4.79,0.84,-0.03,-0.06,0.01
0.77,-4.73,0.75,-0.03,-0.04,0.01
0.84,-4.79,0.84,-0.02,-0.03,0.02
0.82,-4.77,0.82,-0.02,-0.02,0.02
0.92,-4.71,0.75,-0.02,-0.01,0.02
0.86,-4.69,0.84,-0.02,-0.0,0.02
0.88,-4.62,0.77,-0.03,0.01,0.03
0.94,-4.64,0.82,-0.03,0.01,0.03
0.84,-4.58,0.8,-0.03,0.01,0.03
0.84,-4.58,0.82,-0.04,0.01,0.03
0.77,-4.6,0.84,-0.05,0.01,0.04
0.8,-4.58,0.9,-0.05,0.0,0.04
0.71,-4.62,0.88,-0.05,-0.01,0.05
0.63,-4.6,0.84,-0.05,-0.01,0.05
0.59,-4.6,0.86,-0.05,-0.02,0.05
0.56,-4.62,0.79,-0.05,-0.02,0.05
0.42,-4.81,0.9,-0.05,-0.03,0.05
0.5,-4.65,0.82,-0.06,-0.03,0.04
0.54,-4.69,0.82,-0.06,-0.03,0.04
0.42,-4.81,0.69,-0.06,-0.03,0.04
0.46,-4.77,0.69,-0.07,-0.02,0.04
0.48,-4.71,0.71,-0.07,-0.02,0.03
0.48,-4.77,0.73,-0.07,-0.01,0.03
0.48,-4.85,0.71,-0.06,-0.01,0.03
0.54,-4.87,0.65,-0.06,-0.0,0.03
0.5,-4.85,0.67,-0.06,-0.0,0.03
0.44,-4.83,0.65,-0.06,-0.0,0.03
0.54,-4.83,0.61,-0.06,-0.0,0.03
0.5,-4.87,0.59,-0.06,-0.01,0.04
0.48,-4.83,0.57,-0.06,-0.01,0.03
0.46,-4.88,0.61,-0.06,-0.01,0.04
0.46,-4.87,0.63,-0.06,-0.01,0.03
0.42,-4.85,0.61,-0.06,-0.01,0.04
0.42,-4.83,0.61,-0.06,-0.01,0.03
0.44,-4.83,0.63,-0.05,-0.02,0.03
0.36,-4.81,0.57,-0.05,-0.02,0.03
0.42,-4.85,0.57,-0.05,-0.02,0.03
0.33,-4.83,0.63,-0.05,-0.02,0.02
0.38,-4.83,0.63,-0.05,-0.01,0.02
0.31,-4.81,0.57,-0.05,-0.01,0.02
0.38,-4.81,0.61,-0.05,-0.01,0.02
0.34,-4.87,0.56,-0.05,-0.01,0.02
0.33,-4.88,0.56,-0.05,-0.01,0.02
0.36,-4.81,0.59,-0.04,-0.01,0.02
0.31,-4.81,0.52,-0.04,-0.01,0.02
0.34,-4.85,0.5,-0.04,-0.01,0.02
0.36,-4.85,0.56,-0.04,-0.01,0.02
0.38,-4.83,0.54,-0.04,-0.01,0.02
0.38,-4.9,0.52,-0.04,-0.0,0.02
0.38,-4.9,0.52,-0.04,-0.0,0.02
0.31,-4.9,0.59,-0.04,-0.0,0.02
0.36,-4.88,0.52,-0.03,0.0,0.01
0.36,-4.88,0.52,-0.03,0.01,0.01
0.29,-4.92,0.59,-0.03,0.01,0.01
0.31,-4.96,0.56,-0.02,0.01,0.01
0.25,-4.9,0.59,-0.02,0.01,0.01
0.25,-4.9,0.54,-0.01,0.01,0.01
0.25,-4.87,0.57,-0.01,0.01,0.01
0.23,-4.88,0.46,-0.01,0.02,0.01
0.19,-4.87,0.52,-0.01,0.02,0.01
0.15,-4.85,0.54,-0.01,0.03,0.01
0.15,-4.85,0.63,-0.0,0.03,0.01
0.15,-4.85,0.65,0.0,0.03,0.01
0.17,-4.83,0.67,0.01,0.03,0.01
0.15,-4.83,0.69,0.01,0.03,0.01
0.15,-4.79,0.67,0.01,0.03,0.02
0.19,-4.77,0.61,0.01,0.03,0.02
0.17,-4.77,0.71,0.01,0.03,0.02
0.23,-4.73,0.59,0.01,0.03,0.02
0.19,-4.87,0.57,0.01,0.03,0.01
0.21,-4.79,0.69,0.01,0.03,0.01
0.23,-4.85,0.73,0.0,0.03,0.01
0.25,-4.87,0.75,0.0,0.03,0.01
0.27,-4.81,0.59,0.0,0.03,0.01
0.19,-4.85,0.65,0.01,0.04,0.01
0.23,-4.85,0.73,0.01,0.04,0.0
0.29,-4.87,0.71,0.01,0.04,0.0
0.29,-4.81,0.77,0.01,0.04,0.0
0.31,-4.81,0.67,0.01,0.04,0.0
0.34,-4.75,0.69,0.01,0.04,0.0
0.34,-4.79,0.73,0.01,0.04,0.0
0.42,-4.73,0.69,0.0,0.04,0.0
0.4,-4.77,0.65,0.0,0.04,0.01
0.46,-4.77,0.69,0.0,0.04,0.0
0.44,-4.75,0.73,-0.0,0.04,0.01
0.42,-4.77,0.61,-0.0,0.04,0.0
0.44,-4.73,0.63,-0.0,0.04,0.01
0.46,-4.77,0.71,-0.0,0.04,0.0
0.46,-4.73,0.69,-0.0,0.04,0.01
0.46,-4.75,0.65,-0.01,0.04,0.0
0.4,-4.79,0.63,-0.01,0.04,0.0
0.42,-4.75,0.69,-0.01,0.04,0.0
0.46,-4.77,0.69,-0.01,0.04,0.0
0.42,-4.73,0.71,-0.01,0.04,0.0
0.4,-4.73,0.73,-0.01,0.04,0.0
0.48,-4.77,0.69,-0.01,0.04,-0.0
0.42,-4.77,0.71,-0.01,0.04,-0.0
0.42,-4.79,0.69,-0.01,0.03,-0.0
0.42,-4.77,0.57,-0.01,0.03,0.0
0.42,-4.85,0.63,-0.01,0.03,-0.0
0.42,-4.79,0.61,-0.01,0.03,0.0
0.42,-4.79,0.61,-0.01,0.03,0.0
0.42,-4.81,0.75,-0.01,0.03,0.0
0.44,-4.81,0.67,-0.01,0.03,0.0
0.38,-4.75,0.79,-0.0,0.03,0.0
0.4,-4.77,0.69,-0.0,0.03,-0.0
0.48,-4.79,0.65,-0.0,0.03,-0.0
0.46,-4.85,0.73,-0.0,0.03,-0.0
0.36,-4.79,0.57,-0.01,0.03,-0.0
0.38,-4.71,0.59,-0.01,0.03,-0.0
0.4,-4.81,0.52,-0.01,0.03,0.0
0.42,-4.79,0.48,-0.02,0.04,0.0
0.4,-4.77,0.61,-0.02,0.04,0.0
0.38,-4.81,0.61,-0.02,0.04,-0.0
0.36,-4.87,0.71,-0.02,0.04,0.0
0.4,-4.87,0.65,-0.02,0.04,0.0
0.4,-4.85,0.61,-0.01,0.04,0.0
0.36,-4.81,0.67,-0.01,0.04,-0.0
0.4,-4.85,0.61,-0.0,0.04,0.0
0.38,-4.81,0.59,-0.0,0.04,-0.0
0.42,-4.85,0.67,-0.0,0.04,0.0
0.36,-4.81,0.69,0.0,0.04,-0.0
0.38,-4.83,0.69,0.0,0.04,0.0
0.36,-4.73,0.71,0.01,0.04,0.0
0.4,-4.79,0.67,0.0,0.03,0.0
0.38,-4.79,0.65,0.0,0.03,0.0
0.38,-4.75,0.67,0.0,0.03,0.0
0.36,-4.79,0.67,-0.0,0.03,0.0
0.42,-4.77,0.65,-0.0,0.03,0.0
0.34,-4.75,0.57,-0.0,0.03,0.0
0.42,-4.81,0.63,-0.01,0.04,0.0
0.46,-4.81,0.71,-0.01,0.04,-0.0
0.4,-4.85,0.67,-0.01,0.04,-0.0
0.36,-4.77,0.67,-0.01,0.04,-0.0
0.36,-4.83,0.56,-0.0,0.04,-0.0
0.4,-4.81,0.69,-0.0,0.04,-0.0
0.4,-4.81,0.65,-0.0,0.04,0.0
0.36,-4.79,0.73,-0.0,0.04,-0.0
0.36,-4.75,0.65,-0.0,0.04,0.0
0.36,-4.79,0.67,-0.01,0.04,-0.0
0.4,-4.79,0.57,-0.01,0.04,0.0
0.36,-4.79,0.67,-0.01,0.04,0.0
0.46,-4.79,0.67,-0.01,0.04,0.0
0.38,-4.73,0.63,-0.01,0.04,0.0
0.38,-4.83,0.61,-0.01,0.04,0.0
0.44,-4.79,0.65,-0.01,0.04,0.0
0.36,-4.79,0.65,-0.01,0.04,0.0
0.36,-4.75,0.63,-0.01,0.04,0.0
0.4,-4.81,0.61,-0.01,0.04,0.0
0.42,-4.83,0.69,-0.01,0.04,-0.0
0.34,-4.83,0.56,-0.01,0.04,-0.0
0.36,-4.87,0.54,-0.01,0.05,-0.0
0.33,-4.88,0.56,-0.01,0.05,-0.0
0.33,-4.85,0.56,-0.0,0.05,-0.0
0.31,-4.88,0.54,0.0,0.06,0.0
0.36,-4.9,0.65,0.01,0.06,0.0
0.33,-4.81,0.69,0.01,0.06,0.01
0.33,-4.81,0.67,0.01,0.06,0.01
0.42,-4.75,0.73,0.01,0.06,0.01
0.4,-4.75,0.65,0.01,0.05,0.01
0.46,-4.73,0.71,0.0,0.05,0.01
0.44,-4.73,0.73,0.0,0.04,0.01
0.44,-4.73,0.75,-0.0,0.04,0.0
0.42,-4.71,0.65,-0.01,0.04,0.0
0.42,-4.77,0.73,-0.01,0.04,0.0
0.34,-4.73,0.67,-0.01,0.03,0.0
0.36,-4.75,0.69,-0.01,0.03,0.0
0.42,-4.81,0.75,-0.01,0.04,0.0
0.36,-4.73,0.63,-0.01,0.03,0.0
0.4,-4.75,0.61,-0.01,0.04,0.0
0.34,-4.69,0.69,-0.01,0.04,0.0
0.36,-4.73,0.57,-0.01,0.04,-0.0
0.4,-4.75,0.61,-0.01,0.04,-0.0
0.38,-4.75,0.71,-0.01,0.03,-0.0
0.34,-4.75,0.67,-0.0,0.03,-0.0
0.44,-4.81,0.69,-0.0,0.03,-0.0
0.34,-4.73,0.71,-0.0,0.03,-0.0
0.4,-4.81,0.73,-0.0,0.04,-0.0
0.34,-4.77,0.61,-0.0,0.04,-0.0
0.34,-4.75,0.61,-0.0,0.04,-0.0
0.34,-4.73,0.69,-0.01,0.04,0.0
0.36,-4.83,0.65,-0.01,0.04,0.0
0.33,-4.77,0.67,-0.01,0.04,0.0
0.29,-4.75,0.75,-0.01,0.04,0.0
0.33,-4.79,0.73,-0.01,0.04,0.0
0.33,-4.81,0.67,-0.01,0.04,0.0
0.25,-4.79,0.67,-0.01,0.04,0.0
0.31,-4.79,0.71,-0.01,0.03,0.0
0.29,-4.71,0.67,-0.01,0.03,0.0
0.31,-4.75,0.63,-0.01,0.03,0.0
0.33,-4.71,0.75,-0.01,0.03,0.0
0.27,-4.67,0.71,-0.01,0.03,0.0
0.33,-4.75,0.69,-0.01,0.03,0.0
0.4,-4.79,0.63,-0.01,0.03,-0.0
0.38,-4.77,0.69,-0.01,0.03,-0.0
0.4,-4.83,0.69,-0.01,0.03,-0.0
0.36,-4.85,0.65,-0.01,0.03,-0.0
0.4,-4.83,0.63,-0.01,0.04,-0.0
0.42,-4.88,0.57,-0.0,0.04,-0.0
0.4,-4.83,0.67,-0.0,0.04,-0.0
0.38,-4.81,0.71,-0.0,0.04,-0.0
0.38,-4.85,0.71,0.0,0.04,-0.0
0.4,-4.79,0.65,0.0,0.04,-0.0
0.4,-4.79,0.67,0.0,0.04,-0.0
0.4,-4.75,0.67,0.0,0.04,-0.0
0.36,-4.79,0.63,0.0,0.04,-0.0
0.34,-4.77,0.63,0.0,0.04,-0.0
0.34,-4.79,0.67,-0.0,0.04,-0.0
0.33,-4.75,0.59,0.0,0.04,-0.0
0.36,-4.75,0.71,0.0,0.04,-0.0
0.38,-4.79,0.71,0.0,0.04,-0.0
0.38,-4.75,0.65,0.0,0.04,-0.0
0.4,-4.77,0.67,0.0,0.04,-0.0
0.33,-4.77,0.69,-0.0,0.04,-0.0
0.4,-4.75,0.67,-0.0,0.04,-0.0
0.44,-4.79,0.61,-0.01,0.04,-0.0
0.44,-4.81,0.63,-0.01,0.04,-0.0
0.36,-4.75,0.67,-0.01,0.04,-0.0
0.4,-4.81,0.71,-0.01,0.04,-0.0
0.34,-4.79,0.67,-0.0,0.04,-0.0
0.38,-4.77,0.73,-0.0,0.04,-0.0
0.4,-4.85,0.65,-0.0,0.04,-0.0
0.4,-4.79,0.71,-0.0,0.04,-0.0
0.36,-4.85,0.63,-0.01,0.03,-0.0
0.34,-4.81,0.63,-0.01,0.04,-0.0
0.31,-4.77,0.69,-0.01,0.04,-0.0
0.33,-4.83,0.69,-0.01,0.04,-0.0
0.33,-4.79,0.65,-0.01,0.04,-0.0
0.36,-4.81,0.61,-0.01,0.04,-0.0
0.34,-4.79,0.67,-0.0,0.04,-0.0
0.34,-4.81,0.59,-0.0,0.04,-0.0
0.31,-4.77,0.65,0.0,0.04,-0.0
0.38,-4.77,0.69,0.0,0.03,0.0
0.33,-4.69,0.61,0.0,0.03,0.0
0.34,-4.71,0.57,0.0,0.03,0.0
0.4,-4.77,0.65,-0.0,0.03,0.0
0.36,-4.73,0.67,-0.0,0.03,0.0
0.36,-4.77,0.69,-0.0,0.03,0.0
0.38,-4.81,0.59,-0.0,0.04,0.0
0.36,-4.81,0.65,-0.0,0.04,0.0
0.4,-4.79,0.71,-0.0,0.04,0.0
0.4,-4.79,0.69,0.0,0.04,-0.0
0.36,-4.81,0.77,0.0,0.04,-0.0
0.4,-4.79,0.69,0.0,0.04,-0.0
0.42,-4.79,0.71,0.0,0.04,-0.0
0.4,-4.83,0.71,0.0,0.04,-0.0
0.36,-4.75,0.71,0.0,0.04,-0.0
0.31,-4.77,0.73,0.0,0.03,-0.0
0.38,-4.85,0.65,-0.0,0.04,0.0
0.34,-4.81,0.71,-0.0,0.04,-0.0
0.36,-4.79,0.65,-0.0,0.04,-0.0
0.38,-4.83,0.67,-0.0,0.03,0.0
0.33,-4.79,0.63,-0.0,0.03,-0.0
0.38,-4.79,0.65,0.0,0.03,-0.0
0.42,-4.75,0.67,0.0,0.04,-0.0
0.42,-4.73,0.57,0.01,0.04,-0.0
0.36,-4.75,0.65,0.01,0.04,-0.0
0.36,-4.73,0.69,0.0,0.04,-0.0
0.33,-4.71,0.56,0.0,0.04,-0.0
0.4,-4.81,0.75,-0.0,0.04,-0.0
0.33,-4.77,0.67,-0.0,0.04,-0.0
0.33,-4.81,0.75,0.0,0.04,-0.0
0.33,-4.83,0.75,0.0,0.04,-0.0
0.38,-4.79,0.71,0.01,0.04,-0.0
0.4,-4.77,0.77,0.01,0.04,-0.0
0.34,-4.75,0.71,0.01,0.04,-0.0
0.4,-4.79,0.75,0.01,0.04,-0.0
0.42,-4.69,0.67,0.01,0.04,-0.0
0.38,-4.75,0.75,0.01,0.04,-0.0
0.38,-4.79,0.59,0.01,0.04,-0.0
0.31,-4.73,0.77,0.01,0.04,-0.0
0.33,-4.75,0.65,0.01,0.04,-0.0
0.33,-4.73,0.65,0.0,0.04,-0.0
0.34,-4.73,0.75,0.0,0.04,-0.0
0.36,-4.79,0.67,0.0,0.04,-0.0
0.34,-4.73,0.65,0.0,0.04,0.0
0.36,-4.77,0.61,0.0,0.04,0.0
0.33,-4.79,0.69,0.0,0.04,0.0
0.31,-4.77,0.63,0.0,0.04,0.0
0.29,-4.77,0.71,0.0,0.04,0.0
0.33,-4.75,0.67,0.0,0.04,0.0
0.31,-4.79,0.69,0.0,0.04,0.0
0.38,-4.79,0.69,0.0,0.04,0.0
0.34,-4.81,0.65,0.0,0.04,0.0
0.34,-4.81,0.61,0.0,0.03,-0.0
0.36,-4.81,0.61,0.0,0.03,0.0
0.34,-4.81,0.71,-0.0,0.03,-0.0
0.36,-4.81,0.75,-0.0,0.03,-0.0
0.33,-4.79,0.73,0.0,0.03,-0.0
0.34,-4.77,0.69,0.0,0.03,-0.0
0.34,-4.85,0.69,0.0,0.03,-0.0
0.4,-4.79,0.65,0.0,0.04,0.0
0.4,-4.79,0.69,0.0,0.04,0.0
0.36,-4.77,0.63,0.0,0.04,0.0
0.36,-4.81,0.69,0.0,0.04,0.0
0.36,-4.81,0.75,0.0,0.04,0.0
0.31,-4.79,0.73,0.0,0.04,-0.0
0.4,-4.85,0.69,0.0,0.04,-0.0
0.34,-4.77,0.67,0.0,0.04,-0.0
0.33,-4.77,0.73,0.0,0.04,-0.0
0.29,-4.75,0.71,0.0,0.04,-0.0
0.34,-4.79,0.71,0.0,0.04,-0.0
0.34,-4.81,0.69,0.0,0.04,-0.0
0.33,-4.83,0.67,0.0,0.03,-0.0
0.33,-4.73,0.77,0.0,0.03,-0.0
0.38,-4.77,0.63,0.0,0.04,-0.0
0.34,-4.79,0.71,0.0,0.03,-0.0
0.34,-4.79,0.69,0.0,0.03,0.0
0.42,-4.75,0.73,0.0,0.03,0.0
0.36,-4.75,0.71,0.0,0.03,0.0
0.38,-4.77,0.75,0.0,0.03,0.0
0.34,-4.73,0.69,0.0,0.03,0.0
0.38,-4.77,0.71,0.0,0.03,-0.0
0.34,-4.75,0.69,0.0,0.03,0.0
0.36,-4.81,0.73,0.0,0.03,-0.0
0.38,-4.79,0.77,0.0,0.03,0.0
0.33,-4.83,0.75,0.0,0.03,-0.0
0.33,-4.79,0.75,0.0,0.03,0.0
0.4,-4.85,0.77,0.0,0.03,0.0
0.38,-4.79,0.75,0.0,0.04,0.0
0.34,-4.73,0.73,0.01,0.04,0.0
0.33,-4.77,0.71,0.01,0.04,0.0
0.36,-4.77,0.77,0.01,0.04,0.0
0.38,-4.73,0.75,0.01,0.04,0.0
0.34,-4.77,0.71,0.0,0.03,0.0
0.36,-4.75,0.69,0.0,0.03,0.0
0.38,-4.79,0.77,-0.0,0.03,-0.0
0.38,-4.81,0.67,-0.0,0.03,0.0
0.34,-4.77,0.67,-0.0,0.03,-0.0
0.33,-4.73,0.77,-0.0,0.03,0.0
0.36,-4.79,0.77,0.0,0.03,-0.0
0.36,-4.75,0.75,0.0,0.03,0.0
0.34,-4.77,0.79,0.0,0.03,0.0
0.31,-4.75,0.73,0.0,0.03,0.0
0.34,-4.73,0.77,0.0,0.03,0.0
0.36,-4.79,0.71,0.0,0.03,0.0
0.36,-4.75,0.8,0.0,0.03,0.0
0.36,-4.77,0.75,0.0,0.03,0.0
0.38,-4.77,0.75,0.0,0.03,0.0
0.4,-4.77,0.77,0.0,0.03,0.0
0.38,-4.75,0.71,0.0,0.03,0.0
0.38,-4.73,0.69,0.0,0.03,0.0
0.36,-4.77,0.71,0.0,0.03,-0.0
0.33,-4.73,0.71,0.0,0.03,-0.0
0.33,-4.77,0.73,-0.0,0.03,-0.0
0.36,-4.81,0.73,-0.0,0.03,-0.0
0.33,-4.81,0.79,-0.0,0.03,-0.0
0.34,-4.83,0.71,-0.0,0.03,-0.0
0.36,-4.77,0.73,-0.0,0.03,-0.0
0.36,-4.81,0.77,0.0,0.03,-0.0
0.38,-4.77,0.71,0.0,0.04,-0.0
0.29,-4.73,0.67,0.0,0.04,0.0
0.31,-4.73,0.73,0.0,0.04,-0.0
0.31,-4.75,0.75,0.0,0.03,0.0
0.38,-4.77,0.71,0.0,0.03,-0.0
0.33,-4.75,0.82,0.0,0.04,0.0
0.34,-4.77,0.79,0.0,0.03,0.0
0.34,-4.75,0.67,0.01,0.03,0.0
0.34,-4.79,0.69,0.01,0.03,0.0
0.38,-4.83,0.73,0.01,0.03,0.0
0.36,-4.75,0.71,0.0,0.03,0.0
0.36,-4.77,0.75,0.0,0.03,0.0
0.33,-4.75,0.71,0.0,0.03,0.0
0.4,-4.77,0.77,-0.0,0.03,0.0
0.34,-4.77,0.75,-0.0,0.03,0.0
0.33,-4.81,0.79,0.0,0.03,0.0
0.36,-4.79,0.75,0.0,0.03,0.0
0.34,-4.75,0.73,0.0,0.03,0.0
0.44,-4.73,0.84,0.0,0.03,0.0
0.42,-4.77,0.75,0.0,0.03,0.0
0.36,-4.75,0.69,0.0,0.03,0.0
0.34,-4.77,0.77,0.0,0.03,0.0
0.36,-4.81,0.71,0.0,0.03,-0.0
0.36,-4.77,0.77,0.0,0.03,-0.0
0.31,-4.77,0.79,0.0,0.03,-0.0
0.56,-4.98,0.84,0.0,0.03,0.0
0.33,-4.77,0.71,0.0,0.03,-0.0
0.34,-4.73,0.8,0.0,0.03,0.0
0.33,-4.75,0.71,0.0,0.03,0.0
0.34,-4.73,0.73,0.0,0.03,0.0
0.33,-4.77,0.67,0.0,0.03,0.0
0.34,-4.77,0.65,0.01,0.03,0.0
0.33,-4.79,0.73,0.0,0.03,0.0
0.38,-4.77,0.75,0.0,0.03,0.0
0.36,-4.73,0.73,0.0,0.03,0.0
0.38,-4.81,0.77,0.01,0.03,0.0
0.34,-4.79,0.71,0.01,0.03,0.0
0.33,-4.75,0.75,0.01,0.03,0.0
0.36,-4.77,0.79,0.01,0.03,0.0
0.34,-4.75,0.75,0.01,0.03,0.0
0.36,-4.71,0.77,0.01,0.03,-0.0
0.4,-4.71,0.69,0.01,0.03,0.0
0.38,-4.75,0.8,0.01,0.03,-0.0
0.34,-4.73,0.75,0.01,0.03,0.0
0.36,-4.81,0.75,0.0,0.03,-0.0
0.34,-4.77,0.82,0.0,0.03,0.0
0.36,-4.69,0.79,-0.0,0.03,-0.0
0.36,-4.77,0.79,-0.0,0.03,0.0
0.34,-4.75,0.84,-0.0,0.03,-0.0
0.36,-4.73,0.79,0.0,0.03,0.0
0.31,-4.77,0.73,0.0,0.03,0.0
0.33,-4.75,0.73,0.0,0.03,0.0
0.36,-4.77,0.67,0.0,0.03,0.0
0.29,-4.75,0.67,0.0,0.03,0.0
0.29,-4.75,0.71,0.0,0.03,0.0
0.29,-4.75,0.75,0.0,0.03,0.0
0.36,-4.83,0.79,-0.0,0.03,0.0
0.38,-4.77,0.79,0.0,0.03,0.01
0.38,-4.83,0.77,0.0,0.04,0.0
0.29,-4.77,0.84,0.01,0.04,0.0
0.33,-4.81,0.77,0.01,0.04,0.0
0.36,-4.87,0.82,0.01,0.04,0.0
0.31,-4.85,0.79,0.01,0.04,0.0
0.33,-4.83,0.82,0.01,0.04,0.0
0.34,-4.71,0.79,0.01,0.04,-0.0
0.33,-4.71,0.77,0.01,0.03,-0.0
0.34,-4.69,0.8,0.01,0.03,-0.0
0.34,-4.73,0.79,0.01,0.03,-0.0
0.31,-4.69,0.75,0.01,0.03,-0.0
0.33,-4.75,0.77,0.0,0.03,-0.0
0.34,-4.73,0.79,0.0,0.03,-0.0
0.38,-4.73,0.67,-0.0,0.03,0.0
0.34,-4.77,0.67,-0.0,0.03,-0.0
0.33,-4.79,0.71,0.0,0.03,0.0
0.38,-4.73,0.75,0.0,0.03,-0.0
0.29,-4.83,0.75,0.0,0.03,0.0
0.33,-4.77,0.77,0.0,0.03,-0.0
0.38,-4.81,0.77,0.0,0.03,0.0
0.36,-4.75,0.82,0.0,0.03,0.0
0.31,-4.77,0.82,0.0,0.03,0.0
0.36,-4.75,0.75,0.01,0.03,0.0
0.33,-4.77,0.79,0.01,0.03,0.0
0.36,-4.73,0.79,0.01,0.03,0.0
0.36,-4.77,0.73,0.0,0.03,0.0
0.38,-4.77,0.71,0.0,0.03,0.0
0.33,-4.69,0.77,0.0,0.03,0.0
0.36,-4.73,0.77,0.0,0.03,0.0
0.33,-4.69,0.75,0.0,0.03,0.0
0.36,-4.69,0.71,0.0,0.04,0.0
0.34,-4.75,0.73,0.0,0.04,0.0
0.36,-4.75,0.8,0.0,0.04,0.0
0.33,-4.81,0.75,-0.0,0.04,0.0
0.36,-4.83,0.84,0.0,0.04,-0.0
0.38,-4.71,0.79,0.0,0.04,0.0
0.34,-4.77,0.73,0.0,0.04,-0.0
0.34,-4.73,0.86,0.0,0.03,-0.0
0.36,-4.77,0.84,0.0,0.03,-0.0
0.38,-4.83,0.75,0.0,0.03,0.0
0.36,-4.73,0.82,0.0,0.03,-0.0
0.34,-4.77,0.82,0.0,0.03,0.0
0.36,-4.75,0.79,0.0,0.03,0.0
0.33,-4.77,0.82,0.0,0.03,0.0
0.33,-4.69,0.82,0.0,0.03,0.0
0.36,-4.73,0.82,0.0,0.03,0.0
0.36,-4.75,0.77,0.0,0.03,-0.0
0.34,-4.71,0.88,0.0,0.03,-0.0
0.34,-4.71,0.82,0.0,0.03,-0.0
0.34,-4.75,0.82,0.0,0.03,-0.0
0.33,-4.73,0.8,0.0,0.03,-0.0
0.29,-4.75,0.84,0.0,0.03,-0.0
0.31,-4.75,0.79,0.0,0.04,-0.0
0.31,-4.75,0.8,0.0,0.03,-0.0
0.27,-4.73,0.77,0.01,0.03,-0.0
0.31,-4.75,0.82,0.01,0.03,0.0
0.34,-4.67,0.79,0.01,0.03,0.0
0.34,-4.75,0.82,0.01,0.03,0.0
0.31,-4.71,0.82,0.01,0.03,0.0
0.36,-4.73,0.8,0.0,0.03,0.0
0.38,-4.77,0.86,0.0,0.03,0.0
0.29,-4.71,0.79,0.0,0.03,0.0
0.33,-4.69,0.82,0.0,0.03,0.0
0.33,-4.71,0.8,0.0,0.03,0.0
0.38,-4.77,0.84,0.0,0.03,0.0
0.38,-4.77,0.77,0.0,0.03,0.0
0.33,-4.71,0.84,0.0,0.03,-0.0
0.33,-4.69,0.84,-0.0,0.03,-0.0
0.36,-4.77,0.8,-0.0,0.04,-0.0
0.34,-4.81,0.84,-0.0,0.04,-0.0
0.34,-4.75,0.79,-0.0,0.03,-0.0
0.34,-4.83,0.84,-0.0,0.03,-0.0
0.36,-4.77,0.9,0.0,0.03,-0.0
0.34,-4.79,0.77,0.0,0.03,-0.0
0.33,-4.73,0.82,0.0,0.03,-0.0
0.27,-4.73,0.79,0.0,0.03,-0.0
0.38,-4.71,0.82,0.0,0.03,-0.0
0.34,-4.75,0.8,0.0,0.03,-0.0
0.31,-4.71,0.79,0.0,0.03,-0.0
0.27,-4.69,0.71,0.0,0.03,-0.0
0.34,-4.71,0.8,0.0,0.03,-0.0
0.33,-4.71,0.77,0.0,0.03,-0.0
0.27,-4.75,0.79,-0.0,0.03,-0.0
0.36,-4.77,0.84,-0.0,0.03,0.0
0.34,-4.79,0.82,-0.0,0.03,0.0
0.29,-4.71,0.79,-0.0,0.03,0.0
0.36,-4.77,0.77,-0.0,0.03,0.0
0.34,-4.83,0.84,-0.0,0.03,0.0
0.34,-4.73,0.88,0.0,0.03,0.0
0.33,-4.75,0.8,0.0,0.03,0.0
0.34,-4.75,0.8,0.0,0.03,0.0
0.38,-4.79,0.8,0.0,0.03,0.0
0.36,-4.77,0.79,0.0,0.03,-0.0
0.33,-4.69,0.8,0.0,0.03,-0.0
0.36,-4.79,0.84,0.0,0.03,-0.0
0.36,-4.81,0.84,0.0,0.03,-0.0
0.31,-4.71,0.84,-0.0,0.03,-0.0
0.33,-4.65,0.79,-0.0,0.03,-0.0
0.29,-4.69,0.8,-0.0,0.03,-0.0
0.27,-4.71,0.88,-0.0,0.03,-0.0
0.36,-4.73,0.77,-0.0,0.03,-0.0
0.34,-4.77,0.8,-0.0,0.03,-0.0
0.4,-4.71,0.79,-0.0,0.03,-0.0
0.33,-4.75,0.86,-0.0,0.03,-0.0
0.38,-4.77,0.8,-0.0,0.03,-0.0
0.38,-4.71,0.8,-0.0,0.03,-0.0
0.36,-4.73,0.82,-0.0,0.03,0.0
0.34,-4.75,0.88,-0.0,0.03,-0.0
0.36,-4.77,0.86,-0.0,0.03,-0.0
0.38,-4.77,0.9,-0.01,0.03,-0.0
0.34,-4.79,0.79,-0.01,0.03,-0.0
0.31,-4.75,0.8,-0.01,0.03,-0.0
0.31,-4.79,0.8,-0.01,0.03,-0.0
0.33,-4.77,0.82,-0.01,0.03,-0.0
0.33,-4.75,0.82,-0.0,0.03,0.0
0.31,-4.73,0.8,-0.0,0.03,0.0
0.34,-4.75,0.84,-0.0,0.03,-0.0
0.34,-4.73,0.79,-0.0,0.03,-0.0
0.33,-4.77,0.8,-0.0,0.03,-0.0
0.34,-4.75,0.79,-0.0,0.03,-0.0
0.33,-4.75,0.69,-0.0,0.03,-0.0
0.34,-4.73,0.88,-0.0,0.03,-0.0
0.33,-4.77,0.88,-0.0,0.03,-0.0
0.31,-4.77,0.84,0.0,0.03,-0.0
0.33,-4.77,0.88,0.0,0.03,-0.0
0.36,-4.73,0.88,0.0,0.03,-0.0
0.33,-4.75,0.88,0.0,0.03,-0.0
0.38,-4.77,0.8,0.0,0.03,-0.0
0.36,-4.75,0.86,0.01,0.03,-0.0
0.31,-4.69,0.82,0.01,0.03,-0.0
0.36,-4.73,0.88,0.01,0.03,-0.0
0.33,-4.71,0.73,0.0,0.03,-0.0
0.31,-4.71,0.82,0.0,0.03,-0.0
0.33,-4.73,0.82,0.0,0.03,-0.0
0.31,-4.69,0.88,-0.0,0.03,0.0
0.33,-4.75,0.84,-0.0,0.03,0.0
0.4,-4.75,0.84,-0.0,0.03,0.0
0.33,-4.73,0.77,-0.0,0.03,0.0
0.36,-4.73,0.8,-0.0,0.03,0.0
0.38,-4.69,0.82,-0.0,0.03,0.0
0.34,-4.77,0.77,-0.01,0.03,0.0
0.36,-4.73,0.8,-0.01,0.03,0.0
0.33,-4.79,0.84,-0.01,0.03,0.0
0.34,-4.85,0.9,-0.01,0.03,-0.0
0.31,-4.77,0.88,-0.01,0.03,-0.0
0.34,-4.79,0.9,-0.01,0.03,-0.0
0.4,-4.83,0.9,-0.0,0.03,-0.0
0.33,-4.83,0.94,0.0,0.04,-0.0
0.38,-4.79,0.92,0.0,0.04,-0.0
0.34,-4.75,0.8,0.0,0.04,-0.0
0.31,-4.69,0.92,0.0,0.04,-0.0
0.33,-4.69,0.84,0.0,0.04,-0.0
0.33,-4.64,0.82,-0.0,0.04,-0.0
0.27,-4.71,0.94,-0.0,0.04,-0.0
0.34,-4.71,0.77,-0.0,0.03,-0.0
0.34,-4.71,0.8,-0.01,0.03,-0.0
0.36,-4.69,0.84,-0.01,0.03,-0.0
0.33,-4.75,0.84,-0.01,0.03,-0.0
0.31,-4.75,0.86,-0.01,0.03,-0.0
0.31,-4.73,0.73,-0.01,0.03,-0.0
0.33,-4.73,0.9,-0.01,0.03,0.0
0.33,-4.77,0.82,-0.01,0.03,-0.0
0.34,-4.77,0.8,-0.01,0.03,-0.0
0.36,-4.81,0.8,-0.01,0.03,-0.0
0.33,-4.81,0.79,-0.01,0.03,0.0
0.36,-4.77,0.88,-0.01,0.03,0.0
0.33,-4.79,0.84,-0.0,0.03,0.0
0.33,-4.71,0.82,-0.0,0.04,-0.0
0.33,-4.69,0.73,-0.0,0.04,0.0
0.34,-4.73,0.84,-0.0,0.04,-0.0
0.36,-4.77,0.8,-0.01,0.04,-0.0
0.33,-4.69,0.75,-0.01,0.03,-0.0
0.27,-4.75,0.77,-0.01,0.04,-0.0
0.29,-4.77,0.86,-0.01,0.04,-0.0
0.31,-4.77,0.86,-0.01,0.04,-0.0
0.33,-4.77,0.79,-0.01,0.03,-0.0
0.33,-4.75,0.79,-0.01,0.03,-0.0
0.31,-4.75,0.84,-0.01,0.04,-0.0
0.34,-4.77,0.84,-0.01,0.04,0.0
0.34,-4.79,0.8,-0.0,0.04,-0.0
0.4,-4.75,0.84,-0.0,0.04,0.0
0.38,-4.81,0.8,-0.0,0.04,-0.0
0.36,-4.73,0.82,-0.0,0.04,-0.0
0.38,-4.79,0.88,-0.0,0.04,-0.0
0.38,-4.81,0.73,-0.01,0.04,-0.0
0.34,-4.75,0.84,-0.01,0.04,-0.0
0.36,-4.77,0.82,-0.01,0.03,-0.0
0.34,-4.73,0.82,-0.01,0.03,-0.0
0.33,-4.77,0.8,-0.01,0.03,-0.0
0.34,-4.73,0.84,-0.01,0.03,-0.0
0.36,-4.75,0.84,-0.01,0.03,-0.0
0.34,-4.73,0.8,-0.0,0.03,-0.0
0.33,-4.73,0.84,-0.0,0.04,0.0
0.33,-4.73,0.84,-0.0,0.04,0.0
0.34,-4.71,0.86,-0.0,0.04,0.0
0.36,-4.75,0.79,-0.0,0.04,0.0
0.34,-4.79,0.88,-0.0,0.04,0.0
0.36,-4.73,0.84,-0.0,0.04,-0.0
0.31,-4.69,0.84,-0.0,0.04,0.0
0.38,-4.73,0.82,-0.0,0.04,0.0
0.33,-4.77,0.86,-0.0,0.04,0.0
0.36,-4.81,0.84,-0.0,0.04,0.0
0.33,-4.79,0.88,-0.0,0.04,0.0
0.31,-4.77,0.77,-0.0,0.04,0.0
0.34,-4.75,0.84,-0.0,0.04,0.0
0.36,-4.77,0.9,-0.0,0.04,0.0
0.44,-4.75,0.88,-0.0,0.04,0.0
