accX,accY,accZ,gyroX,gyroY,gyroZ
0.11,-4.54,1.82,-0.01,0.04,-0.0
0.06,-4.42,1.76,-0.01,0.04,-0.0
0.11,-4.46,1.76,-0.01,0.04,-0.0
0.08,-4.48,1.8,-0.02,0.04,0.0
0.17,-4.48,1.78,-0.02,0.04,-0.0
0.13,-4.5,1.93,-0.02,0.04,-0.0
0.17,-4.48,1.92,-0.02,0.03,-0.0
0.13,-4.52,1.86,-0.02,0.04,-0.0
0.1,-4.56,1.95,-0.02,0.04,-0.0
0.13,-4.48,1.88,-0.02,0.04,-0.0
0.13,-4.48,1.8,-0.02,0.04,-0.0
0.13,-4.48,1.86,-0.02,0.04,-0.0
0.11,-4.46,1.84,-0.02,0.04,-0.0
0.13,-4.42,1.78,-0.02,0.04,-0.0
0.11,-4.41,1.84,-0.02,0.04,-0.01
0.1,-4.44,1.86,-0.03,0.04,-0.01
0.15,-4.42,1.86,-0.03,0.04,-0.01
0.17,-4.42,1.86,-0.03,0.04,-0.01
0.13,-4.44,1.88,-0.04,0.04,-0.01
0.1,-4.44,1.82,-0.04,0.04,-0.01
0.13,-4.44,1.82,-0.04,0.04,-0.01
0.08,-4.41,1.8,-0.05,0.04,-0.01
0.1,-4.39,1.88,-0.05,0.04,-0.01
0.11,-4.41,1.86,-0.06,0.04,-0.01
0.1,-4.41,1.9,-0.07,0.04,-0.01
0.08,-4.39,1.93,-0.07,0.04,-0.01
0.06,-4.37,1.88,-0.08,0.04,-0.01
0.02,-4.39,1.88,-0.09,0.04,-0.01
0.08,-4.39,1.8,-0.09,0.04,-0.01
0.08,-4.35,1.93,-0.1,0.04,-0.01
0.04,-4.37,1.84,-0.11,0.03,-0.01
0.08,-4.37,1.82,-0.12,0.03,-0.01
0.06,-4.35,1.78,-0.13,0.03,-0.01
0.04,-4.37,1.9,-0.14,0.04,-0.01
0.06,-4.37,1.86,-0.15,0.04,-0.01
0.02,-4.37,1.88,-0.16,0.04,-0.01
0.17,-4.31,1.84,-0.16,0.04,-0.01
0.08,-4.35,1.92,-0.17,0.04,-0.01
0.06,-4.39,1.86,-0.18,0.04,-0.01
0.1,-4.42,1.72,-0.19,0.04,-0.01
0.08,-4.37,1.82,-0.19,0.04,-0.01
0.1,-4.37,1.76,-0.2,0.04,-0.01
0.15,-4.46,1.76,-0.21,0.04,-0.01
0.15,-4.44,1.78,-0.22,0.04,-0.01
0.1,-4.39,1.76,-0.23,0.05,-0.02
0.13,-4.46,1.72,-0.23,0.05,-0.02
0.06,-4.41,1.72,-0.24,0.05,-0.02
0.17,-4.46,1.74,-0.25,0.05,-0.02
0.11,-4.44,1.72,-0.26,0.05,-0.02
0.13,-4.5,1.67,-0.27,0.05,-0.02
0.11,-4.48,1.67,-0.27,0.05,-0.02
0.02,-4.42,1.63,-0.27,0.05,-0.02
0.06,-4.5,1.69,-0.28,0.05,-0.02
0.08,-4.6,1.69,-0.28,0.05,-0.02
0.06,-4.58,1.63,-0.28,0.05,-0.02
0.04,-4.58,1.67,-0.28,0.05,-0.02
0.1,-4.64,1.57,-0.28,0.05,-0.02
0.1,-4.65,1.57,-0.27,0.05,-0.02
0.15,-4.71,1.57,-0.27,0.04,-0.02
0.15,-4.69,1.55,-0.27,0.04,-0.02
0.15,-4.62,1.42,-0.27,0.04,-0.02
0.08,-4.71,1.46,-0.26,0.04,-0.01
0.08,-4.73,1.46,-0.26,0.04,-0.01
0.04,-4.62,1.47,-0.26,0.04,-0.01
0.21,-4.71,1.23,-0.26,0.04,-0.01
0.15,-4.73,1.28,-0.26,0.03,-0.01
0.15,-4.73,1.28,-0.26,0.03,-0.01
0.19,-4.65,1.4,-0.26,0.03,-0.0
0.06,-4.85,1.3,-0.26,0.03,-0.0
0.15,-4.69,1.26,-0.26,0.03,-0.0
0.19,-4.73,1.24,-0.26,0.03,-0.0
0.21,-4.71,1.24,-0.26,0.03,-0.01
0.13,-4.71,1.15,-0.26,0.04,-0.01
0.17,-4.9,1.24,-0.26,0.04,-0.01
0.21,-4.77,1.49,-0.25,0.04,-0.01
0.15,-4.71,1.23,-0.25,0.04,-0.01
0.34,-4.81,0.92,-0.24,0.04,-0.01
0.23,-4.73,1.23,-0.23,0.05,-0.01
0.08,-5.04,1.11,-0.22,0.05,-0.01
0.34,-4.58,0.96,-0.22,0.05,-0.01
0.33,-4.77,1.15,-0.21,0.05,-0.01
0.19,-4.83,0.8,-0.21,0.05,-0.01
0.19,-4.92,0.98,-0.2,0.04,-0.01
0.23,-5.11,1.17,-0.2,0.04,-0.01
0.19,-4.83,0.98,-0.2,0.04,-0.01
0.19,-4.85,0.92,-0.19,0.04,-0.01
0.13,-4.81,0.96,-0.19,0.04,-0.01
0.17,-4.85,0.96,-0.19,0.04,-0.01
0.27,-4.67,0.75,-0.18,0.04,-0.01
0.48,-4.77,0.65,-0.18,0.04,-0.01
-0.02,-4.88,1.19,-0.17,0.04,-0.01
0.15,-4.83,0.69,-0.17,0.04,-0.01
0.11,-4.88,0.67,-0.16,0.04,-0.01
0.21,-5.02,0.84,-0.16,0.04,-0.01
0.23,-4.69,0.82,-0.16,0.04,-0.01
0.17,-4.81,0.77,-0.15,0.04,-0.01
0.27,-4.73,0.88,-0.15,0.04,-0.01
0.27,-4.62,0.79,-0.15,0.04,-0.01
0.21,-4.67,1.0,-0.15,0.04,-0.01
0.11,-4.75,0.79,-0.15,0.04,-0.01
0.15,-4.77,0.84,-0.15,0.04,-0.01
0.13,-4.79,0.82,-0.15,0.04,-0.01
0.08,-4.81,0.71,-0.15,0.03,-0.01
0.04,-4.83,0.56,-0.15,0.03,-0.01
0.13,-4.85,0.71,-0.15,0.03,-0.01
0.06,-4.88,0.84,-0.15,0.03,-0.0
0.27,-4.9,0.75,-0.15,0.02,-0.0
0.02,-4.96,0.9,-0.15,0.02,0.0
0.13,-4.92,0.79,-0.15,0.02,0.0
0.1,-4.87,0.86,-0.14,0.02,0.0
0.1,-4.85,0.77,-0.14,0.02,0.0
0.11,-4.96,0.8,-0.13,0.02,0.0
0.06,-4.92,0.84,-0.13,0.01,0.0
0.08,-4.88,0.61,-0.12,0.02,0.0
0.04,-4.85,0.82,-0.12,0.02,0.0
0.1,-4.85,0.86,-0.12,0.02,0.0
0.13,-4.85,0.82,-0.12,0.02,0.0
0.08,-4.83,0.84,-0.12,0.02,0.0
0.08,-4.9,0.84,-0.12,0.02,0.0
0.06,-4.75,0.67,-0.12,0.02,0.0
0.36,-4.75,1.51,-0.12,0.02,0.0
0.15,-5.31,1.17,-0.11,0.03,0.0
0.04,-4.98,1.3,-0.11,0.03,0.01
0.29,-4.96,1.13,-0.1,0.03,0.0
0.08,-4.9,1.02,-0.1,0.03,0.01
0.06,-4.92,1.0,-0.09,0.03,0.0
0.02,-4.88,0.96,-0.09,0.02,0.0
0.15,-4.73,0.61,-0.09,0.02,0.0
0.25,-4.75,1.3,-0.09,0.02,-0.0
0.08,-4.73,0.92,-0.1,0.02,-0.0
0.04,-4.75,0.96,-0.1,0.02,-0.0
0.04,-4.75,0.88,-0.11,0.02,-0.01
0.1,-4.83,0.9,-0.11,0.02,-0.01
0.06,-4.81,0.92,-0.11,0.01,-0.01
0.06,-4.79,0.84,-0.11,0.01,-0.0
0.1,-4.83,1.03,-0.11,0.02,-0.0
0.11,-4.9,0.92,-0.1,0.01,0.0
0.13,-4.9,0.88,-0.09,0.01,0.0
0.08,-4.92,0.94,-0.08,0.01,0.0
0.29,-4.92,0.96,-0.07,0.01,0.01
0.15,-4.83,0.73,-0.06,0.01,0.01
0.15,-4.88,0.65,-0.06,0.01,0.01
0.19,-4.79,0.65,-0.05,0.01,0.01
0.19,-4.98,0.61,-0.05,0.01,0.01
0.33,-4.85,0.96,-0.05,0.01,0.0
0.15,-4.81,0.67,-0.05,0.01,0.0
0.19,-4.79,0.65,-0.05,0.01,0.0
0.19,-4.79,0.61,-0.06,0.01,-0.0
0.21,-4.79,0.54,-0.06,0.01,-0.0
-0.13,-4.77,0.56,-0.06,0.01,-0.0
0.13,-4.83,0.67,-0.07,0.02,-0.0
0.13,-4.94,0.48,-0.07,0.02,-0.0
0.17,-4.83,0.57,-0.07,0.02,-0.0
0.1,-4.88,0.69,-0.07,0.03,-0.0
0.25,-4.88,0.59,-0.07,0.03,-0.0
0.25,-4.88,0.61,-0.06,0.03,0.0
0.23,-4.92,0.59,-0.06,0.03,0.0
0.17,-4.85,0.67,-0.05,0.03,0.0
0.15,-4.88,0.59,-0.04,0.03,0.0
0.17,-4.9,0.71,-0.03,0.03,0.0
0.19,-4.88,0.67,-0.02,0.04,-0.0
0.15,-4.88,0.59,-0.02,0.04,-0.0
0.15,-4.81,0.79,-0.01,0.04,-0.0
0.1,-4.83,0.65,-0.01,0.04,-0.0
0.11,-4.81,0.69,-0.01,0.05,-0.0
0.11,-4.88,0.8,-0.0,0.05,-0.01
0.08,-4.85,0.75,-0.0,0.05,-0.01
0.02,-4.92,0.71,0.0,0.05,-0.01
0.06,-4.83,0.71,0.0,0.05,-0.01
0.06,-4.87,0.73,0.01,0.05,-0.01
0.06,-4.81,0.75,0.01,0.05,-0.01
0.11,-4.88,0.77,0.01,0.05,-0.01
0.04,-4.73,0.73,0.01,0.05,-0.01
0.1,-4.79,0.69,0.02,0.05,-0.0
0.08,-4.83,0.73,0.02,0.05,-0.0
0.08,-4.79,0.71,0.02,0.05,-0.0
0.1,-4.85,0.71,0.02,0.05,-0.0
0.11,-4.79,0.75,0.02,0.05,-0.0
0.13,-4.83,0.82,0.02,0.05,-0.0
0.08,-4.83,0.79,0.02,0.05,-0.0
0.15,-4.77,0.69,0.01,0.05,-0.0
0.17,-4.79,0.75,0.02,0.05,-0.0
0.17,-4.85,0.71,0.01,0.05,-0.0
0.19,-4.79,0.75,0.01,0.05,-0.0
0.17,-4.81,0.79,0.01,0.05,-0.0
0.17,-4.83,0.8,0.01,0.05,-0.0
0.17,-4.79,0.84,0.01,0.05,-0.0
0.13,-4.87,0.75,0.0,0.05,-0.0
0.21,-4.85,0.75,0.0,0.05,-0.0
0.1,-4.75,0.71,0.0,0.05,-0.0
0.11,-4.87,0.77,0.01,0.05,-0.0
0.13,-4.9,0.73,0.01,0.05,-0.0
0.1,-4.9,0.71,0.01,0.05,0.0
0.17,-4.85,0.67,0.02,0.04,0.0
0.21,-4.87,0.73,0.02,0.04,0.0
0.23,-4.88,0.63,0.03,0.04,0.0
0.19,-4.87,0.63,0.03,0.04,0.0
0.15,-4.83,0.63,0.03,0.04,0.0
0.15,-4.87,0.65,0.04,0.04,0.0
0.17,-4.85,0.61,0.04,0.04,0.0
0.15,-4.83,0.71,0.04,0.04,0.0
0.11,-4.77,0.65,0.04,0.04,0.0
0.1,-4.81,0.67,0.04,0.04,0.0
0.1,-4.85,0.73,0.04,0.04,0.0
0.13,-4.81,0.79,0.04,0.04,0.0
0.08,-4.83,0.84,0.04,0.04,0.0
0.11,-4.83,0.82,0.04,0.04,0.0
0.11,-4.87,0.8,0.04,0.04,0.0
0.11,-4.88,0.71,0.04,0.03,0.0
0.06,-4.87,0.77,0.05,0.03,0.0
-0.08,-4.73,0.9,0.05,0.03,0.0
0.08,-4.83,0.8,0.05,0.03,0.01
0.11,-4.83,0.82,0.06,0.03,0.01
0.11,-4.88,0.8,0.06,0.03,0.01
0.11,-4.85,0.77,0.06,0.03,0.01
0.08,-4.81,0.71,0.06,0.03,0.01
0.15,-4.81,0.79,0.06,0.03,0.01
0.11,-4.77,0.75,0.06,0.03,0.01
0.11,-4.81,0.8,0.06,0.03,0.01
0.17,-4.79,0.73,0.05,0.03,0.01
0.11,-4.77,0.8,0.05,0.03,0.01
0.11,-4.81,0.73,0.05,0.03,0.01
0.15,-4.79,0.82,0.05,0.03,0.01
0.11,-4.83,0.84,0.05,0.03,0.01
0.1,-4.83,0.88,0.05,0.03,0.01
0.11,-4.87,0.9,0.06,0.03,0.0
0.13,-4.79,0.86,0.06,0.03,0.0
0.15,-4.79,0.8,0.07,0.03,0.0
0.08,-4.79,0.84,0.07,0.03,0.0
0.04,-4.81,0.88,0.07,0.03,0.0
0.1,-4.79,0.84,0.08,0.03,0.0
0.13,-4.81,0.86,0.08,0.03,0.0
0.15,-4.77,1.0,0.08,0.03,0.0
0.11,-4.75,0.88,0.08,0.03,0.0
0.04,-4.81,0.92,0.08,0.03,0.0
0.11,-4.85,0.9,0.08,0.03,0.0
0.06,-4.79,0.84,0.08,0.03,0.0
0.11,-4.81,0.92,0.08,0.03,0.01
0.06,-4.73,0.88,0.07,0.03,0.01
0.13,-4.81,0.9,0.08,0.03,0.01
0.11,-4.77,0.94,0.07,0.03,0.01
0.13,-4.79,0.84,0.08,0.03,0.01
0.11,-4.81,0.84,0.08,0.03,0.01
0.27,-4.73,0.92,0.07,0.03,0.0
0.13,-4.77,0.94,0.07,0.03,0.0
0.11,-4.75,0.88,0.07,0.03,0.0
0.15,-4.77,0.82,0.07,0.03,0.0
0.17,-4.75,0.92,0.07,0.03,0.0
0.15,-4.77,0.86,0.07,0.03,0.0
0.17,-4.77,0.92,0.07,0.03,0.0
0.1,-4.79,0.92,0.07,0.04,-0.0
0.15,-4.77,0.94,0.07,0.04,-0.0
0.17,-4.75,0.86,0.07,0.04,-0.0
0.17,-4.79,0.88,0.07,0.04,-0.0
0.17,-4.81,0.92,0.07,0.04,0.0
0.13,-4.77,0.96,0.07,0.04,0.0
0.15,-4.75,0.86,0.07,0.04,0.0
0.1,-4.75,1.02,0.07,0.04,0.0
0.1,-4.69,0.92,0.07,0.04,0.0
0.11,-4.77,0.92,0.06,0.04,0.0
0.1,-4.75,0.96,0.06,0.04,0.0
0.11,-4.69,1.02,0.05,0.04,0.0
0.13,-4.75,0.96,0.05,0.04,0.0
0.06,-4.73,0.9,0.04,0.04,0.0
0.06,-4.73,0.96,0.04,0.04,0.0
0.06,-4.75,0.92,0.04,0.04,0.0
0.11,-4.77,0.98,0.04,0.04,0.0
0.02,-4.73,0.96,0.03,0.04,0.0
0.11,-4.77,0.94,0.04,0.04,0.0
0.06,-4.75,0.98,0.04,0.04,0.0
0.15,-4.77,0.98,0.04,0.04,0.0
0.15,-4.73,0.96,0.04,0.04,0.0
0.15,-4.75,0.98,0.04,0.04,0.0
0.17,-4.81,0.9,0.04,0.04,0.0
0.13,-4.75,0.98,0.04,0.04,-0.0
0.15,-4.77,1.02,0.04,0.04,0.0
0.06,-4.75,0.94,0.04,0.04,0.0
0.17,-4.79,1.0,0.04,0.04,-0.0
0.15,-4.77,0.96,0.04,0.05,-0.0
0.19,-4.81,1.0,0.04,0.05,-0.0
0.1,-4.75,1.02,0.03,0.05,-0.0
0.13,-4.75,1.02,0.03,0.05,-0.0
0.11,-4.75,1.03,0.03,0.05,-0.0
0.11,-4.77,0.94,0.03,0.05,-0.0
0.08,-4.75,1.02,0.03,0.05,-0.0
0.1,-4.75,0.98,0.03,0.05,-0.0
0.11,-4.75,1.02,0.03,0.05,0.0
0.11,-4.75,1.07,0.03,0.04,-0.0
0.04,-4.73,0.96,0.03,0.04,-0.0
0.1,-4.73,1.09,0.03,0.04,-0.0
0.11,-4.77,1.03,0.03,0.04,0.0
0.06,-4.77,1.02,0.03,0.04,0.0
0.1,-4.73,1.07,0.03,0.04,0.0
0.1,-4.79,1.02,0.03,0.04,0.0
0.11,-4.73,1.02,0.03,0.04,0.0
0.11,-4.77,0.98,0.03,0.04,0.0
0.1,-4.73,1.03,0.03,0.04,0.0
0.13,-4.73,1.02,0.03,0.04,0.0
0.27,-4.87,1.03,0.03,0.04,0.0
0.1,-4.71,1.05,0.03,0.04,0.0
0.11,-4.73,1.07,0.02,0.04,-0.0
0.13,-4.67,1.11,0.02,0.04,-0.0
0.06,-4.75,1.07,0.02,0.04,-0.0
0.04,-4.75,1.05,0.02,0.04,-0.0
0.1,-4.73,1.05,0.02,0.04,-0.0
0.1,-4.79,1.09,0.02,0.04,-0.0
0.13,-4.81,1.05,0.02,0.04,-0.0
0.11,-4.81,1.05,0.02,0.04,-0.0
0.06,-4.73,1.07,0.02,0.04,-0.0
0.1,-4.77,1.05,0.03,0.04,-0.0
0.04,-4.73,1.11,0.03,0.04,-0.0
0.11,-4.77,1.15,0.03,0.04,-0.0
0.08,-4.81,1.03,0.03,0.04,-0.0
0.11,-4.79,1.02,0.03,0.04,-0.0
0.04,-4.71,1.05,0.03,0.04,-0.0
0.1,-4.73,1.0,0.03,0.04,-0.0
0.08,-4.73,1.07,0.03,0.04,-0.0
0.11,-4.71,0.96,0.03,0.04,-0.0
0.1,-4.69,1.13,0.02,0.03,0.0
0.15,-4.77,1.11,0.02,0.04,0.0
0.11,-4.73,1.03,0.02,0.04,0.0
0.08,-4.71,1.05,0.01,0.04,0.0
0.11,-4.69,1.15,0.01,0.04,0.0
0.08,-4.73,1.13,0.01,0.04,0.0
0.11,-4.77,1.15,0.01,0.04,0.0
0.08,-4.73,1.09,0.01,0.04,0.0
0.17,-4.79,1.07,0.02,0.04,0.0
0.15,-4.81,1.15,0.02,0.04,0.0
0.17,-4.79,1.21,0.02,0.04,0.0
0.1,-4.77,1.13,0.02,0.04,0.0
0.11,-4.75,1.02,0.02,0.04,0.0
0.1,-4.81,1.11,0.02,0.03,0.0
0.08,-4.77,1.19,0.02,0.03,0.0
0.15,-4.75,1.05,0.02,0.03,0.0
0.1,-4.75,1.13,0.02,0.03,0.0
0.08,-4.77,1.11,0.02,0.03,0.0
0.11,-4.73,1.13,0.02,0.03,0.0
0.1,-4.75,1.05,0.02,0.03,0.0
0.1,-4.75,1.07,0.02,0.03,0.0
0.06,-4.77,1.09,0.02,0.04,0.0
0.1,-4.71,1.07,0.02,0.04,0.0
0.19,-4.75,1.13,0.02,0.04,0.0
0.04,-4.73,1.11,0.02,0.04,0.0
0.04,-4.75,1.15,0.02,0.04,0.0
0.04,-4.73,1.17,0.02,0.04,0.0
0.06,-4.73,1.11,0.02,0.04,0.0
0.11,-4.67,1.11,0.02,0.04,0.0
0.08,-4.69,1.13,0.02,0.03,0.0
0.1,-4.75,1.21,0.02,0.03,0.0
0.06,-4.69,1.11,0.01,0.03,0.0
0.19,-4.75,1.15,0.01,0.03,0.0
0.11,-4.75,1.19,0.01,0.03,0.0
0.11,-4.71,1.09,0.01,0.03,0.0
0.1,-4.71,1.17,0.0,0.04,0.0
0.11,-4.71,1.19,0.0,0.04,0.0
0.11,-4.75,1.13,0.0,0.04,0.0
0.1,-4.69,1.17,0.0,0.04,0.0
0.1,-4.69,1.19,0.0,0.03,0.0
0.06,-4.71,1.19,0.0,0.03,0.0
0.11,-4.69,1.21,0.0,0.03,0.0
0.06,-4.71,1.21,0.0,0.03,0.0
0.17,-4.75,1.13,0.0,0.03,-0.0
0.06,-4.75,1.11,0.0,0.03,0.0
0.17,-4.71,1.19,0.0,0.04,0.0
0.11,-4.71,1.19,-0.0,0.04,0.0
0.1,-4.71,1.15,-0.0,0.04,0.0
0.11,-4.75,1.15,-0.0,0.04,0.0
0.11,-4.73,1.15,-0.0,0.04,0.0
0.15,-4.77,1.15,-0.0,0.04,0.0
0.06,-4.73,1.15,-0.0,0.04,0.0
0.1,-4.75,1.19,-0.0,0.04,0.0
0.08,-4.77,1.19,-0.0,0.04,0.0
0.08,-4.73,1.19,-0.0,0.04,0.0
0.1,-4.75,1.21,0.0,0.04,0.0
0.11,-4.75,1.17,0.0,0.04,0.0
0.1,-4.77,1.11,0.0,0.04,0.0
0.06,-4.71,1.09,0.0,0.04,0.0
0.11,-4.75,1.19,0.0,0.04,0.0
0.06,-4.69,1.07,0.0,0.04,0.0
0.08,-4.75,1.09,-0.0,0.04,0.0
0.11,-4.71,1.07,-0.0,0.04,0.0
0.11,-4.73,1.17,-0.0,0.04,0.0
0.1,-4.75,1.13,-0.0,0.04,0.0
0.1,-4.71,1.11,-0.0,0.04,0.0
0.25,-4.75,1.05,-0.01,0.04,-0.0
0.13,-4.73,1.17,-0.01,0.04,-0.0
0.1,-4.75,1.09,-0.01,0.04,0.0
0.13,-4.71,1.17,-0.01,0.04,-0.0
0.08,-4.73,1.17,-0.01,0.04,-0.0
0.06,-4.77,1.11,-0.0,0.04,-0.0
0.1,-4.77,1.13,-0.0,0.04,-0.0
0.13,-4.73,1.07,-0.0,0.04,0.0
0.11,-4.73,1.13,-0.0,0.04,-0.0
0.06,-4.73,1.15,0.0,0.04,0.0
0.1,-4.73,1.11,0.0,0.04,0.0
0.15,-4.71,1.07,0.0,0.04,0.0
0.11,-4.77,1.13,0.0,0.04,0.0
0.13,-4.75,1.15,0.0,0.04,0.0
0.06,-4.73,1.13,0.0,0.04,0.0
0.08,-4.75,1.11,0.0,0.04,0.0
0.11,-4.73,1.13,0.0,0.04,0.0
0.1,-4.69,1.15,0.0,0.04,0.0
0.08,-4.73,1.13,0.0,0.04,0.0
0.1,-4.73,1.13,0.0,0.04,0.0
0.15,-4.73,1.11,0.0,0.04,0.0
0.1,-4.71,1.15,0.0,0.04,0.0
0.06,-4.73,1.13,0.0,0.04,0.0
0.04,-4.9,1.13,0.0,0.04,0.0
0.1,-4.69,1.05,0.0,0.04,0.0
0.06,-4.71,1.11,0.0,0.04,0.0
0.08,-4.71,1.17,0.0,0.04,0.0
0.08,-4.69,1.13,0.0,0.04,-0.0
0.08,-4.73,1.13,-0.0,0.04,0.0
0.1,-4.71,1.19,-0.0,0.04,0.0
0.06,-4.75,1.15,-0.0,0.04,0.0
0.1,-4.73,1.21,-0.0,0.04,0.0
0.08,-4.73,1.15,-0.0,0.04,0.0
0.08,-4.77,1.17,-0.01,0.04,0.0
0.1,-4.71,1.19,-0.01,0.04,0.0
0.04,-4.71,1.13,-0.01,0.04,0.0
0.04,-4.71,1.17,-0.01,0.04,0.0
0.06,-4.75,1.19,-0.01,0.04,-0.0
0.06,-4.75,1.19,-0.01,0.04,0.0
0.06,-4.71,1.17,-0.01,0.04,0.0
0.1,-4.73,1.17,-0.01,0.04,0.0
0.1,-4.77,1.11,-0.01,0.04,0.0
0.1,-4.79,1.19,-0.01,0.04,0.0
0.1,-4.75,1.15,-0.0,0.04,0.0
0.1,-4.77,1.15,0.0,0.04,-0.0
0.08,-4.77,1.09,0.01,0.04,0.0
0.17,-4.85,1.11,0.01,0.04,0.0
0.08,-4.75,1.13,0.01,0.04,-0.0
0.04,-4.73,1.17,0.01,0.04,-0.0
0.11,-4.69,1.15,0.01,0.04,-0.0
0.11,-4.67,1.13,0.01,0.04,-0.0
0.06,-4.73,1.11,0.01,0.03,-0.0
0.04,-4.67,1.19,0.01,0.03,-0.0
0.02,-4.73,1.19,0.0,0.03,-0.0
0.08,-4.69,1.17,-0.0,0.03,-0.0
0.06,-4.69,1.17,-0.0,0.03,0.0
0.06,-4.67,1.09,-0.0,0.04,0.0
0.1,-4.75,1.19,-0.01,0.04,0.0
0.06,-4.75,1.17,-0.01,0.04,0.0
0.1,-4.73,1.23,-0.01,0.04,0.0
0.13,-4.73,1.23,-0.0,0.04,0.0
0.11,-4.71,1.17,-0.0,0.04,0.0
0.11,-4.75,1.03,-0.0,0.04,0.0
0.13,-4.77,1.17,0.0,0.04,-0.0
0.1,-4.73,1.17,0.0,0.04,-0.0
0.11,-4.71,1.15,-0.0,0.04,-0.0
0.08,-4.69,1.02,-0.0,0.04,-0.0
0.13,-4.73,1.11,-0.01,0.04,-0.0
0.11,-4.71,1.17,-0.01,0.04,-0.0
0.15,-4.75,1.13,-0.01,0.04,-0.0
0.08,-4.73,1.17,-0.01,0.04,-0.0
0.1,-4.71,1.19,-0.01,0.04,-0.0
0.08,-4.71,1.15,-0.0,0.04,-0.0
0.13,-4.79,1.11,-0.0,0.04,-0.0
0.11,-4.75,1.15,0.0,0.04,-0.0
0.13,-4.77,1.15,0.0,0.04,-0.0
0.04,-4.75,1.15,0.0,0.04,-0.0
0.1,-4.75,1.13,0.0,0.04,-0.0
0.11,-4.75,1.19,0.0,0.04,0.0
0.06,-4.71,1.15,0.0,0.04,0.0
0.08,-4.71,1.17,0.0,0.04,0.0
0.08,-4.69,1.13,0.0,0.04,0.0
0.08,-4.73,1.17,-0.0,0.04,-0.0
0.1,-4.73,1.13,-0.01,0.04,0.0
0.06,-4.73,1.13,-0.01,0.04,-0.0
0.1,-4.69,1.23,-0.01,0.04,-0.0
0.08,-4.73,1.17,-0.01,0.04,0.0
0.06,-4.75,1.17,-0.01,0.04,0.0
0.06,-4.73,1.21,-0.01,0.04,0.0
0.11,-4.73,1.19,-0.01,0.04,0.0
0.08,-4.71,1.13,-0.01,0.04,-0.0
0.1,-4.75,1.21,-0.01,0.04,0.0
0.11,-4.71,1.13,-0.01,0.04,-0.0
0.06,-4.69,1.21,-0.01,0.04,-0.0
0.04,-4.69,1.17,-0.01,0.04,-0.0
0.1,-4.75,1.21,-0.01,0.04,-0.0
0.04,-4.67,1.13,-0.01,0.04,-0.0
0.06,-4.75,1.23,-0.01,0.04,-0.0
0.08,-4.69,1.19,-0.01,0.04,-0.0
0.06,-4.73,1.15,-0.01,0.04,-0.0
0.08,-4.71,1.11,-0.01,0.04,-0.0
0.11,-4.67,1.17,-0.02,0.04,-0.0
0.11,-4.67,1.15,-0.02,0.04,-0.0
0.08,-4.73,1.17,-0.02,0.04,-0.0
0.02,-4.67,1.13,-0.02,0.04,-0.0
0.06,-4.73,1.19,-0.02,0.04,-0.0
0.04,-4.73,1.09,-0.02,0.04,-0.0
0.1,-4.75,1.23,-0.02,0.04,-0.0
0.11,-4.75,1.11,-0.02,0.04,-0.0
0.04,-4.73,1.23,-0.02,0.04,-0.0
0.06,-4.77,1.21,-0.02,0.04,-0.0
0.06,-4.79,1.05,-0.02,0.04,-0.0
0.06,-4.75,1.13,-0.02,0.04,-0.0
0.11,-4.75,1.19,-0.02,0.04,-0.0
0.04,-4.77,1.17,-0.02,0.04,-0.0
0.11,-4.73,1.17,-0.02,0.04,-0.0
0.06,-4.75,1.11,-0.02,0.04,-0.0
0.11,-4.73,1.13,-0.02,0.04,-0.0
0.11,-4.71,1.13,-0.02,0.03,-0.0
0.08,-4.79,1.09,-0.02,0.03,-0.0
0.06,-4.71,1.15,-0.02,0.03,-0.0
0.08,-4.73,1.19,-0.02,0.04,-0.0
0.11,-4.75,1.21,-0.02,0.04,-0.0
0.1,-4.75,1.05,-0.02,0.04,-0.0
0.08,-4.75,1.15,-0.02,0.04,-0.0
0.1,-4.77,1.11,-0.02,0.04,-0.0
0.11,-4.65,1.13,-0.02,0.04,-0.0
0.08,-4.71,1.13,-0.02,0.04,-0.0
0.08,-4.75,1.13,-0.02,0.04,-0.0
0.06,-4.73,1.17,-0.02,0.04,-0.0
0.04,-4.73,1.17,-0.02,0.04,-0.0
0.02,-4.75,1.11,-0.02,0.03,0.0
0.13,-4.77,1.09,-0.02,0.04,0.0
0.04,-4.75,1.17,-0.03,0.04,0.0
0.06,-4.75,1.15,-0.02,0.04,0.0
0.11,-4.75,1.09,-0.02,0.04,-0.0
0.04,-4.67,1.21,-0.02,0.04,0.0
0.02,-4.75,1.19,-0.02,0.04,-0.0
0.13,-4.77,1.13,-0.02,0.04,-0.0
0.11,-4.75,1.11,-0.02,0.04,-0.0
0.08,-4.71,1.17,-0.02,0.03,-0.0
0.04,-4.75,1.19,-0.02,0.04,0.0
0.1,-4.71,1.13,-0.02,0.03,0.0
0.06,-4.69,1.17,-0.02,0.03,0.0
0.11,-4.73,1.02,-0.03,0.03,0.0
0.04,-4.73,1.15,-0.03,0.03,0.0
0.1,-4.75,1.09,-0.03,0.03,0.0
0.13,-4.73,1.15,-0.04,0.03,0.0
0.08,-4.73,1.09,-0.04,0.03,-0.0
0.1,-4.71,1.15,-0.04,0.03,-0.0
0.1,-4.75,1.15,-0.04,0.03,-0.0
0.1,-4.69,1.11,-0.04,0.04,-0.0
0.1,-4.75,1.11,-0.04,0.04,-0.0
0.13,-4.77,1.09,-0.04,0.04,-0.0
0.13,-4.73,1.11,-0.04,0.04,-0.0
0.13,-4.75,1.13,-0.04,0.04,-0.0
0.13,-4.75,1.13,-0.04,0.04,-0.0
0.06,-4.69,1.09,-0.04,0.04,-0.0
0.04,-4.75,1.11,-0.04,0.04,-0.0
0.11,-4.75,1.13,-0.04,0.04,-0.0
0.08,-4.73,1.09,-0.04,0.04,-0.0
0.1,-4.77,1.07,-0.04,0.04,-0.0
0.04,-4.73,1.13,-0.05,0.04,-0.0
0.08,-4.75,1.09,-0.05,0.04,-0.0
0.06,-4.75,1.02,-0.05,0.04,-0.0
0.08,-4.77,1.11,-0.05,0.04,0.0
0.11,-4.73,1.05,-0.05,0.04,0.0
0.08,-4.73,1.03,-0.05,0.03,0.0
0.04,-4.75,1.07,-0.05,0.03,0.0
0.11,-4.79,1.03,-0.05,0.03,0.0
0.1,-4.69,1.09,-0.05,0.03,-0.0
0.1,-4.75,1.02,-0.05,0.03,-0.0
0.11,-4.75,0.96,-0.05,0.03,-0.0
0.1,-4.75,1.03,-0.04,0.04,-0.0
0.06,-4.73,1.07,-0.04,0.04,-0.0
0.06,-4.75,1.15,-0.04,0.04,-0.0
0.1,-4.77,1.03,-0.04,0.04,-0.0
0.08,-4.77,1.03,-0.05,0.04,-0.0
0.1,-4.83,1.03,-0.05,0.04,-0.0
0.11,-4.77,1.02,-0.05,0.04,-0.0
0.06,-4.75,1.07,-0.05,0.04,-0.0
0.11,-4.77,1.02,-0.05,0.04,-0.0
0.04,-4.77,1.07,-0.05,0.04,-0.0
0.15,-4.77,1.07,-0.04,0.04,-0.0
0.06,-4.75,1.07,-0.04,0.04,-0.0
0.08,-4.77,1.07,-0.04,0.05,-0.0
0.11,-4.79,1.0,-0.04,0.04,-0.0
0.11,-4.77,1.0,-0.04,0.04,-0.0
0.08,-4.75,1.03,-0.04,0.04,-0.0
0.1,-4.71,1.02,-0.04,0.04,-0.0
0.04,-4.75,1.02,-0.04,0.04,-0.0
0.1,-4.75,1.0,-0.04,0.04,-0.0
0.04,-4.77,1.0,-0.04,0.04,-0.0
0.04,-4.75,1.02,-0.04,0.04,-0.0
0.11,-4.79,1.02,-0.04,0.04,-0.0
0.13,-4.92,1.02,-0.04,0.04,-0.0
0.08,-4.87,1.0,-0.03,0.04,-0.0
0.19,-4.83,0.96,-0.03,0.04,0.0
0.08,-4.75,0.96,-0.02,0.04,0.0
0.1,-4.79,1.0,-0.02,0.04,0.0
0.1,-4.79,1.0,-0.01,0.04,0.0
0.11,-4.81,1.03,-0.01,0.04,-0.0
0.08,-4.81,1.0,-0.01,0.04,-0.0
0.08,-4.79,1.0,-0.0,0.04,-0.0
0.02,-4.73,0.98,-0.01,0.04,-0.0
0.06,-4.73,1.03,-0.01,0.04,-0.0
0.06,-4.71,1.05,-0.01,0.04,-0.0
0.06,-4.75,0.96,-0.01,0.04,-0.0
0.04,-4.71,1.03,-0.02,0.04,-0.0
0.06,-4.71,0.98,-0.02,0.04,-0.0
0.08,-4.73,1.02,-0.02,0.04,-0.0
0.08,-4.75,0.98,-0.02,0.04,-0.0
0.06,-4.75,1.03,-0.02,0.04,0.0
0.08,-4.71,1.0,-0.03,0.04,-0.0
0.04,-4.73,1.0,-0.03,0.04,-0.0
0.06,-4.71,1.03,-0.03,0.04,-0.0
0.06,-4.73,1.03,-0.03,0.04,-0.0
0.11,-4.79,1.09,-0.03,0.04,-0.0
0.15,-4.77,1.03,-0.03,0.04,-0.0
0.13,-4.79,0.98,-0.03,0.04,-0.0
0.1,-4.77,1.02,-0.03,0.04,-0.0
0.06,-4.77,1.0,-0.03,0.04,-0.0
0.11,-4.83,1.02,-0.03,0.04,-0.0
0.08,-4.83,0.96,-0.03,0.04,-0.0
0.06,-4.79,0.96,-0.03,0.04,-0.0
0.08,-4.75,0.96,-0.03,0.04,-0.0
0.06,-4.77,1.0,-0.03,0.04,-0.0
0.1,-4.81,0.98,-0.03,0.04,-0.0
0.06,-4.77,0.96,-0.03,0.04,-0.0
0.08,-4.77,1.03,-0.03,0.04,-0.0
0.08,-4.81,0.96,-0.03,0.04,-0.0
0.08,-4.75,1.02,-0.03,0.04,-0.0
0.04,-4.71,0.96,-0.03,0.04,-0.0
0.11,-4.71,1.02,-0.03,0.04,-0.0
0.04,-4.75,0.96,-0.03,0.04,-0.0
0.1,-4.75,0.94,-0.03,0.04,-0.0
0.1,-4.77,0.92,-0.03,0.04,-0.0
0.1,-4.75,1.0,-0.04,0.04,-0.0
0.08,-4.77,1.02,-0.04,0.04,-0.0
0.06,-4.71,1.0,-0.04,0.04,-0.0
0.15,-4.73,0.98,-0.04,0.04,-0.0
0.06,-4.79,0.94,-0.04,0.04,-0.0
0.13,-4.79,1.02,-0.04,0.04,-0.0
0.11,-4.77,0.94,-0.04,0.04,-0.0
0.1,-4.77,0.96,-0.04,0.04,-0.0
0.11,-4.79,0.96,-0.03,0.04,-0.0
0.08,-4.75,0.92,-0.03,0.04,-0.0
0.06,-4.79,0.92,-0.03,0.04,-0.0
0.08,-4.83,1.0,-0.03,0.03,-0.0
0.08,-4.81,0.98,-0.03,0.03,-0.0
0.08,-4.79,0.98,-0.03,0.03,-0.0
0.02,-4.71,0.94,-0.03,0.03,-0.0
0.06,-4.79,0.9,-0.03,0.04,-0.0
0.04,-4.77,0.92,-0.03,0.04,-0.0
0.0,-4.77,0.98,-0.03,0.04,-0.0
0.06,-4.77,0.98,-0.03,0.04,-0.0
0.06,-4.75,1.0,-0.03,0.04,-0.0
0.13,-4.79,1.02,-0.03,0.04,-0.0
0.06,-4.77,0.96,-0.03,0.04,-0.0
0.11,-4.79,1.02,-0.03,0.04,-0.0
0.15,-4.77,0.94,-0.03,0.04,-0.0
0.1,-4.73,1.02,-0.03,0.04,-0.0
0.19,-4.62,0.9,-0.02,0.04,-0.0
0.08,-4.81,0.94,-0.02,0.04,-0.0
0.04,-4.83,0.96,-0.02,0.04,-0.0
0.06,-4.81,1.0,-0.02,0.04,-0.0
0.15,-4.75,0.96,-0.02,0.04,-0.0
0.1,-4.81,0.92,-0.01,0.04,0.0
0.11,-4.81,0.92,-0.01,0.04,0.0
0.1,-4.83,0.88,-0.01,0.04,-0.0
0.11,-4.83,0.94,-0.01,0.04,-0.0
0.08,-4.77,0.92,-0.01,0.04,-0.0
0.04,-4.77,0.94,-0.01,0.04,-0.0
0.11,-4.79,0.92,-0.01,0.04,-0.0
0.1,-4.79,0.96,-0.01,0.04,-0.0
0.11,-4.79,0.88,-0.0,0.04,-0.0
0.13,-4.77,0.88,-0.0,0.04,-0.0
0.04,-4.75,0.94,-0.0,0.04,-0.0
0.06,-4.79,0.94,-0.0,0.04,-0.0
0.11,-4.77,0.92,-0.0,0.04,-0.0
0.11,-4.83,1.0,-0.01,0.04,-0.0
0.08,-4.71,0.96,-0.01,0.04,-0.0
0.04,-4.75,0.92,-0.01,0.04,-0.0
0.08,-4.75,0.96,-0.01,0.04,-0.0
0.17,-4.85,1.0,-0.01,0.04,-0.0
0.1,-4.85,0.94,-0.0,0.04,0.0
0.11,-4.79,0.98,-0.0,0.04,0.0
0.04,-4.83,0.96,0.0,0.04,-0.0
0.08,-4.79,0.88,0.0,0.04,-0.0
0.08,-4.75,0.88,0.01,0.03,-0.0
0.1,-4.81,0.88,0.01,0.03,-0.0
0.15,-4.77,0.94,0.01,0.03,-0.0
0.08,-4.81,0.94,0.01,0.04,-0.0
0.08,-4.79,0.94,0.01,0.04,-0.0
0.04,-4.77,0.92,0.01,0.04,-0.0
0.1,-4.79,0.96,0.01,0.04,-0.0
0.1,-4.79,0.88,0.0,0.04,-0.0
0.11,-4.75,0.96,0.0,0.04,-0.0
0.08,-4.75,0.94,0.0,0.04,-0.0
0.02,-4.77,0.9,0.0,0.04,-0.0
0.06,-4.79,0.98,-0.0,0.04,-0.0
0.06,-4.79,0.98,-0.0,0.04,-0.0
0.1,-4.79,1.03,-0.0,0.04,-0.0
0.04,-4.79,1.03,0.0,0.04,-0.0
0.08,-4.75,0.94,0.0,0.04,-0.0
0.06,-4.77,0.92,0.0,0.04,-0.0
0.15,-4.96,0.88,0.01,0.04,-0.0
0.11,-4.81,0.98,0.01,0.04,-0.0
0.15,-4.79,0.92,0.01,0.04,-0.0
0.1,-4.81,0.98,0.01,0.04,-0.0
0.13,-4.77,0.98,0.01,0.04,-0.0
0.11,-4.77,0.98,0.01,0.04,-0.0
0.11,-4.77,0.98,0.01,0.04,-0.0
0.08,-4.75,1.0,0.01,0.04,-0.0
0.08,-4.77,0.94,0.01,0.04,-0.0
0.04,-4.77,0.98,0.01,0.04,-0.0
0.11,-4.77,0.92,0.01,0.04,-0.0
0.1,-4.81,0.96,0.01,0.04,-0.0
0.1,-4.79,0.96,0.01,0.04,-0.0
0.08,-4.77,0.92,0.01,0.04,-0.0
0.08,-4.77,0.92,0.02,0.04,-0.0
0.08,-4.75,0.92,0.02,0.04,-0.0
0.1,-4.77,0.94,0.02,0.04,-0.0
0.1,-4.75,0.96,0.02,0.04,-0.0
0.06,-4.75,0.96,0.02,0.04,-0.0
0.06,-4.77,1.02,0.02,0.04,-0.0
0.1,-4.75,1.02,0.02,0.04,-0.0
0.04,-4.75,1.02,0.02,0.04,-0.0
0.06,-4.62,1.15,0.01,0.04,-0.0
0.04,-4.87,1.02,0.01,0.04,-0.0
0.19,-4.73,1.03,0.02,0.04,-0.0
0.15,-4.81,1.07,0.02,0.04,-0.0
0.19,-4.88,1.19,0.02,0.04,-0.0
0.27,-4.67,0.96,0.02,0.04,-0.0
0.08,-4.79,1.13,0.03,0.04,-0.0
0.08,-4.81,0.94,0.03,0.04,-0.0
0.15,-4.79,1.07,0.03,0.04,-0.0
0.23,-4.69,1.13,0.03,0.04,-0.0
0.02,-4.64,1.0,0.04,0.04,-0.0
0.19,-4.81,0.94,0.04,0.04,-0.0
0.08,-4.77,1.0,0.04,0.04,-0.0
0.1,-4.79,1.02,0.03,0.04,-0.0
0.1,-4.79,0.96,0.03,0.04,-0.0
0.25,-4.71,0.96,0.03,0.04,-0.0
0.11,-4.62,0.84,0.03,0.04,-0.0
0.1,-4.92,0.96,0.03,0.04,-0.0
0.08,-4.52,1.53,0.03,0.04,-0.0
0.17,-4.64,1.19,0.03,0.04,-0.0
0.02,-4.64,1.21,0.03,0.04,-0.0
-0.04,-4.64,1.07,0.02,0.04,-0.0
0.08,-4.79,1.05,0.02,0.04,-0.0
0.06,-4.67,0.9,0.02,0.04,-0.0
-0.04,-4.71,1.13,0.02,0.04,-0.0
-0.17,-4.81,1.09,0.02,0.04,-0.0
0.11,-4.77,0.98,0.02,0.04,-0.0
0.11,-4.73,1.07,0.02,0.04,-0.0
0.08,-4.75,1.07,0.02,0.04,-0.0
0.21,-4.62,1.15,0.02,0.04,-0.0
0.1,-4.44,1.02,0.01,0.05,-0.0
0.13,-4.73,1.34,0.02,0.05,-0.01
0.21,-4.71,0.9,0.02,0.05,-0.01
0.34,-4.67,1.13,0.02,0.05,-0.01
0.1,-4.75,0.67,0.02,0.06,-0.01
0.15,-4.79,0.73,0.02,0.06,-0.01
0.1,-4.54,1.15,0.02,0.06,-0.01
0.15,-4.64,1.34,0.02,0.06,-0.01
0.13,-4.73,0.77,0.03,0.05,-0.01
0.21,-4.94,1.02,0.03,0.05,-0.02
0.11,-4.69,1.11,0.04,0.05,-0.02
0.15,-4.83,1.15,0.04,0.05,-0.02
0.06,-4.79,1.09,0.05,0.04,-0.02
0.1,-4.87,1.03,0.05,0.04,-0.02
0.06,-4.85,1.07,0.06,0.04,-0.02
0.27,-4.65,0.9,0.06,0.05,-0.03
0.08,-4.83,1.34,0.07,0.05,-0.03
-0.1,-4.81,1.28,0.07,0.06,-0.03
0.17,-4.85,0.84,0.08,0.07,-0.04
0.02,-4.98,0.94,0.09,0.08,-0.04
0.36,-4.88,1.21,0.1,0.09,-0.04
0.11,-4.87,0.98,0.11,0.1,-0.05
0.08,-4.81,1.3,0.12,0.11,-0.05
0.06,-4.98,1.21,0.13,0.11,-0.06
0.15,-4.69,1.13,0.13,0.12,-0.06
0.06,-4.88,1.02,0.14,0.12,-0.07
0.19,-4.79,1.17,0.14,0.12,-0.07
0.19,-4.77,1.19,0.14,0.12,-0.08
0.11,-4.83,1.23,0.15,0.12,-0.08
0.19,-4.85,1.28,0.15,0.12,-0.09
0.06,-4.73,1.4,0.15,0.12,-0.09
0.06,-4.94,1.28,0.16,0.12,-0.1
0.15,-4.79,1.11,0.16,0.12,-0.1
0.13,-4.77,0.9,0.17,0.12,-0.1
0.23,-5.06,1.42,0.18,0.11,-0.11
0.06,-4.85,1.13,0.18,0.11,-0.11
0.13,-4.87,1.05,0.18,0.11,-0.12
0.1,-4.65,1.28,0.18,0.1,-0.12
0.15,-4.96,1.07,0.18,0.1,-0.13
0.02,-4.81,1.19,0.17,0.1,-0.13
0.04,-4.79,1.23,0.16,0.09,-0.13
0.04,-4.9,1.32,0.16,0.09,-0.13
0.0,-4.75,1.24,0.15,0.08,-0.13
0.06,-4.75,1.23,0.15,0.08,-0.14
0.08,-4.73,1.38,0.14,0.07,-0.14
0.08,-4.73,1.32,0.13,0.07,-0.14
0.08,-4.69,1.17,0.12,0.06,-0.14
0.04,-4.71,1.42,0.11,0.06,-0.14
0.15,-4.67,1.3,0.1,0.05,-0.14
0.21,-4.5,1.26,0.09,0.04,-0.14
0.17,-4.54,1.34,0.08,0.03,-0.14
0.15,-4.56,1.23,0.07,0.03,-0.15
0.13,-4.58,1.32,0.05,0.02,-0.15
0.02,-4.56,1.19,0.04,0.01,-0.15
0.06,-4.52,1.24,0.03,-0.0,-0.15
0.08,-4.5,1.17,0.02,-0.01,-0.16
-0.04,-4.54,1.21,0.01,-0.02,-0.16
-0.02,-4.46,1.15,0.0,-0.02,-0.16
-0.13,-4.42,1.21,-0.01,-0.03,-0.16
-0.06,-4.37,1.21,-0.03,-0.04,-0.16
-0.1,-4.31,1.19,-0.04,-0.04,-0.16
0.02,-4.5,1.34,-0.07,-0.04,-0.15
-0.04,-4.37,1.15,-0.1,-0.04,-0.15
-0.04,-4.41,1.23,-0.13,-0.04,-0.15
-0.04,-4.25,1.03,-0.16,-0.05,-0.15
0.0,-4.29,1.07,-0.18,-0.05,-0.15
0.06,-4.41,1.15,-0.21,-0.06,-0.15
0.04,-4.39,1.11,-0.22,-0.06,-0.15
0.04,-4.41,1.17,-0.25,-0.08,-0.15
0.11,-4.23,1.72,-0.26,-0.09,-0.15
0.13,-4.42,1.34,-0.28,-0.1,-0.15
0.11,-4.48,1.38,-0.29,-0.11,-0.15
0.17,-4.56,1.47,-0.3,-0.12,-0.14
0.27,-4.62,1.44,-0.3,-0.12,-0.15
0.5,-4.69,1.46,-0.3,-0.13,-0.15
0.34,-4.75,1.32,-0.3,-0.13,-0.15
0.33,-4.79,1.3,-0.3,-0.13,-0.15
0.36,-4.83,1.26,-0.29,-0.13,-0.16
0.4,-4.85,1.19,-0.28,-0.12,-0.17
0.38,-4.96,1.21,-0.28,-0.12,-0.18
0.34,-4.94,1.11,-0.27,-0.13,-0.19
0.34,-5.0,1.09,-0.26,-0.13,-0.21
0.25,-5.04,1.11,-0.25,-0.13,-0.22
0.38,-5.19,1.0,-0.24,-0.14,-0.24
0.36,-5.09,1.0,-0.24,-0.14,-0.26
0.29,-5.13,1.03,-0.23,-0.15,-0.27
0.27,-5.11,1.0,-0.23,-0.15,-0.29
0.15,-5.04,0.96,-0.22,-0.16,-0.3
0.15,-5.04,1.15,-0.22,-0.17,-0.32
0.06,-5.09,1.15,-0.2,-0.18,-0.33
0.08,-5.02,1.21,-0.18,-0.2,-0.35
0.13,-4.98,1.23,-0.16,-0.21,-0.36
0.08,-5.0,1.17,-0.14,-0.23,-0.37
-0.04,-4.92,1.21,-0.12,-0.25,-0.37
0.02,-4.92,1.28,-0.1,-0.27,-0.38
-0.11,-4.87,1.26,-0.09,-0.29,-0.39
-0.1,-4.87,1.17,-0.08,-0.31,-0.39
-0.06,-4.83,1.09,-0.08,-0.32,-0.39
0.0,-4.73,1.13,-0.07,-0.32,-0.4
0.06,-4.75,0.98,-0.07,-0.33,-0.4
0.06,-4.77,1.24,-0.08,-0.32,-0.39
0.1,-4.75,1.11,-0.08,-0.32,-0.39
0.19,-4.73,0.98,-0.08,-0.32,-0.38
0.27,-4.85,1.11,-0.08,-0.32,-0.38
0.34,-4.83,1.0,-0.08,-0.32,-0.38
0.34,-4.87,1.07,-0.08,-0.31,-0.38
0.42,-5.0,1.07,-0.06,-0.31,-0.37
0.59,-5.02,0.96,-0.03,-0.31,-0.38
0.77,-5.06,0.82,-0.01,-0.31,-0.4
0.71,-5.19,0.86,0.02,-0.31,-0.42
0.71,-5.09,0.94,0.06,-0.31,-0.46
0.69,-5.31,0.94,0.1,-0.31,-0.48
0.65,-5.13,0.98,0.13,-0.31,-0.5
0.65,-5.25,1.09,0.17,-0.32,-0.53
0.79,-5.21,1.13,0.22,-0.32,-0.55
0.71,-5.23,1.13,0.26,-0.32,-0.56
0.79,-5.25,1.38,0.3,-0.31,-0.56
0.69,-5.27,1.47,0.35,-0.31,-0.57
0.75,-5.25,1.51,0.39,-0.32,-0.58
0.8,-5.31,1.46,0.44,-0.33,-0.59
0.82,-5.31,1.46,0.48,-0.33,-0.59
0.73,-5.48,1.36,0.51,-0.33,-0.59
0.86,-5.36,1.44,0.55,-0.33,-0.59
0.9,-5.38,1.61,0.59,-0.34,-0.59
0.71,-5.25,1.42,0.62,-0.35,-0.59
0.59,-5.02,1.46,0.65,-0.37,-0.58
0.54,-4.87,1.4,0.67,-0.38,-0.55
0.71,-4.75,1.17,0.68,-0.38,-0.52
0.77,-4.58,0.94,0.68,-0.37,-0.5
1.0,-4.42,0.84,0.64,-0.35,-0.48
1.03,-4.27,0.56,0.58,-0.34,-0.45
1.03,-4.04,0.34,0.5,-0.32,-0.44
1.15,-3.91,0.34,0.42,-0.31,-0.42
1.34,-3.73,0.33,0.34,-0.32,-0.41
1.46,-3.72,0.44,0.26,-0.33,-0.41
1.69,-3.64,0.46,0.2,-0.36,-0.42
1.7,-3.64,0.48,0.15,-0.38,-0.43
1.8,-3.72,0.52,0.09,-0.4,-0.44
1.95,-3.75,0.61,0.03,-0.42,-0.46
2.09,-3.85,0.69,-0.03,-0.44,-0.47
2.22,-3.95,0.86,-0.08,-0.45,-0.48
2.26,-4.12,0.92,-0.13,-0.47,-0.5
2.32,-4.21,1.07,-0.15,-0.49,-0.52
2.45,-4.25,1.26,-0.15,-0.51,-0.54
2.43,-4.31,1.19,-0.14,-0.52,-0.56
2.51,-4.25,1.15,-0.12,-0.52,-0.58
2.45,-4.21,1.15,-0.1,-0.5,-0.6
2.43,-4.14,1.21,-0.09,-0.49,-0.62
2.28,-4.12,1.21,-0.07,-0.47,-0.64
2.26,-4.0,1.23,-0.06,-0.46,-0.66
2.11,-3.98,1.07,-0.05,-0.46,-0.67
2.16,-3.81,1.03,-0.05,-0.45,-0.69
2.2,-3.66,0.9,-0.05,-0.45,-0.7
2.26,-3.54,0.86,-0.06,-0.44,-0.7
2.26,-3.43,0.82,-0.08,-0.44,-0.71
2.3,-3.31,0.8,-0.1,-0.43,-0.72
2.38,-3.2,0.71,-0.13,-0.42,-0.72
2.45,-3.16,0.71,-0.16,-0.42,-0.73
2.57,-3.16,0.73,-0.18,-0.41,-0.73
2.6,-3.05,0.71,-0.2,-0.4,-0.73
2.7,-3.03,0.79,-0.22,-0.39,-0.73
2.87,-3.01,0.69,-0.23,-0.38,-0.73
3.03,-2.95,0.69,-0.23,-0.38,-0.72
3.22,-2.99,0.65,-0.23,-0.38,-0.73
3.29,-2.95,0.5,-0.24,-0.38,-0.73
3.54,-3.06,0.38,-0.25,-0.37,-0.74
3.56,-3.08,0.27,-0.27,-0.36,-0.74
3.66,-3.06,0.31,-0.29,-0.35,-0.75
3.75,-3.16,0.29,-0.31,-0.33,-0.76
3.87,-3.14,0.29,-0.33,-0.33,-0.77
3.93,-3.24,0.27,-0.34,-0.32,-0.78
3.96,-3.22,0.25,-0.36,-0.32,-0.79
3.98,-3.24,0.34,-0.37,-0.32,-0.8
4.0,-3.29,0.36,-0.38,-0.33,-0.81
3.95,-3.31,0.4,-0.39,-0.33,-0.82
4.02,-3.43,0.42,-0.4,-0.33,-0.83
3.96,-3.29,0.52,-0.4,-0.32,-0.84
3.95,-3.33,0.57,-0.41,-0.31,-0.85
3.93,-3.35,0.63,-0.43,-0.29,-0.86
3.75,-3.26,0.65,-0.45,-0.27,-0.87
3.73,-3.22,0.56,-0.46,-0.26,-0.88
3.68,-3.26,0.52,-0.47,-0.24,-0.89
3.64,-3.2,0.44,-0.45,-0.22,-0.9
3.64,-3.22,0.31,-0.42,-0.21,-0.92
3.66,-3.06,0.11,-0.38,-0.19,-0.92
3.54,-2.93,0.0,-0.33,-0.17,-0.92
3.24,-2.66,-0.27,-0.29,-0.15,-0.91
3.52,-2.57,0.0,-0.26,-0.12,-0.88
3.47,-2.57,0.0,-0.24,-0.1,-0.85
3.54,-2.49,-0.02,-0.23,-0.09,-0.82
3.62,-2.38,0.04,-0.22,-0.09,-0.79
3.77,-2.41,-0.1,-0.23,-0.1,-0.77
4.02,-2.34,-0.13,-0.25,-0.1,-0.75
4.18,-2.3,-0.21,-0.27,-0.11,-0.74
4.44,-2.22,-0.25,-0.3,-0.1,-0.73
4.52,-2.16,-0.36,-0.33,-0.08,-0.73
4.6,-2.13,-0.42,-0.34,-0.06,-0.73
4.69,-2.05,-0.59,-0.35,-0.04,-0.73
4.75,-2.01,-0.77,-0.35,-0.02,-0.74
4.77,-1.93,-0.82,-0.36,-0.0,-0.74
4.75,-1.82,-0.92,-0.36,0.01,-0.75
4.67,-1.76,-1.03,-0.36,0.03,-0.76
4.62,-1.69,-1.0,-0.36,0.05,-0.76
4.56,-1.61,-0.9,-0.36,0.07,-0.76
4.52,-1.63,-0.8,-0.37,0.1,-0.76
4.48,-1.7,-0.88,-0.38,0.12,-0.75
4.54,-1.88,-0.71,-0.39,0.13,-0.73
4.52,-1.69,-0.86,-0.4,0.14,-0.72
4.44,-1.99,-0.63,-0.41,0.15,-0.7
4.44,-2.09,-0.69,-0.4,0.15,-0.69
4.35,-2.11,-0.73,-0.39,0.16,-0.69
4.33,-2.18,-0.63,-0.37,0.16,-0.68
4.33,-2.15,-0.77,-0.35,0.16,-0.67
4.31,-2.09,-0.73,-0.34,0.15,-0.66
4.25,-2.09,-0.63,-0.32,0.15,-0.66
4.25,-1.97,-0.52,-0.31,0.15,-0.65
4.19,-1.97,-0.61,-0.3,0.16,-0.65
4.23,-1.92,-0.69,-0.31,0.16,-0.64
4.27,-1.84,-0.61,-0.32,0.18,-0.64
4.21,-1.86,-0.59,-0.33,0.19,-0.64
4.21,-1.8,-0.61,-0.35,0.21,-0.63
4.23,-1.76,-0.61,-0.36,0.22,-0.62
4.31,-1.72,-0.61,-0.37,0.23,-0.61
4.33,-1.63,-0.42,-0.38,0.24,-0.6
4.37,-1.67,-0.29,-0.38,0.25,-0.59
4.39,-1.63,-0.23,-0.37,0.24,-0.58
4.5,-1.61,-0.21,-0.36,0.23,-0.58
4.54,-1.57,-0.36,-0.34,0.22,-0.57
4.62,-1.53,-0.06,-0.32,0.21,-0.56
4.85,-1.53,-0.36,-0.32,0.21,-0.56
4.87,-1.55,-0.33,-0.31,0.21,-0.56
4.92,-1.55,-0.31,-0.31,0.22,-0.56
4.9,-1.59,-0.23,-0.31,0.23,-0.56
4.9,-1.57,-0.15,-0.31,0.23,-0.56
4.88,-1.44,-0.15,-0.3,0.23,-0.55
4.83,-1.23,-0.04,-0.3,0.23,-0.55
4.85,-1.26,-0.02,-0.29,0.22,-0.54
4.87,-1.23,0.02,-0.28,0.22,-0.53
4.88,-1.28,-0.06,-0.28,0.22,-0.53
4.81,-1.44,-0.11,-0.28,0.23,-0.53
4.73,-1.38,-0.25,-0.27,0.24,-0.54
4.75,-1.38,-0.36,-0.27,0.25,-0.54
4.69,-1.32,-0.44,-0.27,0.26,-0.53
4.69,-1.24,-0.48,-0.27,0.27,-0.52
4.67,-1.21,-0.36,-0.27,0.28,-0.51
4.6,-1.11,-0.36,-0.27,0.28,-0.51
4.56,-0.96,-0.31,-0.26,0.27,-0.5
4.58,-0.88,-0.27,-0.26,0.25,-0.49
4.65,-0.65,-0.19,-0.26,0.23,-0.48
4.5,-0.61,-0.11,-0.27,0.21,-0.48
4.73,-0.46,0.1,-0.28,0.19,-0.47
4.69,-0.44,0.1,-0.3,0.18,-0.47
4.73,-0.36,0.27,-0.3,0.18,-0.47
4.79,-0.38,0.31,-0.3,0.18,-0.48
4.83,-0.38,0.48,-0.29,0.18,-0.48
4.96,-0.36,0.5,-0.27,0.18,-0.49
4.96,-0.44,0.5,-0.24,0.19,-0.51
4.92,-0.54,0.4,-0.21,0.19,-0.52
4.83,-0.69,0.4,-0.2,0.2,-0.54
4.81,-0.73,0.34,-0.19,0.2,-0.55
4.58,-0.92,0.4,-0.2,0.21,-0.56
4.46,-0.92,0.34,-0.2,0.22,-0.57
4.41,-1.02,0.34,-0.19,0.22,-0.57
4.44,-1.02,0.34,-0.18,0.24,-0.57
4.37,-1.05,0.33,-0.17,0.25,-0.57
4.37,-1.0,0.25,-0.16,0.26,-0.57
4.44,-1.0,0.17,-0.16,0.28,-0.56
4.56,-0.98,0.23,-0.18,0.3,-0.56
4.6,-0.88,0.25,-0.19,0.32,-0.57
4.71,-0.84,0.19,-0.2,0.34,-0.57
4.79,-0.75,0.31,-0.2,0.36,-0.57
4.94,-0.57,0.27,-0.19,0.37,-0.58
4.98,-0.46,0.25,-0.16,0.38,-0.59
5.0,-0.42,0.15,-0.14,0.39,-0.59
5.09,-0.27,0.15,-0.12,0.4,-0.59
5.08,-0.13,0.17,-0.1,0.41,-0.58
5.02,0.02,0.17,-0.09,0.42,-0.58
4.88,0.1,0.1,-0.07,0.43,-0.58
4.9,0.19,0.17,-0.05,0.45,-0.58
5.04,0.31,0.02,-0.05,0.47,-0.56
5.32,0.82,-0.25,-0.05,0.49,-0.52
5.84,0.9,-0.13,-0.09,0.52,-0.45
6.42,1.0,0.08,-0.14,0.53,-0.38
7.01,0.84,0.42,-0.18,0.52,-0.32
7.49,0.84,0.56,-0.19,0.45,-0.28
7.66,0.67,0.5,-0.17,0.36,-0.25
7.68,0.65,0.25,-0.15,0.24,-0.21
7.53,0.54,-0.1,-0.11,0.13,-0.17
7.14,0.56,-0.5,-0.08,0.04,-0.11
6.82,0.67,-0.75,-0.05,-0.01,-0.04
6.51,0.71,-0.84,-0.04,-0.03,0.04
6.3,0.79,-0.75,-0.03,-0.01,0.1
6.13,1.0,-0.52,-0.01,0.02,0.16
5.73,1.38,-0.13,0.0,0.07,0.19
5.48,1.49,-0.06,0.02,0.1,0.22
5.19,1.82,0.15,0.03,0.12,0.23
4.83,2.03,0.29,0.01,0.12,0.22
4.5,2.16,0.42,-0.03,0.11,0.2
4.1,2.26,0.48,-0.09,0.1,0.16
3.85,2.32,0.5,-0.17,0.09,0.12
3.77,2.24,0.63,-0.25,0.11,0.09
3.66,2.11,0.77,-0.33,0.14,0.04
3.6,1.99,0.86,-0.4,0.19,0.0
3.62,1.65,0.94,-0.45,0.25,-0.03
3.68,1.38,1.11,-0.49,0.3,-0.06
3.72,1.11,1.19,-0.52,0.36,-0.07
3.77,0.69,1.47,-0.55,0.4,-0.08
3.79,0.38,1.59,-0.56,0.43,-0.07
3.79,0.11,1.78,-0.57,0.44,-0.06
3.89,-0.29,1.92,-0.56,0.43,-0.04
3.91,-0.63,2.11,-0.53,0.4,-0.02
3.98,-0.88,2.13,-0.48,0.36,0.01
4.16,-1.07,2.15,-0.4,0.31,0.04
4.19,-1.15,2.16,-0.3,0.25,0.07
4.23,-1.28,2.15,-0.19,0.2,0.1
4.35,-1.15,1.99,-0.06,0.14,0.13
4.42,-1.23,1.92,0.06,0.09,0.16
4.58,-1.19,1.63,0.19,0.05,0.18
4.69,-1.05,1.51,0.29,0.02,0.2
4.83,-0.86,1.17,0.38,-0.0,0.2
4.92,-0.65,1.0,0.43,-0.02,0.2
5.02,-0.48,0.88,0.47,-0.03,0.2
5.17,-0.33,0.73,0.49,-0.03,0.19
5.32,-0.13,0.67,0.48,-0.03,0.18
5.48,-0.06,0.61,0.46,-0.02,0.17
5.65,0.1,0.54,0.42,-0.01,0.15
5.61,0.1,0.65,0.38,0.01,0.12
5.63,0.21,0.79,0.35,0.03,0.09
5.55,0.31,0.8,0.31,0.04,0.06
5.4,0.44,0.82,0.28,0.05,0.04
5.23,0.57,0.9,0.26,0.05,0.01
5.02,0.63,1.07,0.23,0.05,-0.0
4.75,0.79,1.17,0.21,0.03,-0.01
4.64,0.82,1.28,0.18,0.0,-0.02
4.5,0.86,1.28,0.15,-0.02,-0.01
4.44,0.77,1.26,0.12,-0.05,-0.0
4.52,0.56,1.26,0.09,-0.07,0.01
4.31,0.75,1.3,0.07,-0.08,0.02
4.16,0.57,1.28,0.04,-0.09,0.03
4.04,0.46,1.24,0.01,-0.1,0.04
3.96,0.4,1.19,-0.02,-0.11,0.05
3.96,0.23,1.03,-0.06,-0.12,0.06
3.93,0.11,1.02,-0.1,-0.13,0.07
4.06,0.0,0.88,-0.14,-0.13,0.08
4.16,-0.25,0.71,-0.17,-0.13,0.09
4.29,-0.44,0.69,-0.19,-0.13,0.09
4.46,-0.65,0.59,-0.2,-0.12,0.09
4.58,-0.8,0.52,-0.21,-0.1,0.09
4.73,-0.84,0.52,-0.2,-0.08,0.08
4.9,-0.86,0.57,-0.17,-0.07,0.07
5.0,-0.84,0.52,-0.14,-0.05,0.06
5.15,-0.75,0.57,-0.1,-0.04,0.05
5.17,-0.63,0.59,-0.06,-0.03,0.04
5.25,-0.54,0.57,-0.02,-0.03,0.02
5.27,-0.44,0.56,0.01,-0.03,0.0
5.25,-0.4,0.57,0.02,-0.04,-0.01
5.23,-0.31,0.5,0.03,-0.05,-0.03
5.19,-0.31,0.52,0.02,-0.06,-0.04
5.23,-0.25,0.5,-0.0,-0.07,-0.05
4.98,-0.38,0.57,-0.03,-0.08,-0.06
4.87,-0.48,0.48,-0.05,-0.1,-0.08
4.75,-0.56,0.5,-0.07,-0.11,-0.08
4.65,-0.61,0.56,-0.08,-0.13,-0.09
4.56,-0.59,0.59,-0.09,-0.14,-0.08
4.5,-0.54,0.65,-0.09,-0.15,-0.08
4.54,-0.52,0.63,-0.08,-0.15,-0.08
4.54,-0.54,0.59,-0.07,-0.15,-0.07
4.48,-0.44,0.56,-0.06,-0.15,-0.07
4.6,-0.52,0.54,-0.05,-0.15,-0.06
4.54,-0.5,0.36,-0.04,-0.16,-0.05
4.67,-0.52,0.23,-0.04,-0.16,-0.04
4.71,-0.52,0.17,-0.03,-0.16,-0.03
4.73,-0.56,0.19,-0.03,-0.16,-0.02
4.85,-0.59,0.15,-0.03,-0.15,-0.02
4.92,-0.56,0.21,-0.02,-0.15,-0.01
5.02,-0.69,0.19,-0.01,-0.15,-0.01
5.02,-0.61,0.23,-0.0,-0.14,-0.0
5.09,-0.63,0.27,0.01,-0.13,-0.0
5.15,-0.63,0.31,0.02,-0.12,-0.01
5.13,-0.5,0.31,0.03,-0.11,-0.01
5.19,-0.54,0.38,0.04,-0.11,-0.01
5.19,-0.48,0.23,0.05,-0.1,-0.01
5.25,-0.42,0.15,0.05,-0.1,-0.01
5.27,-0.33,0.23,0.05,-0.09,-0.01
5.34,-0.27,0.06,0.05,-0.09,-0.01
5.27,-0.23,-0.02,0.05,-0.08,-0.01
5.31,-0.17,0.02,0.05,-0.07,-0.01
5.25,-0.19,-0.11,0.05,-0.07,-0.01
5.23,-0.17,-0.29,0.04,-0.07,-0.01
5.17,-0.19,-0.27,0.03,-0.07,-0.01
5.04,-0.19,-0.23,0.02,-0.07,-0.01
5.0,-0.25,-0.33,0.01,-0.07,-0.01
4.88,-0.29,-0.27,-0.0,-0.07,-0.0
4.87,-0.36,-0.29,-0.02,-0.08,0.0
4.79,-0.42,-0.38,-0.03,-0.08,0.01
4.75,-0.44,-0.27,-0.05,-0.08,0.01
4.75,-0.54,-0.17,-0.06,-0.08,0.02
4.77,-0.57,-0.06,-0.07,-0.08,0.02
4.77,-0.65,-0.1,-0.07,-0.08,0.02
4.83,-0.69,0.02,-0.08,-0.09,0.02
4.88,-0.67,0.13,-0.08,-0.09,0.02
4.9,-0.71,0.19,-0.08,-0.08,0.02
4.92,-0.71,0.21,-0.07,-0.08,0.01
5.02,-0.63,0.15,-0.05,-0.08,0.01
5.04,-0.52,0.13,-0.03,-0.07,-0.0
5.06,-0.52,0.19,-0.01,-0.06,-0.01
5.06,-0.48,0.11,0.02,-0.05,-0.02
5.04,-0.31,0.1,0.04,-0.04,-0.02
5.06,-0.29,-0.04,0.06,-0.02,-0.03
5.02,-0.15,0.11,0.08,-0.01,-0.03
5.06,-0.1,0.15,0.09,-0.0,-0.04
5.06,0.0,0.13,0.1,0.0,-0.04
4.96,0.08,0.06,0.09,0.01,-0.04
5.02,0.11,0.08,0.08,0.01,-0.04
5.0,0.17,0.1,0.06,0.02,-0.03
5.06,0.15,0.11,0.04,0.02,-0.03
5.04,0.1,0.04,0.01,0.03,-0.03
5.02,0.1,0.04,-0.01,0.04,-0.02
5.02,0.06,-0.02,-0.03,0.04,-0.02
5.02,0.1,0.04,-0.04,0.05,-0.02
5.06,-0.1,-0.04,-0.04,0.05,-0.01
5.02,-0.13,-0.06,-0.04,0.06,-0.01
5.0,-0.19,-0.1,-0.03,0.06,-0.01
4.9,-0.4,0.11,-0.02,0.07,-0.0
5.02,-0.21,-0.08,-0.01,0.08,0.0
4.98,-0.27,-0.11,-0.0,0.08,0.0
5.04,-0.25,-0.1,0.01,0.09,0.0
5.04,-0.19,0.02,0.01,0.1,0.0
4.98,-0.19,0.0,0.02,0.11,-0.0
4.94,-0.15,-0.04,0.03,0.11,-0.0
4.92,-0.08,0.02,0.03,0.12,-0.0
4.9,-0.1,-0.02,0.03,0.13,-0.01
4.88,-0.04,0.06,0.04,0.14,-0.01
4.87,0.0,0.1,0.04,0.14,-0.01
4.87,0.02,0.19,0.04,0.15,-0.01
4.83,0.08,0.27,0.04,0.16,-0.01
4.83,0.04,0.23,0.04,0.16,-0.01
4.85,0.02,0.25,0.04,0.16,-0.01
4.88,0.02,0.29,0.03,0.16,-0.01
4.79,0.08,0.36,0.03,0.16,-0.01
4.88,0.0,0.38,0.03,0.16,-0.01
4.94,-0.08,0.38,0.04,0.16,-0.01
4.9,0.02,0.48,0.04,0.16,-0.01
4.92,-0.02,0.44,0.04,0.16,-0.01
4.98,0.06,0.48,0.05,0.16,-0.01
4.96,-0.02,0.4,0.05,0.16,-0.01
4.98,0.06,0.4,0.05,0.16,-0.01
5.06,0.1,0.34,0.05,0.16,-0.01
5.02,0.02,0.34,0.05,0.16,-0.01
5.0,0.02,0.33,0.05,0.16,-0.01
5.0,0.04,0.33,0.05,0.16,-0.01
4.98,0.1,0.29,0.04,0.15,-0.01
4.96,0.15,0.33,0.04,0.15,-0.0
4.98,0.1,0.31,0.03,0.15,-0.0
4.98,0.08,0.25,0.03,0.14,0.0
4.94,0.06,0.33,0.02,0.14,0.0
4.98,-0.06,0.38,0.01,0.14,0.0
4.88,0.02,0.4,0.0,0.13,0.01
4.9,-0.02,0.42,-0.0,0.13,0.01
4.88,-0.06,0.56,-0.01,0.13,0.01
4.94,-0.06,0.48,-0.02,0.13,0.01
4.88,-0.1,0.52,-0.03,0.13,0.02
4.85,-0.19,0.57,-0.03,0.12,0.02
4.85,-0.15,0.61,-0.03,0.12,0.02
4.88,-0.25,0.63,-0.02,0.12,0.02
4.83,-0.23,0.69,-0.01,0.12,0.02
4.88,-0.27,0.63,-0.0,0.11,0.02
4.75,-0.27,0.69,0.01,0.11,0.02
4.81,-0.25,0.69,0.02,0.11,0.01
4.81,-0.23,0.63,0.03,0.11,0.01
4.81,-0.19,0.61,0.04,0.1,0.01
4.81,-0.15,0.56,0.05,0.1,0.0
4.79,-0.13,0.59,0.05,0.1,-0.0
4.73,-0.11,0.48,0.05,0.1,-0.0
4.79,-0.06,0.59,0.04,0.1,-0.01
4.75,-0.08,0.56,0.03,0.1,-0.01
4.73,-0.06,0.59,0.02,0.1,-0.01
4.77,-0.1,0.59,0.01,0.1,-0.0
4.71,-0.15,0.59,-0.0,0.1,-0.0
4.67,-0.15,0.61,-0.01,0.09,-0.0
4.77,-0.19,0.65,-0.02,0.09,0.0
4.87,-0.23,0.61,-0.02,0.08,0.0
4.81,-0.27,0.59,-0.02,0.07,0.0
4.85,-0.23,0.73,-0.01,0.07,0.0
4.87,-0.15,0.65,-0.0,0.06,0.0
4.83,-0.21,0.67,0.0,0.05,0.0
4.9,-0.17,0.65,0.01,0.05,0.0
4.87,-0.15,0.67,0.01,0.04,-0.0
4.92,-0.21,0.56,0.02,0.04,-0.0
4.94,-0.13,0.61,0.01,0.04,-0.0
4.92,-0.11,0.57,0.01,0.04,-0.0
4.87,-0.08,0.61,0.0,0.04,-0.01
4.9,-0.11,0.61,0.0,0.03,-0.01
4.88,-0.08,0.59,-0.0,0.03,-0.0
4.92,-0.02,0.59,-0.0,0.03,-0.0
4.9,0.02,0.57,-0.01,0.03,-0.0
4.9,0.02,0.56,-0.01,0.02,-0.0
4.94,0.02,0.57,-0.01,0.02,-0.0
4.9,0.11,0.61,-0.02,0.01,-0.0
4.94,0.11,0.57,-0.02,0.01,0.0
4.92,0.1,0.5,-0.03,0.0,0.0
4.9,0.1,0.48,-0.03,0.0,0.0
4.9,0.1,0.48,-0.04,0.0,0.0
4.94,0.02,0.36,-0.04,0.01,0.01
4.92,0.02,0.34,-0.05,0.01,0.01
4.9,-0.04,0.34,-0.06,0.02,0.01
4.9,-0.17,0.38,-0.06,0.02,0.01
4.87,-0.15,0.33,-0.07,0.03,0.01
4.85,-0.21,0.4,-0.07,0.03,0.01
4.81,-0.25,0.4,-0.07,0.03,0.01
4.81,-0.23,0.34,-0.07,0.03,0.01
4.81,-0.36,0.36,-0.06,0.03,0.01
4.77,-0.34,0.42,-0.06,0.03,0.01
4.73,-0.38,0.44,-0.05,0.03,0.01
4.77,-0.4,0.5,-0.04,0.03,0.01
4.73,-0.36,0.46,-0.03,0.03,0.01
4.81,-0.34,0.54,-0.02,0.03,0.01
4.79,-0.36,0.52,-0.01,0.03,0.01
4.87,-0.36,0.63,-0.0,0.03,0.01
4.88,-0.31,0.61,0.01,0.03,0.0
4.9,-0.21,0.63,0.02,0.04,0.0
4.88,-0.27,0.61,0.03,0.04,-0.0
4.87,-0.17,0.59,0.04,0.04,-0.01
4.9,-0.17,0.57,0.04,0.05,-0.01
4.9,-0.06,0.52,0.05,0.05,-0.01
4.92,-0.06,0.48,0.05,0.05,-0.01
4.94,-0.02,0.48,0.05,0.05,-0.01
4.96,0.0,0.42,0.04,0.05,-0.02
4.9,0.0,0.33,0.04,0.04,-0.01
4.92,-0.02,0.31,0.03,0.04,-0.01
4.94,-0.02,0.34,0.01,0.04,-0.01
4.9,-0.04,0.33,0.0,0.03,-0.0
4.83,-0.23,0.38,-0.01,0.03,-0.0
4.85,-0.13,0.34,-0.02,0.02,0.0
4.9,-0.19,0.31,-0.03,0.02,0.01
4.87,-0.29,0.42,-0.03,0.02,0.01
4.9,-0.33,0.46,-0.03,0.02,0.01
4.88,-0.38,0.36,-0.03,0.03,0.0
4.88,-0.34,0.4,-0.02,0.03,0.0
4.87,-0.25,0.4,-0.01,0.03,0.0
4.9,-0.34,0.44,-0.0,0.04,-0.0
4.94,-0.36,0.46,0.01,0.04,-0.0
4.85,-0.27,0.42,0.02,0.05,-0.0
4.9,-0.27,0.46,0.02,0.05,-0.0
4.9,-0.19,0.44,0.03,0.05,-0.01
4.87,-0.15,0.48,0.03,0.05,-0.01
4.88,-0.21,0.46,0.02,0.06,-0.01
4.88,-0.11,0.4,0.02,0.06,-0.0
4.9,-0.1,0.44,0.02,0.06,-0.0
4.94,-0.1,0.34,0.02,0.06,-0.0
4.88,-0.13,0.5,0.02,0.06,-0.0
4.88,-0.13,0.4,0.01,0.06,0.0
4.9,-0.1,0.46,0.01,0.06,0.0
4.88,-0.13,0.46,0.01,0.06,0.0
4.94,-0.19,0.46,0.01,0.06,0.0
4.88,-0.1,0.44,0.0,0.05,0.0
4.88,-0.13,0.44,0.0,0.06,0.0
4.9,-0.17,0.5,0.0,0.06,0.0
4.87,-0.11,0.44,-0.0,0.06,0.0
4.92,-0.23,0.54,-0.0,0.06,0.0
4.9,-0.15,0.44,-0.0,0.06,0.0
4.87,-0.13,0.52,-0.0,0.05,0.0
4.88,-0.23,0.54,-0.01,0.05,0.0
4.94,-0.15,0.52,-0.01,0.05,0.0
4.94,-0.15,0.52,-0.01,0.05,0.0
4.88,-0.15,0.5,-0.01,0.05,-0.0
4.87,-0.13,0.46,-0.02,0.05,-0.0
4.88,-0.11,0.56,-0.02,0.05,-0.0
4.9,-0.13,0.56,-0.02,0.05,-0.0
4.92,-0.13,0.5,-0.02,0.04,-0.0
4.88,-0.08,0.56,-0.02,0.05,-0.0
4.9,-0.13,0.54,-0.02,0.05,-0.0
4.88,-0.13,0.52,-0.02,0.04,-0.0
4.88,-0.13,0.54,-0.03,0.05,-0.0
4.87,-0.13,0.57,-0.03,0.04,-0.0
4.83,-0.17,0.57,-0.03,0.04,-0.0
4.77,-0.17,0.69,-0.03,0.04,-0.0
4.83,-0.19,0.5,-0.03,0.04,-0.0
4.83,-0.21,0.5,-0.03,0.04,-0.0
4.81,-0.17,0.52,-0.03,0.05,-0.0
4.9,-0.27,0.5,-0.03,0.05,0.0
4.87,-0.23,0.52,-0.03,0.05,-0.0
4.85,-0.15,0.48,-0.03,0.05,-0.0
4.92,-0.17,0.48,-0.03,0.05,-0.0
4.87,-0.23,0.52,-0.03,0.05,-0.0
4.87,-0.21,0.59,-0.03,0.05,-0.01
4.87,-0.11,0.57,-0.03,0.05,-0.01
4.96,-0.13,0.56,-0.03,0.05,-0.01
4.9,-0.1,0.61,-0.03,0.05,-0.01
4.9,-0.11,0.56,-0.03,0.04,-0.01
4.94,-0.06,0.5,-0.03,0.04,-0.02
4.94,-0.11,0.48,-0.03,0.04,-0.02
4.9,-0.13,0.54,-0.03,0.04,-0.02
4.87,-0.06,0.52,-0.04,0.04,-0.02
4.87,-0.04,0.59,-0.04,0.04,-0.02
4.9,-0.06,0.54,-0.05,0.04,-0.01
4.9,-0.04,0.5,-0.05,0.03,-0.01
4.92,-0.11,0.54,-0.05,0.03,-0.01
4.94,-0.04,0.69,-0.06,0.03,-0.01
4.87,-0.13,0.54,-0.06,0.02,-0.01
4.9,-0.17,0.54,-0.05,0.02,-0.01
4.87,-0.13,0.54,-0.05,0.02,-0.0
4.87,-0.19,0.46,-0.05,0.02,-0.0
4.85,-0.19,0.56,-0.04,0.02,-0.0
4.85,-0.15,0.46,-0.03,0.02,-0.0
4.88,-0.15,0.48,-0.03,0.03,-0.0
4.88,-0.19,0.44,-0.02,0.03,-0.0
4.79,-0.19,0.5,-0.02,0.03,-0.0
4.87,-0.17,0.48,-0.02,0.03,-0.0
4.85,-0.19,0.52,-0.01,0.04,0.0
4.88,-0.17,0.48,-0.01,0.04,-0.0
4.85,-0.21,0.46,-0.01,0.04,-0.0
4.87,-0.29,0.59,-0.01,0.04,-0.0
4.9,-0.21,0.56,-0.01,0.04,-0.0
4.88,-0.23,0.56,-0.01,0.04,-0.0
4.87,-0.25,0.54,-0.0,0.04,-0.0
4.87,-0.23,0.65,-0.0,0.04,-0.01
4.94,-0.15,0.54,0.0,0.04,-0.01
4.87,-0.11,0.52,0.0,0.04,-0.01
4.85,-0.08,0.57,0.01,0.04,-0.01
4.83,-0.08,0.57,0.01,0.04,-0.01
4.88,-0.04,0.54,0.01,0.04,-0.01
4.88,-0.13,0.48,0.01,0.04,-0.01
4.9,-0.06,0.5,0.0,0.03,-0.01
4.9,-0.06,0.52,-0.0,0.03,-0.01
4.88,-0.06,0.48,-0.01,0.03,-0.01
4.9,-0.11,0.44,-0.02,0.03,-0.01
4.88,-0.04,0.44,-0.02,0.02,-0.01
4.87,-0.04,0.44,-0.03,0.02,-0.01
4.85,-0.08,0.54,-0.04,0.02,-0.01
4.85,-0.13,0.5,-0.04,0.02,-0.01
4.87,-0.17,0.44,-0.05,0.01,-0.01
4.87,-0.27,0.5,-0.05,0.01,-0.0
4.85,-0.23,0.52,-0.04,0.01,-0.0
4.9,-0.25,0.42,-0.04,0.01,-0.0
4.88,-0.25,0.52,-0.03,0.02,-0.0
4.85,-0.34,0.46,-0.02,0.02,-0.0
4.88,-0.31,0.4,-0.01,0.02,-0.0
4.9,-0.25,0.46,-0.0,0.03,-0.0
4.85,-0.21,0.54,0.0,0.03,-0.01
4.88,-0.21,0.48,0.01,0.04,-0.01
4.77,-0.25,0.42,0.01,0.04,-0.01
4.94,-0.21,0.54,0.01,0.05,-0.01
4.94,-0.17,0.54,0.01,0.05,-0.01
4.87,-0.08,0.52,0.01,0.05,-0.01
4.88,-0.1,0.5,0.01,0.05,-0.01
4.9,-0.13,0.48,0.0,0.05,-0.01
4.88,-0.1,0.56,-0.0,0.05,-0.01
4.9,-0.17,0.52,-0.0,0.05,-0.01
4.88,-0.1,0.52,-0.0,0.04,-0.01
4.9,-0.08,0.46,-0.0,0.04,-0.01
4.88,-0.06,0.46,-0.0,0.04,-0.01
4.83,-0.02,0.48,-0.01,0.04,-0.01
4.88,-0.13,0.56,-0.01,0.03,-0.01
4.85,-0.06,0.44,-0.01,0.03,-0.01
4.88,-0.1,0.44,-0.01,0.03,-0.01
4.88,-0.11,0.5,-0.02,0.03,-0.01
4.88,-0.11,0.5,-0.02,0.03,-0.01
4.92,-0.21,0.44,-0.03,0.03,-0.0
4.88,-0.15,0.48,-0.03,0.03,-0.0
4.96,-0.21,0.48,-0.03,0.03,-0.0
4.96,-0.15,0.5,-0.03,0.04,-0.0
4.94,-0.13,0.42,-0.03,0.03,-0.0
5.02,0.0,0.4,-0.02,0.03,-0.0
4.96,-0.21,0.38,-0.02,0.03,-0.0
4.92,-0.11,0.46,-0.01,0.03,-0.0
4.92,-0.13,0.46,-0.01,0.03,-0.0
4.9,-0.13,0.52,-0.01,0.03,-0.0
4.9,-0.15,0.48,-0.0,0.03,-0.0
4.92,-0.06,0.54,-0.0,0.03,-0.0
4.88,-0.1,0.5,-0.0,0.03,-0.0
4.85,-0.04,0.5,-0.0,0.03,-0.0
4.9,-0.1,0.4,-0.0,0.03,-0.0
4.87,-0.13,0.48,-0.0,0.03,-0.0
4.92,-0.13,0.44,-0.0,0.03,-0.0
4.87,-0.13,0.52,-0.01,0.03,0.0
4.88,-0.17,0.4,-0.01,0.03,0.0
4.88,-0.11,0.52,-0.01,0.03,-0.0
4.85,-0.17,0.56,-0.01,0.03,-0.0
4.88,-0.13,0.46,-0.01,0.03,-0.0
4.88,-0.19,0.5,-0.01,0.03,-0.0
4.85,-0.19,0.48,-0.01,0.04,-0.0
4.85,-0.19,0.5,-0.01,0.04,-0.0
4.85,-0.13,0.56,-0.01,0.04,-0.0
4.85,-0.19,0.52,-0.01,0.04,-0.0
4.87,-0.13,0.59,-0.0,0.04,-0.0
4.85,-0.19,0.59,0.0,0.04,-0.0
4.85,-0.15,0.54,0.0,0.04,-0.0
4.85,-0.13,0.48,0.0,0.04,-0.01
4.9,-0.11,0.5,0.01,0.04,-0.01
4.9,-0.1,0.48,0.01,0.04,-0.0
4.9,-0.13,0.46,0.01,0.04,-0.01
4.94,-0.11,0.52,0.0,0.04,-0.0
4.9,-0.08,0.5,0.0,0.04,-0.0
4.92,-0.11,0.5,0.0,0.04,-0.0
4.88,-0.1,0.46,-0.0,0.04,-0.0
4.92,-0.11,0.46,-0.0,0.03,-0.0
4.9,-0.19,0.42,-0.0,0.03,-0.0
4.92,-0.15,0.48,-0.0,0.03,-0.0
4.9,-0.19,0.44,-0.0,0.03,-0.0
4.9,-0.17,0.52,-0.0,0.03,-0.0
4.88,-0.15,0.36,-0.0,0.03,-0.0
4.9,-0.19,0.46,-0.0,0.03,-0.0
4.88,-0.17,0.52,-0.0,0.03,-0.0
4.85,-0.17,0.46,-0.0,0.03,-0.0
4.88,-0.15,0.48,-0.0,0.03,-0.0
4.85,-0.15,0.5,-0.0,0.03,-0.0
4.79,0.06,0.46,-0.0,0.03,-0.0
4.92,-0.15,0.5,-0.0,0.03,-0.0
4.9,-0.15,0.44,-0.0,0.04,-0.0
4.88,-0.15,0.5,-0.0,0.04,-0.0
4.85,-0.15,0.48,-0.0,0.04,-0.0
4.88,-0.13,0.46,0.0,0.04,-0.0
4.88,-0.17,0.5,0.0,0.04,-0.0
4.9,-0.15,0.4,0.0,0.05,-0.0
4.87,-0.17,0.44,0.0,0.05,-0.0
4.87,-0.15,0.54,0.0,0.05,-0.0
4.88,-0.11,0.5,0.01,0.05,-0.0
4.87,-0.15,0.5,0.01,0.05,-0.0
4.87,-0.19,0.5,0.01,0.05,-0.0
4.88,-0.13,0.44,0.01,0.04,0.0
4.88,-0.17,0.46,0.01,0.04,0.0
4.88,-0.15,0.5,0.01,0.04,0.0
4.9,-0.19,0.46,0.01,0.03,0.0
4.88,-0.15,0.44,0.01,0.03,0.0
4.9,-0.11,0.5,0.01,0.03,0.0
4.87,-0.15,0.48,0.01,0.03,-0.0
4.92,-0.11,0.52,0.01,0.03,-0.0
4.9,-0.15,0.46,0.01,0.03,0.0
4.9,-0.13,0.52,0.01,0.03,0.0
4.85,-0.13,0.52,0.01,0.03,0.0
4.88,-0.1,0.46,0.01,0.03,0.0
4.9,-0.13,0.46,0.0,0.03,0.0
4.85,-0.13,0.42,0.0,0.04,0.0
4.85,-0.15,0.48,0.0,0.04,0.0
4.85,-0.13,0.44,-0.0,0.04,0.0
4.9,-0.23,0.44,-0.0,0.04,0.0
4.87,-0.1,0.54,-0.0,0.04,0.0
4.87,-0.15,0.42,-0.0,0.04,0.0
4.88,-0.15,0.4,-0.0,0.04,0.0
4.88,-0.11,0.46,-0.0,0.04,0.0
4.88,-0.15,0.48,-0.0,0.04,0.0
4.9,-0.11,0.48,-0.0,0.04,0.0
4.85,-0.17,0.44,-0.0,0.04,0.0
4.9,-0.11,0.5,-0.0,0.04,0.0
4.9,-0.19,0.48,0.0,0.04,0.0
4.9,-0.17,0.5,0.0,0.04,0.0
4.9,-0.15,0.48,0.0,0.04,0.0
4.9,-0.17,0.44,0.01,0.04,0.0
4.92,-0.15,0.44,0.01,0.04,0.0
4.88,-0.13,0.69,0.01,0.04,-0.0
4.88,-0.11,0.42,0.01,0.04,0.0
4.87,-0.11,0.46,0.01,0.05,-0.0
4.88,-0.13,0.38,0.01,0.05,-0.0
4.88,-0.15,0.48,0.01,0.05,0.0
4.87,-0.15,0.48,0.01,0.05,0.0
4.85,-0.15,0.48,0.01,0.05,0.0
4.9,-0.15,0.57,0.0,0.05,0.0
4.83,-0.17,0.56,-0.0,0.05,0.01
4.85,-0.21,0.57,-0.01,0.05,0.01
4.88,-0.15,0.57,-0.01,0.05,0.01
4.88,-0.21,0.52,-0.01,0.04,0.01
4.88,-0.21,0.59,-0.0,0.04,0.01
4.88,-0.23,0.57,0.0,0.04,0.01
4.92,-0.21,0.56,0.01,0.04,0.0
4.92,-0.17,0.52,0.01,0.04,0.0
4.9,-0.1,0.56,0.02,0.04,-0.0
4.88,-0.1,0.57,0.02,0.04,-0.0
4.9,-0.08,0.54,0.02,0.04,-0.01
4.88,-0.06,0.5,0.02,0.04,-0.01
4.9,-0.11,0.52,0.02,0.04,-0.0
4.9,-0.08,0.46,0.02,0.04,-0.0
4.79,-0.02,0.57,0.01,0.04,-0.0
4.88,-0.02,0.5,0.01,0.03,-0.0
4.88,-0.1,0.54,0.0,0.03,0.0
4.9,-0.08,0.56,-0.0,0.03,0.0
4.92,-0.08,0.5,-0.01,0.03,0.01
4.9,-0.04,0.46,-0.01,0.03,0.01
4.9,-0.13,0.5,-0.01,0.03,0.01
4.88,-0.1,0.4,-0.01,0.02,0.01
4.87,-0.15,0.44,-0.01,0.02,0.01
4.9,-0.21,0.46,-0.01,0.02,0.01
4.88,-0.13,0.46,-0.01,0.02,0.01
4.88,-0.17,0.48,-0.01,0.02,0.01
4.88,-0.17,0.46,-0.01,0.03,0.01
4.88,-0.23,0.46,-0.01,0.03,0.01
4.9,-0.23,0.48,-0.0,0.03,0.01
4.88,-0.17,0.54,0.0,0.03,0.01
4.87,-0.23,0.4,0.01,0.04,0.01
4.83,-0.17,0.52,0.01,0.04,0.01
4.85,-0.17,0.52,0.02,0.04,0.01
4.85,-0.15,0.57,0.02,0.04,0.01
4.9,-0.13,0.46,0.02,0.04,0.01
4.87,-0.11,0.5,0.03,0.04,0.01
4.87,-0.08,0.52,0.03,0.04,0.01
4.88,-0.13,0.48,0.03,0.04,0.01
4.9,-0.13,0.46,0.03,0.04,0.01
4.88,-0.13,0.44,0.03,0.05,0.01
4.88,-0.17,0.46,0.02,0.05,0.01
4.88,-0.17,0.46,0.02,0.05,0.01
4.88,-0.13,0.44,0.02,0.05,0.01
4.87,-0.13,0.48,0.02,0.05,0.01
4.85,-0.21,0.48,0.02,0.05,0.01
4.87,-0.17,0.46,0.02,0.04,0.01
4.79,-0.21,0.44,0.03,0.04,0.01
4.83,-0.23,0.46,0.03,0.04,0.01
4.88,-0.34,0.44,0.03,0.04,0.01
4.87,-0.29,0.46,0.03,0.04,0.01
4.88,-0.33,0.46,0.04,0.04,0.01
4.87,-0.33,0.48,0.04,0.04,0.01
4.9,-0.4,0.52,0.05,0.04,0.01
4.85,-0.38,0.54,0.06,0.04,0.01
4.87,-0.46,0.52,0.07,0.04,0.01
4.83,-0.42,0.5,0.08,0.04,0.01
4.81,-0.36,0.48,0.09,0.04,0.0
4.85,-0.36,0.5,0.1,0.04,0.0
4.81,-0.42,0.4,0.11,0.04,-0.0
4.9,-0.34,0.46,0.12,0.03,-0.0
4.9,-0.27,0.4,0.13,0.03,-0.01
4.92,-0.25,0.4,0.13,0.03,-0.01
4.9,-0.17,0.34,0.13,0.03,-0.01
4.96,-0.25,0.4,0.13,0.02,-0.01
4.98,-0.21,0.42,0.13,0.02,-0.02
4.98,-0.17,0.46,0.11,0.01,-0.02
5.0,-0.17,0.57,0.1,0.01,-0.03
5.04,-0.29,0.63,0.09,0.0,-0.03
4.96,-0.27,0.71,0.07,-0.01,-0.04
5.04,-0.33,0.75,0.06,-0.02,-0.05
5.04,-0.29,0.86,0.05,-0.03,-0.06
5.04,-0.29,0.9,0.04,-0.05,-0.08
5.02,-0.36,0.96,0.04,-0.07,-0.09
4.96,-0.34,1.02,0.03,-0.1,-0.1
4.94,-0.4,0.92,0.03,-0.13,-0.11
4.9,-0.38,0.92,0.02,-0.16,-0.12
4.87,-0.42,0.84,0.02,-0.19,-0.12
4.71,-0.42,0.79,0.02,-0.21,-0.12
4.75,-0.38,0.69,0.02,-0.22,-0.11
4.62,-0.31,0.5,0.02,-0.23,-0.1
4.69,-0.48,0.34,0.02,-0.23,-0.09
4.73,-0.46,0.21,0.02,-0.22,-0.08
4.73,-0.52,0.08,0.02,-0.2,-0.08
4.73,-0.54,0.04,0.02,-0.17,-0.08
4.75,-0.56,-0.08,0.02,-0.14,-0.08
4.88,-0.56,-0.08,0.03,-0.11,-0.08
4.88,-0.59,-0.13,0.03,-0.09,-0.09
4.83,-0.54,-0.06,0.04,-0.06,-0.09
4.92,-0.46,-0.02,0.06,-0.04,-0.1
4.96,-0.42,-0.04,0.08,-0.02,-0.1
4.98,-0.29,0.08,0.11,-0.0,-0.1
5.04,-0.21,0.15,0.14,0.01,-0.1
5.15,-0.08,0.17,0.17,0.03,-0.1
5.11,0.06,0.15,0.2,0.04,-0.1
5.15,0.19,0.15,0.22,0.05,-0.09
5.17,0.21,0.13,0.24,0.06,-0.09
5.21,0.31,0.08,0.25,0.07,-0.08
5.25,0.42,-0.08,0.25,0.08,-0.07
5.25,0.5,-0.23,0.23,0.09,-0.06
5.23,0.52,-0.36,0.21,0.1,-0.06
5.21,0.52,-0.36,0.17,0.1,-0.05
5.19,0.59,-0.21,0.12,0.1,-0.04
5.15,0.38,-0.44,0.07,0.1,-0.03
5.17,0.33,-0.38,0.02,0.1,-0.03
5.09,0.29,-0.31,-0.03,0.1,-0.02
5.09,0.19,-0.25,-0.07,0.09,-0.02
5.02,0.15,-0.21,-0.09,0.09,-0.02
5.02,0.15,-0.15,-0.11,0.08,-0.02
4.98,0.13,0.0,-0.11,0.08,-0.02
4.98,0.04,0.04,-0.11,0.08,-0.02
4.98,0.15,0.17,-0.1,0.08,-0.02
4.98,0.15,0.23,-0.09,0.08,-0.02
5.09,0.04,0.38,-0.08,0.09,-0.01
4.94,0.11,0.27,-0.07,0.09,-0.01
4.9,0.19,0.23,-0.06,0.1,-0.01
4.92,0.19,0.23,-0.05,0.1,-0.01
4.87,0.31,0.21,-0.05,0.11,-0.0
4.87,0.33,0.25,-0.05,0.12,-0.0
4.79,0.34,0.27,-0.06,0.12,0.0
4.73,0.48,0.38,-0.06,0.13,0.0
4.64,0.5,0.34,-0.07,0.12,0.0
4.64,0.54,0.48,-0.08,0.12,0.0
4.54,0.59,0.54,-0.09,0.11,0.01
4.16,0.63,0.71,-0.1,0.09,0.01
4.48,0.52,0.82,-0.1,0.08,0.02
4.48,0.52,0.88,-0.11,0.06,0.02
4.5,0.56,0.98,-0.1,0.04,0.03
4.48,0.54,1.07,-0.09,0.02,0.03
4.56,0.5,1.21,-0.08,-0.0,0.04
4.56,0.52,1.17,-0.05,-0.02,0.05
4.64,0.4,1.24,-0.02,-0.03,0.05
4.64,0.36,1.32,0.03,-0.04,0.06
4.71,0.31,1.42,0.08,-0.04,0.08
4.73,0.25,1.28,0.14,-0.04,0.09
4.79,0.19,1.24,0.21,-0.04,0.1
4.87,0.19,0.98,0.28,-0.04,0.12
4.88,0.23,0.88,0.36,-0.04,0.14
4.92,0.27,0.79,0.43,-0.03,0.16
4.92,0.33,0.67,0.48,-0.03,0.18
4.94,0.42,0.52,0.54,-0.03,0.21
5.09,0.57,0.48,0.56,-0.04,0.23
5.21,0.8,0.33,0.57,-0.05,0.26
5.29,1.03,0.38,0.54,-0.07,0.28
5.32,1.32,0.33,0.49,-0.09,0.3
5.46,1.49,0.42,0.42,-0.12,0.31
5.55,1.74,0.33,0.33,-0.16,0.32
5.48,1.82,0.52,0.23,-0.19,0.32
5.42,1.95,0.71,0.13,-0.21,0.3
5.27,1.97,0.8,0.03,-0.22,0.29
5.09,2.05,0.9,-0.07,-0.22,0.27
4.87,1.95,1.07,-0.15,-0.2,0.26
4.6,1.86,1.13,-0.21,-0.18,0.25
4.33,1.76,1.19,-0.25,-0.16,0.25
4.27,1.63,1.26,-0.27,-0.14,0.24
4.08,1.46,1.21,-0.28,-0.12,0.24
3.93,1.3,1.28,-0.27,-0.09,0.24
3.79,1.09,1.19,-0.26,-0.06,0.23
3.85,0.8,1.21,-0.24,-0.04,0.23
3.83,0.56,1.07,-0.22,-0.02,0.23
3.96,0.29,1.0,-0.2,-0.01,0.23
4.14,0.13,0.84,-0.18,-0.0,0.23
4.31,-0.17,0.8,-0.16,0.0,0.23
4.48,-0.33,0.79,-0.14,-0.0,0.22
4.71,-0.46,0.79,-0.12,-0.02,0.22
4.94,-0.59,0.82,-0.09,-0.04,0.22
5.08,-0.61,0.84,-0.06,-0.07,0.22
5.31,-0.73,0.8,-0.03,-0.1,0.22
5.54,-0.96,0.71,0.01,-0.12,0.23
5.88,-0.84,0.63,0.05,-0.15,0.23
6.03,-0.82,0.56,0.08,-0.17,0.24
6.17,-0.69,0.48,0.11,-0.19,0.25
6.26,-0.63,0.36,0.14,-0.2,0.26
6.3,-0.48,0.19,0.16,-0.2,0.26
6.3,-0.33,0.08,0.18,-0.21,0.26
6.21,-0.21,-0.19,0.2,-0.2,0.27
6.09,-0.06,-0.23,0.21,-0.19,0.28
6.07,0.11,-0.42,0.22,-0.17,0.3
6.0,0.19,-0.57,0.22,-0.15,0.33
5.92,0.27,-0.8,0.21,-0.14,0.36
5.82,0.25,-0.96,0.19,-0.14,0.39
5.73,0.27,-1.07,0.17,-0.14,0.43
5.69,0.15,-1.23,0.14,-0.15,0.47
5.59,0.08,-1.47,0.1,-0.17,0.51
5.61,-0.11,-1.47,0.05,-0.18,0.56
5.46,-0.42,-1.49,-0.0,-0.18,0.6
5.36,-0.59,-1.49,-0.05,-0.17,0.64
5.23,-0.77,-1.36,-0.1,-0.17,0.67
5.09,-0.82,-1.24,-0.13,-0.17,0.69
5.0,-0.98,-0.94,-0.15,-0.17,0.71
4.81,-1.05,-0.79,-0.17,-0.17,0.73
4.77,-1.11,-0.71,-0.18,-0.17,0.75
4.71,-1.17,-0.61,-0.19,-0.17,0.76
4.65,-1.26,-0.42,-0.2,-0.17,0.78
4.6,-1.28,-0.38,-0.21,-0.17,0.79
4.62,-1.4,-0.31,-0.22,-0.17,0.8
4.64,-1.42,-0.36,-0.22,-0.17,0.8
4.62,-1.42,-0.29,-0.23,-0.16,0.81
4.62,-1.38,-0.29,-0.23,-0.15,0.81
4.64,-1.36,-0.33,-0.23,-0.15,0.81
4.67,-1.36,-0.31,-0.23,-0.13,0.82
4.69,-1.38,-0.25,-0.24,-0.12,0.82
4.73,-1.4,-0.27,-0.24,-0.1,0.83
4.77,-1.46,-0.34,-0.25,-0.07,0.83
4.83,-1.57,-0.38,-0.26,-0.04,0.84
4.83,-1.69,-0.36,-0.27,-0.0,0.84
4.77,-1.74,-0.31,-0.28,0.03,0.85
4.77,-1.84,-0.33,-0.28,0.05,0.85
4.67,-1.92,-0.19,-0.28,0.06,0.85
4.62,-2.07,-0.31,-0.27,0.07,0.84
4.46,-2.05,-0.31,-0.24,0.07,0.84
4.12,-2.22,-0.31,-0.22,0.07,0.84
4.16,-2.2,-0.36,-0.19,0.06,0.84
4.02,-2.24,-0.46,-0.17,0.05,0.84
3.83,-2.18,-0.46,-0.15,0.05,0.84
3.7,-2.2,-0.48,-0.13,0.04,0.85
3.6,-2.22,-0.56,-0.11,0.03,0.85
3.52,-2.28,-0.57,-0.1,0.03,0.86
3.41,-2.34,-0.59,-0.1,0.02,0.87
3.35,-2.32,-0.71,-0.11,0.01,0.88
3.26,-2.36,-0.65,-0.11,0.01,0.88
3.22,-2.49,-0.69,-0.13,0.0,0.89
3.18,-2.57,-0.63,-0.14,-0.01,0.9
3.18,-2.64,-0.56,-0.15,-0.02,0.91
3.26,-2.72,-0.54,-0.15,-0.03,0.91
3.28,-2.74,-0.48,-0.14,-0.05,0.91
3.28,-2.82,-0.4,-0.14,-0.07,0.91
3.45,-2.82,-0.4,-0.13,-0.09,0.91
3.49,-2.91,-0.38,-0.13,-0.1,0.9
3.56,-2.83,-0.42,-0.12,-0.1,0.9
3.75,-2.93,-0.5,-0.12,-0.1,0.88
3.73,-2.89,-0.56,-0.12,-0.08,0.87
3.77,-2.89,-0.56,-0.13,-0.07,0.85
3.83,-2.87,-0.69,-0.13,-0.05,0.84
3.96,-2.83,-0.57,-0.14,-0.03,0.84
3.98,-2.87,-0.57,-0.14,-0.02,0.83
4.06,-2.89,-0.59,-0.14,-0.0,0.82
4.1,-2.87,-0.63,-0.14,0.01,0.82
4.18,-2.87,-0.65,-0.14,0.02,0.82
4.18,-2.8,-0.54,-0.14,0.02,0.82
4.16,-2.76,-0.5,-0.15,0.03,0.82
4.14,-2.78,-0.5,-0.16,0.03,0.82
4.12,-2.76,-0.52,-0.17,0.03,0.81
4.08,-2.83,-0.5,-0.19,0.03,0.81
4.02,-2.87,-0.44,-0.2,0.03,0.8
3.93,-2.93,-0.38,-0.2,0.04,0.8
3.87,-2.99,-0.34,-0.19,0.05,0.79
3.7,-3.06,-0.36,-0.17,0.07,0.78
3.62,-3.22,-0.36,-0.14,0.08,0.78
3.37,-3.26,-0.42,-0.12,0.08,0.78
3.28,-3.41,-0.38,-0.08,0.08,0.78
3.12,-3.41,-0.44,-0.04,0.08,0.78
3.05,-3.52,-0.42,0.01,0.07,0.79
2.95,-3.54,-0.61,0.05,0.06,0.79
2.95,-3.64,-0.54,0.08,0.05,0.79
2.89,-3.93,-0.63,0.11,0.04,0.79
2.93,-3.72,-0.59,0.13,0.05,0.78
2.93,-3.73,-0.5,0.15,0.05,0.77
2.97,-3.83,-0.46,0.16,0.06,0.76
2.95,-3.81,-0.48,0.17,0.06,0.76
3.01,-3.85,-0.33,0.18,0.07,0.75
3.05,-3.87,-0.29,0.18,0.07,0.74
3.12,-3.83,-0.19,0.19,0.07,0.73
3.14,-3.79,-0.13,0.21,0.07,0.72
3.2,-3.81,-0.19,0.22,0.07,0.7
3.28,-3.7,-0.1,0.24,0.07,0.68
3.22,-3.75,-0.08,0.26,0.08,0.66
3.22,-3.73,0.06,0.28,0.08,0.64
3.12,-3.77,-0.11,0.3,0.08,0.62
3.16,-3.81,-0.11,0.31,0.09,0.6
3.16,-3.91,-0.11,0.33,0.09,0.58
3.06,-4.0,-0.11,0.35,0.1,0.56
2.95,-4.02,-0.11,0.36,0.11,0.54
2.85,-4.12,-0.15,0.37,0.12,0.52
2.76,-4.21,-0.06,0.37,0.14,0.5
2.68,-4.29,-0.04,0.37,0.15,0.48
2.53,-4.5,0.02,0.37,0.17,0.46
2.47,-4.44,0.04,0.37,0.18,0.44
2.32,-4.54,0.0,0.36,0.19,0.42
2.3,-4.56,0.04,0.35,0.19,0.41
2.24,-4.6,0.06,0.35,0.19,0.4
2.11,-4.69,0.11,0.34,0.19,0.39
2.09,-4.69,0.1,0.34,0.19,0.38
2.05,-4.71,0.1,0.35,0.18,0.37
1.97,-4.75,0.1,0.36,0.17,0.37
2.03,-4.71,0.04,0.37,0.15,0.38
2.01,-4.71,0.13,0.39,0.14,0.39
2.07,-4.71,0.19,0.4,0.12,0.4
2.22,-4.69,0.13,0.41,0.11,0.42
2.26,-4.65,0.1,0.41,0.09,0.44
2.36,-4.64,0.08,0.39,0.07,0.46
2.39,-4.56,0.02,0.37,0.05,0.47
2.39,-4.37,0.13,0.33,0.02,0.48
2.43,-4.31,0.13,0.28,-0.0,0.48
2.47,-4.31,0.08,0.23,-0.03,0.48
2.41,-4.18,0.08,0.17,-0.05,0.48
2.34,-4.21,0.0,0.12,-0.06,0.47
2.34,-4.14,-0.02,0.06,-0.07,0.46
2.3,-4.0,0.04,0.02,-0.07,0.46
2.18,-4.12,0.02,-0.02,-0.07,0.46
1.99,-4.04,0.02,-0.04,-0.06,0.46
2.01,-4.0,0.0,-0.06,-0.05,0.47
1.9,-4.02,0.04,-0.07,-0.04,0.48
1.9,-4.0,0.06,-0.08,-0.02,0.49
1.86,-4.02,0.06,-0.07,-0.0,0.49
1.78,-4.06,0.17,-0.06,0.02,0.5
1.78,-4.0,0.11,-0.05,0.04,0.51
1.8,-4.1,0.1,-0.03,0.07,0.51
1.82,-4.16,0.15,-0.01,0.1,0.51
1.82,-4.19,0.08,0.01,0.13,0.51
1.97,-4.27,0.17,0.04,0.16,0.5
1.97,-4.29,0.13,0.06,0.18,0.49
2.03,-4.39,0.02,0.09,0.21,0.48
2.07,-4.48,0.0,0.11,0.22,0.47
2.01,-4.52,0.04,0.13,0.23,0.45
1.93,-4.5,0.0,0.14,0.23,0.44
1.93,-4.69,-0.08,0.15,0.22,0.43
1.78,-4.67,-0.08,0.16,0.2,0.42
1.69,-4.75,-0.15,0.16,0.19,0.41
1.61,-4.71,-0.15,0.15,0.17,0.4
1.49,-4.71,-0.19,0.15,0.15,0.4
1.36,-4.64,-0.25,0.15,0.13,0.4
1.32,-4.65,-0.21,0.14,0.13,0.41
1.3,-4.52,-0.29,0.14,0.12,0.41
1.26,-4.27,-0.36,0.12,0.12,0.42
1.23,-4.27,-0.44,0.1,0.12,0.42
1.21,-4.16,-0.48,0.07,0.13,0.42
1.21,-4.1,-0.36,0.04,0.14,0.42
1.26,-4.06,-0.34,0.0,0.15,0.42
1.19,-4.16,-0.27,-0.02,0.16,0.42
1.11,-4.14,-0.29,-0.04,0.18,0.43
1.28,-4.19,-0.21,-0.06,0.21,0.45
1.24,-4.16,-0.13,-0.07,0.23,0.46
1.32,-4.12,-0.06,-0.07,0.24,0.46
1.44,-4.21,0.04,-0.07,0.26,0.46
1.38,-4.25,0.11,-0.06,0.28,0.45
1.47,-4.31,0.23,-0.05,0.29,0.45
1.51,-4.33,0.19,-0.03,0.3,0.44
1.42,-4.33,0.23,-0.01,0.3,0.44
1.42,-4.41,0.21,0.01,0.3,0.43
1.49,-4.46,0.21,0.03,0.3,0.43
1.55,-4.48,0.15,0.03,0.29,0.43
1.51,-4.44,0.08,0.04,0.28,0.42
1.42,-4.56,0.08,0.04,0.28,0.42
1.36,-4.64,0.0,0.04,0.27,0.42
1.3,-4.62,0.15,0.04,0.26,0.42
1.34,-4.73,0.02,0.04,0.25,0.42
1.17,-4.75,0.08,0.04,0.25,0.43
1.21,-4.81,0.11,0.05,0.25,0.44
1.26,-4.92,0.17,0.06,0.25,0.46
1.26,-4.9,0.17,0.08,0.26,0.47
1.38,-5.08,0.29,0.09,0.26,0.47
1.34,-5.17,0.31,0.1,0.27,0.47
1.32,-5.21,0.34,0.11,0.28,0.47
1.49,-5.31,0.34,0.12,0.28,0.47
1.49,-5.42,0.4,0.13,0.29,0.46
1.34,-5.46,0.38,0.13,0.3,0.43
1.46,-5.48,0.38,0.14,0.31,0.43
1.3,-5.52,0.36,0.14,0.32,0.42
1.19,-5.54,0.33,0.13,0.32,0.41
1.19,-5.52,0.31,0.12,0.33,0.41
1.17,-5.5,0.42,0.11,0.32,0.4
1.05,-5.44,0.48,0.11,0.32,0.38
1.03,-5.19,0.4,0.1,0.31,0.36
1.02,-5.21,0.38,0.1,0.31,0.35
0.94,-5.29,0.4,0.1,0.3,0.33
0.84,-5.17,0.29,0.1,0.3,0.31
0.84,-5.17,0.31,0.11,0.3,0.3
0.65,-5.04,0.36,0.11,0.3,0.28
0.57,-5.06,0.42,0.12,0.3,0.26
0.44,-4.98,0.4,0.12,0.29,0.25
0.31,-4.98,0.46,0.14,0.29,0.24
0.21,-4.92,0.54,0.15,0.29,0.23
0.15,-4.9,0.59,0.17,0.29,0.22
-0.02,-4.85,0.56,0.19,0.29,0.21
-0.15,-4.83,0.61,0.21,0.29,0.21
-0.29,-4.83,0.67,0.22,0.29,0.21
-0.42,-4.77,0.63,0.24,0.28,0.21
-0.56,-4.79,0.71,0.26,0.27,0.21
-0.67,-4.85,0.73,0.27,0.26,0.21
-0.82,-4.85,0.77,0.28,0.25,0.22
-0.88,-4.81,0.8,0.29,0.23,0.23
-1.0,-4.81,0.77,0.29,0.21,0.24
-1.13,-4.75,0.8,0.28,0.19,0.25
-1.13,-4.83,0.8,0.27,0.17,0.26
-1.21,-4.77,0.67,0.25,0.15,0.27
-1.13,-4.87,0.86,0.24,0.14,0.27
-1.23,-4.96,0.94,0.22,0.13,0.28
-1.23,-5.0,1.05,0.2,0.11,0.28
-1.23,-5.06,1.05,0.19,0.1,0.29
-1.21,-5.08,1.09,0.17,0.08,0.28
-1.13,-5.08,1.13,0.16,0.07,0.28
-1.03,-5.23,1.13,0.15,0.05,0.28
-1.0,-5.25,1.17,0.15,0.04,0.27
-0.88,-5.31,1.28,0.15,0.02,0.26
-0.9,-5.34,1.21,0.15,0.01,0.24
-0.88,-5.34,1.11,0.15,-0.01,0.23
-0.86,-5.34,1.07,0.16,-0.01,0.21
-0.8,-5.25,1.05,0.17,-0.02,0.19
-0.77,-5.15,1.15,0.18,-0.01,0.17
-0.75,-4.98,1.19,0.19,0.01,0.16
-0.77,-4.9,1.23,0.2,0.04,0.15
-0.75,-4.83,1.17,0.2,0.07,0.14
-0.73,-4.75,1.32,0.2,0.09,0.13
-0.77,-4.73,1.36,0.21,0.11,0.12
-0.79,-4.65,1.42,0.22,0.11,0.12
-0.94,-4.41,1.24,0.23,0.11,0.12
-0.77,-4.31,1.47,0.24,0.11,0.12
-0.65,-4.25,1.36,0.25,0.11,0.12
-0.61,-4.16,1.28,0.24,0.11,0.13
-0.52,-4.1,1.24,0.23,0.12,0.13
-0.48,-4.16,1.23,0.2,0.12,0.13
-0.42,-4.14,1.03,0.17,0.11,0.12
-0.34,-4.16,1.13,0.13,0.11,0.12
-0.33,-4.21,0.98,0.09,0.1,0.12
-0.25,-4.31,0.98,0.06,0.1,0.11
-0.19,-4.41,0.9,0.02,0.09,0.11
-0.1,-4.37,0.92,-0.0,0.09,0.1
0.0,-4.42,0.84,-0.03,0.08,0.1
-0.04,-4.5,0.8,-0.05,0.08,0.09
-0.04,-4.5,0.84,-0.06,0.08,0.08
0.0,-4.6,0.82,-0.07,0.08,0.08
0.0,-4.65,0.77,-0.08,0.07,0.08
0.0,-4.65,0.84,-0.08,0.06,0.07
-0.04,-4.65,0.8,-0.08,0.05,0.06
-0.02,-4.75,0.82,-0.08,0.04,0.06
0.02,-4.77,0.9,-0.08,0.03,0.05
0.0,-4.81,0.88,-0.07,0.02,0.04
0.04,-4.88,1.11,-0.06,0.01,0.03
-0.02,-4.87,1.02,-0.04,-0.01,0.03
-0.02,-4.81,0.98,-0.03,-0.02,0.02
0.02,-4.69,1.09,-0.01,-0.03,0.01
0.04,-4.79,1.07,0.01,-0.03,0.01
0.02,-4.73,1.02,0.03,-0.04,0.0
0.11,-4.67,1.0,0.05,-0.04,-0.01
0.06,-4.65,1.02,0.05,-0.05,-0.01
0.13,-4.64,0.96,0.06,-0.05,-0.02
0.11,-4.56,0.98,0.06,-0.05,-0.03
0.13,-4.42,0.94,0.05,-0.05,-0.04
0.13,-4.44,0.94,0.04,-0.05,-0.05
0.13,-4.44,1.02,0.03,-0.05,-0.06
0.13,-4.44,1.03,0.01,-0.04,-0.06
0.11,-4.44,1.05,-0.01,-0.03,-0.07
0.04,-4.44,1.13,-0.03,-0.03,-0.07
0.08,-4.52,1.11,-0.06,-0.02,-0.07
0.04,-4.62,1.09,-0.08,-0.01,-0.06
0.02,-4.67,1.17,-0.1,-0.01,-0.05
0.02,-4.75,1.13,-0.12,-0.0,-0.05
-0.06,-4.73,1.21,-0.13,-0.0,-0.04
0.0,-4.77,1.26,-0.14,-0.0,-0.03
-0.06,-4.85,1.34,-0.15,-0.0,-0.02
-0.04,-4.92,1.32,-0.15,-0.01,-0.01
-0.02,-4.98,1.28,-0.15,-0.01,-0.0
-0.02,-4.94,1.32,-0.14,-0.01,0.0
-0.06,-4.94,1.28,-0.13,-0.01,0.01
-0.13,-4.96,1.28,-0.12,-0.01,0.01
-0.15,-4.94,1.23,-0.11,-0.02,0.01
-0.11,-4.83,1.24,-0.1,-0.02,0.01
-0.25,-4.85,1.19,-0.1,-0.02,0.01
-0.25,-4.83,1.09,-0.09,-0.02,0.01
-0.25,-4.81,1.11,-0.09,-0.02,0.0
-0.23,-4.81,1.03,-0.08,-0.02,-0.0
-0.19,-4.77,1.0,-0.07,-0.02,-0.0
-0.17,-4.77,0.98,-0.07,-0.03,-0.01
-0.17,-4.81,0.96,-0.07,-0.03,-0.01
-0.15,-4.79,0.9,-0.06,-0.03,-0.01
-0.13,-4.79,0.9,-0.06,-0.03,-0.01
-0.08,-4.79,0.84,-0.06,-0.03,-0.01
0.02,-4.81,0.86,-0.06,-0.03,-0.0
0.06,-4.77,0.84,-0.06,-0.03,-0.0
0.1,-4.75,0.82,-0.06,-0.03,0.0
0.11,-4.79,0.77,-0.06,-0.03,0.0
0.23,-4.77,0.8,-0.06,-0.02,0.0
0.19,-4.77,0.75,-0.06,-0.02,0.0
0.27,-4.87,0.75,-0.06,-0.02,0.0
0.27,-4.79,0.73,-0.06,-0.02,0.0
0.21,-4.81,0.75,-0.05,-0.02,-0.0
0.27,-4.87,0.75,-0.05,-0.02,-0.0
0.23,-4.83,0.71,-0.05,-0.02,-0.01
0.25,-4.87,0.77,-0.04,-0.02,-0.01
0.21,-4.85,0.79,-0.04,-0.02,-0.01
0.17,-4.88,0.77,-0.04,-0.02,-0.01
0.23,-4.9,0.73,-0.03,-0.02,-0.01
0.19,-4.81,0.73,-0.03,-0.01,-0.01
0.13,-4.87,0.73,-0.03,-0.01,-0.01
0.15,-4.88,0.71,-0.04,-0.0,-0.01
0.13,-4.87,0.71,-0.04,0.0,-0.01
0.15,-4.92,0.71,-0.04,0.0,-0.01
0.19,-4.94,0.71,-0.04,0.0,-0.01
0.17,-4.96,0.77,-0.04,0.0,-0.01
0.11,-4.96,0.71,-0.04,0.0,-0.01
0.08,-4.9,0.79,-0.03,0.0,-0.02
0.1,-4.92,0.8,-0.03,0.0,-0.02
0.21,-4.87,0.84,-0.03,0.0,-0.02
0.1,-4.83,0.77,-0.02,-0.0,-0.02
0.11,-4.83,0.82,-0.02,-0.01,-0.02
0.06,-4.79,0.8,-0.02,-0.01,-0.02
0.04,-4.77,0.79,-0.02,-0.01,-0.02
0.1,-4.77,0.82,-0.02,-0.01,-0.02
0.02,-4.75,0.82,-0.02,-0.01,-0.02
0.1,-4.73,0.79,-0.03,-0.01,-0.02
0.08,-4.75,0.82,-0.03,-0.01,-0.02
0.06,-4.69,0.82,-0.03,-0.01,-0.01
0.13,-4.75,0.82,-0.03,-0.01,-0.01
0.11,-4.77,0.92,-0.03,-0.0,-0.01
0.06,-4.73,0.92,-0.03,-0.0,-0.0
0.1,-4.75,0.9,-0.03,-0.0,-0.0
0.19,-4.79,0.92,-0.03,0.0,0.0
0.13,-4.79,0.92,-0.02,0.0,0.0
0.13,-4.85,0.92,-0.02,0.0,0.0
0.11,-4.81,0.9,-0.02,0.0,0.01
0.15,-4.87,0.86,-0.01,-0.0,0.01
0.11,-4.85,0.96,-0.01,-0.0,0.01
0.06,-4.85,0.88,-0.0,-0.0,0.01
0.13,-4.83,0.86,0.0,0.0,0.01
0.15,-4.87,0.84,0.01,0.0,0.01
0.15,-4.9,0.88,0.01,0.01,0.01
0.19,-4.9,0.86,0.01,0.01,0.01
0.11,-4.92,0.92,0.01,0.01,0.01
0.13,-4.88,0.92,0.01,0.01,0.0
0.13,-4.92,0.96,0.0,0.02,0.0
0.06,-4.85,1.0,0.0,0.02,-0.0
0.04,-4.81,0.92,0.0,0.02,-0.0
0.04,-4.83,0.92,0.0,0.02,-0.01
0.0,-4.83,0.9,0.0,0.01,-0.01
0.0,-4.81,0.86,0.0,0.01,-0.01
0.02,-4.85,0.9,0.0,0.01,-0.01
-0.06,-4.75,0.88,0.0,0.0,-0.01
0.0,-4.77,0.82,0.0,-0.0,-0.01
0.02,-4.79,0.84,0.0,-0.0,-0.0
0.02,-4.79,0.79,-0.0,-0.0,0.0
0.0,-4.75,0.79,-0.0,-0.0,0.0
0.02,-4.77,0.75,-0.01,-0.0,0.0
0.04,-4.71,0.75,-0.01,0.0,0.01
0.06,-4.75,0.77,-0.01,0.0,0.01
0.06,-4.77,0.8,-0.02,0.01,0.01
0.06,-4.77,0.86,-0.02,0.01,0.0
0.1,-4.73,0.79,-0.02,0.01,0.0
0.11,-4.79,0.86,-0.03,0.02,0.0
0.1,-4.79,0.79,-0.03,0.02,0.0
0.06,-4.79,0.84,-0.03,0.03,-0.0
0.04,-4.77,0.82,-0.03,0.03,-0.0
0.02,-4.79,0.84,-0.04,0.03,-0.0
0.06,-4.81,0.82,-0.04,0.03,-0.0
0.06,-4.77,0.84,-0.04,0.03,-0.0
0.0,-4.77,0.79,-0.04,0.03,-0.01
0.02,-4.79,0.84,-0.04,0.03,-0.01
0.06,-4.81,0.79,-0.04,0.03,-0.01
0.04,-4.81,0.88,-0.04,0.03,-0.01
0.06,-4.77,0.86,-0.04,0.03,-0.01
0.06,-4.79,0.82,-0.04,0.03,-0.01
0.02,-4.87,0.9,-0.04,0.03,-0.01
0.06,-4.81,0.88,-0.03,0.04,-0.01
0.04,-4.85,0.84,-0.03,0.04,-0.01
0.1,-4.87,0.79,-0.03,0.04,-0.01
0.13,-4.87,0.88,-0.02,0.04,-0.01
0.15,-4.83,0.88,-0.02,0.04,-0.01
0.11,-4.83,0.86,-0.02,0.04,-0.01
0.1,-4.81,0.86,-0.02,0.04,-0.01
0.11,-5.08,0.94,-0.02,0.05,-0.01
0.11,-4.83,0.82,-0.02,0.05,-0.01
0.13,-4.77,0.8,-0.02,0.05,-0.01
0.1,-4.79,0.8,-0.02,0.05,-0.01
0.1,-4.79,0.8,-0.02,0.05,-0.01
0.1,-4.75,0.84,-0.03,0.05,-0.01
0.1,-4.79,0.77,-0.03,0.05,-0.01
0.02,-4.85,0.75,-0.03,0.05,-0.01
0.1,-4.83,0.75,-0.03,0.05,-0.01
0.02,-4.79,0.82,-0.03,0.05,-0.01
0.04,-4.81,0.73,-0.03,0.05,-0.01
0.02,-4.83,0.77,-0.04,0.05,-0.01
0.02,-4.85,0.69,-0.04,0.05,-0.01
0.0,-4.87,0.73,-0.04,0.05,-0.01
0.0,-4.85,0.59,-0.05,0.05,-0.01
0.0,-4.81,0.75,-0.05,0.05,-0.01
0.0,-4.81,0.77,-0.05,0.05,-0.01
0.0,-4.77,0.71,-0.05,0.05,-0.01
0.02,-4.77,0.8,-0.04,0.05,-0.01
0.0,-4.79,0.8,-0.04,0.05,-0.01
0.04,-4.77,0.8,-0.04,0.05,-0.01
0.1,-4.75,0.84,-0.05,0.05,-0.01
0.13,-4.75,1.03,-0.05,0.05,-0.02
0.13,-4.69,0.84,-0.05,0.05,-0.02
0.13,-4.75,0.84,-0.05,0.05,-0.02
0.1,-4.77,0.8,-0.06,0.06,-0.02
0.08,-4.69,0.79,-0.06,0.06,-0.02
0.08,-4.71,0.77,-0.06,0.06,-0.02
0.04,-4.73,0.71,-0.07,0.06,-0.02
0.06,-4.73,0.8,-0.07,0.06,-0.02
0.1,-4.73,0.75,-0.08,0.06,-0.01
0.1,-4.83,0.8,-0.08,0.06,-0.01
0.08,-4.77,0.67,-0.09,0.06,-0.01
0.08,-4.81,0.8,-0.09,0.06,-0.01
0.04,-4.85,0.77,-0.1,0.06,-0.01
0.02,-4.77,0.8,-0.1,0.06,-0.01
0.04,-4.88,0.82,-0.1,0.06,-0.01
0.0,-4.88,0.75,-0.1,0.06,-0.01
0.0,-4.92,0.75,-0.1,0.06,-0.01
0.0,-4.96,0.67,-0.1,0.06,-0.01
0.04,-4.9,0.75,-0.09,0.05,-0.01
0.0,-4.94,0.75,-0.09,0.05,-0.01
0.02,-4.96,0.73,-0.08,0.05,-0.01
0.06,-5.0,0.67,-0.07,0.05,-0.01
0.0,-4.9,0.8,-0.07,0.04,-0.01
0.04,-4.94,0.73,-0.06,0.04,-0.01
0.06,-4.88,0.71,-0.05,0.04,-0.01
0.08,-4.83,0.71,-0.05,0.03,-0.0
0.06,-4.81,0.69,-0.04,0.03,-0.0
0.08,-4.85,0.77,-0.04,0.03,-0.0
0.13,-4.83,0.69,-0.04,0.03,-0.0
0.11,-4.81,0.75,-0.04,0.03,-0.0
0.15,-4.81,0.71,-0.04,0.03,-0.0
0.11,-4.79,0.77,-0.04,0.04,-0.0
0.08,-4.79,0.77,-0.05,0.04,-0.0
0.11,-4.81,0.67,-0.05,0.04,-0.0
0.13,-4.75,0.77,-0.05,0.04,-0.0
0.08,-4.83,0.67,-0.05,0.04,-0.0
0.08,-4.83,0.69,-0.05,0.04,0.0
0.06,-4.88,0.59,-0.05,0.04,0.0
0.08,-4.92,0.69,-0.05,0.03,0.0
0.13,-4.88,0.65,-0.05,0.03,0.0
0.08,-4.9,0.69,-0.04,0.03,0.0
0.08,-4.9,0.67,-0.04,0.03,0.0
0.13,-4.88,0.59,-0.03,0.03,0.0
0.08,-4.85,0.63,-0.03,0.03,0.0
0.13,-4.83,0.59,-0.03,0.03,0.0
0.1,-4.85,0.63,-0.03,0.03,0.0
0.1,-4.79,0.65,-0.03,0.03,0.0
0.08,-4.75,0.73,-0.03,0.03,0.0
0.06,-4.81,0.65,-0.04,0.04,0.0
0.04,-4.75,0.65,-0.04,0.04,0.0
0.08,-4.83,0.71,-0.04,0.04,0.0
0.04,-4.81,0.61,-0.05,0.04,0.0
0.06,-4.81,0.65,-0.05,0.04,0.0
0.04,-4.87,0.59,-0.05,0.04,0.0
0.06,-4.85,0.56,-0.06,0.04,0.0
0.08,-4.88,0.63,-0.06,0.03,0.01
0.04,-4.83,0.71,-0.06,0.03,0.01
0.06,-4.83,0.59,-0.06,0.03,0.01
0.04,-4.9,0.61,-0.05,0.03,0.01
0.04,-4.9,0.63,-0.05,0.03,0.01
0.08,-4.94,0.65,-0.04,0.03,0.01
0.08,-4.9,0.67,-0.04,0.03,0.0
0.1,-4.9,0.63,-0.03,0.03,0.0
0.08,-4.96,0.56,-0.02,0.02,0.0
0.02,-4.87,0.52,-0.02,0.02,0.0
0.08,-4.88,0.59,-0.02,0.02,0.0
0.06,-4.83,0.61,-0.01,0.02,0.0
0.06,-4.83,0.59,-0.01,0.02,0.0
0.08,-4.87,0.65,-0.01,0.03,0.0
0.04,-4.88,0.56,-0.01,0.03,0.0
0.02,-4.79,0.63,-0.02,0.03,0.0
0.02,-4.88,0.59,-0.02,0.03,0.0
0.04,-4.9,0.59,-0.02,0.03,0.0
0.02,-4.81,0.57,-0.02,0.03,0.0
0.04,-4.81,0.59,-0.02,0.03,0.0
0.11,-4.85,0.67,-0.02,0.03,0.0
0.06,-4.81,0.59,-0.02,0.03,0.0
0.04,-4.87,0.65,-0.02,0.04,0.0
0.08,-4.81,0.57,-0.02,0.04,0.0
0.04,-4.83,0.59,-0.01,0.04,0.0
0.1,-4.85,0.54,-0.01,0.04,0.0
0.08,-4.85,0.61,-0.01,0.04,0.0
0.04,-4.81,0.63,-0.01,0.04,0.0
0.1,-4.87,0.57,-0.01,0.04,0.0
0.06,-4.85,0.69,-0.01,0.03,0.0
0.06,-4.87,0.61,-0.01,0.03,0.0
0.08,-4.85,0.65,-0.01,0.03,0.0
0.08,-4.88,0.69,-0.01,0.03,0.0
0.08,-4.83,0.59,-0.0,0.04,0.0
0.08,-4.88,0.65,-0.0,0.03,0.0
0.08,-4.85,0.59,-0.0,0.03,-0.0
0.15,-4.88,0.59,-0.0,0.03,-0.0
0.11,-4.87,0.65,0.0,0.03,-0.0
0.1,-4.87,0.61,0.0,0.03,-0.0
0.08,-4.83,0.59,0.0,0.04,-0.0
0.02,-4.83,0.59,0.0,0.04,-0.0
0.04,-4.83,0.59,0.0,0.04,-0.0
0.08,-4.81,0.61,0.0,0.04,-0.0
0.02,-4.88,0.67,-0.0,0.04,0.0
0.02,-4.83,0.65,-0.0,0.04,0.0
0.02,-4.87,0.65,-0.0,0.04,0.0
0.04,-4.83,0.71,-0.0,0.04,0.0
0.06,-4.88,0.65,-0.0,0.04,0.0
0.06,-4.92,0.61,-0.0,0.04,0.0
0.02,-4.87,0.65,0.0,0.04,0.0
0.06,-4.9,0.61,0.0,0.04,0.0
0.06,-4.92,0.57,0.0,0.04,0.0
0.02,-4.88,0.67,0.01,0.04,0.0
-0.02,-5.0,0.57,0.01,0.04,0.0
0.1,-4.92,0.61,0.01,0.03,-0.0
0.1,-4.9,0.61,0.02,0.03,0.0
0.02,-4.88,0.57,0.02,0.03,0.0
0.02,-4.83,0.57,0.02,0.03,0.0
0.06,-4.83,0.65,0.02,0.03,0.0
0.08,-4.87,0.59,0.02,0.03,0.0
0.02,-4.81,0.63,0.02,0.03,0.0
0.02,-4.77,0.61,0.02,0.03,0.0
0.06,-4.81,0.65,0.02,0.03,0.0
0.0,-4.81,0.59,0.02,0.03,0.0
0.04,-4.81,0.61,0.01,0.03,0.0
0.06,-4.81,0.69,0.01,0.03,0.0
0.04,-4.81,0.65,0.01,0.04,0.0
0.02,-4.83,0.63,0.01,0.03,0.0
0.06,-4.81,0.63,0.01,0.04,0.0
0.0,-4.81,0.67,0.01,0.03,0.0
0.06,-4.83,0.67,0.01,0.03,0.0
0.06,-4.88,0.61,0.01,0.03,0.0
0.06,-4.87,0.59,0.01,0.04,0.0
0.04,-4.88,0.65,0.01,0.03,0.0
0.02,-4.85,0.69,0.01,0.03,0.0
0.17,-4.75,0.71,0.01,0.04,0.0
0.06,-4.83,0.65,0.01,0.03,0.0
0.08,-4.9,0.65,0.01,0.04,0.0
0.06,-4.83,0.65,0.01,0.03,0.0
0.11,-4.9,0.69,0.01,0.03,0.0
0.02,-4.83,0.69,0.01,0.03,0.0
0.08,-4.85,0.69,0.01,0.03,0.0
0.1,-4.83,0.67,0.01,0.03,0.0
0.02,-4.81,0.56,0.01,0.03,0.0
0.06,-4.75,0.71,0.01,0.03,0.0
0.04,-4.79,0.59,0.01,0.03,0.0
0.06,-4.81,0.63,0.01,0.04,0.0
0.02,-4.77,0.69,0.01,0.04,0.0
0.08,-4.81,0.69,0.01,0.04,0.0
0.06,-4.79,0.65,0.0,0.04,0.0
0.08,-4.83,0.63,0.0,0.04,0.0
0.08,-4.87,0.69,0.0,0.04,0.0
0.02,-4.85,0.69,0.01,0.04,0.0
0.02,-4.79,0.71,0.01,0.04,0.0
0.02,-4.81,0.63,0.01,0.03,0.0
0.0,-4.85,0.69,0.01,0.03,0.0
0.02,-4.79,0.77,0.01,0.03,0.0
0.0,-4.85,0.73,0.01,0.03,0.0
0.08,-4.85,0.67,0.01,0.03,0.0
0.02,-4.85,0.67,0.01,0.03,0.0
0.02,-4.9,0.65,0.01,0.04,0.0
0.04,-4.87,0.65,0.0,0.04,0.0
0.06,-4.85,0.69,0.0,0.04,0.0
0.04,-4.88,0.67,0.0,0.04,0.0
0.06,-4.9,0.69,0.0,0.04,0.0
0.02,-4.87,0.69,0.0,0.04,0.0
0.06,-4.88,0.69,0.0,0.04,0.0
0.02,-4.9,0.71,0.01,0.04,0.0
0.1,-4.94,0.65,0.01,0.03,0.0
0.06,-4.92,0.61,0.01,0.03,0.0
0.06,-4.87,0.61,0.02,0.03,0.0
0.1,-4.9,0.63,0.02,0.03,0.0
0.06,-4.81,0.59,0.02,0.03,0.0
0.04,-4.77,0.65,0.02,0.03,0.0
0.04,-4.79,0.67,0.02,0.03,0.0
0.08,-4.85,0.63,0.02,0.03,0.0
0.04,-4.79,0.67,0.02,0.04,0.0
0.06,-4.79,0.71,0.02,0.04,0.0
0.04,-4.87,0.71,0.01,0.04,-0.0
0.02,-4.87,0.65,0.01,0.04,-0.0
0.0,-4.79,0.61,0.01,0.04,-0.0
0.0,-4.83,0.67,0.01,0.04,-0.0
0.04,-4.88,0.77,0.01,0.04,-0.0
0.04,-4.83,0.69,0.01,0.04,-0.0
0.02,-4.87,0.69,0.01,0.04,-0.0
0.02,-4.83,0.73,0.01,0.04,-0.0
-0.02,-4.87,0.71,0.01,0.04,0.0
-0.02,-4.85,0.77,0.01,0.04,-0.0
0.02,-4.88,0.77,0.01,0.04,-0.0
-0.02,-4.87,0.77,0.02,0.04,-0.0
0.0,-4.92,0.67,0.02,0.04,0.0
0.06,-4.87,0.73,0.02,0.04,0.0
0.04,-4.81,0.67,0.02,0.03,0.0
0.04,-4.85,0.69,0.02,0.03,0.0
0.02,-4.88,0.71,0.02,0.03,0.0
0.02,-4.79,0.71,0.02,0.03,0.0
0.04,-4.87,0.71,0.02,0.03,0.0
0.02,-4.81,0.71,0.02,0.03,0.0
0.04,-4.85,0.73,0.02,0.03,0.0
0.06,-4.83,0.71,0.02,0.03,0.0
0.06,-4.81,0.63,0.03,0.03,0.0
0.06,-4.77,0.42,0.02,0.03,0.0
0.08,-4.85,0.69,0.02,0.04,0.0
0.06,-4.77,0.65,0.03,0.04,0.0
0.06,-4.79,0.67,0.03,0.04,0.0
0.08,-4.75,0.73,0.02,0.04,0.0
0.08,-4.77,0.73,0.02,0.04,0.0
0.1,-4.83,0.71,0.02,0.04,0.0
0.04,-4.81,0.75,0.02,0.04,0.0
0.08,-4.77,0.73,0.02,0.04,-0.0
0.04,-4.79,0.71,0.02,0.04,-0.0
0.06,-4.81,0.71,0.02,0.04,-0.0
0.04,-4.81,0.73,0.02,0.04,-0.0
0.02,-4.79,0.73,0.02,0.04,-0.0
0.04,-4.85,0.73,0.02,0.04,-0.0
0.02,-4.9,0.77,0.02,0.04,-0.0
0.04,-4.85,0.77,0.01,0.04,-0.0
0.02,-4.83,0.8,0.01,0.04,-0.0
0.06,-4.88,0.75,0.01,0.04,-0.0
0.04,-4.85,0.8,0.01,0.03,-0.0
0.0,-4.79,0.86,0.02,0.03,-0.0
0.06,-4.85,0.77,0.02,0.03,-0.0
0.02,-4.71,0.77,0.02,0.03,-0.0
0.04,-4.88,0.79,0.02,0.03,-0.0
0.06,-4.87,0.79,0.03,0.03,-0.0
0.04,-4.83,0.79,0.03,0.03,-0.0
0.08,-4.83,0.77,0.03,0.03,-0.0
0.02,-4.79,0.79,0.03,0.03,-0.0
0.1,-4.85,0.69,0.03,0.03,-0.0
0.1,-4.85,0.75,0.03,0.03,-0.0
0.06,-4.77,0.8,0.03,0.03,-0.0
0.1,-4.83,0.77,0.03,0.03,-0.0
0.04,-4.87,0.73,0.03,0.03,-0.0
0.06,-4.88,0.69,0.03,0.03,-0.0
0.02,-4.81,0.73,0.03,0.04,-0.0
0.06,-4.85,0.79,0.03,0.03,-0.0
0.06,-4.85,0.75,0.04,0.03,-0.0
0.08,-4.85,0.77,0.04,0.03,0.0
0.04,-4.88,0.79,0.04,0.03,0.0
0.08,-4.85,0.73,0.04,0.03,0.0
0.02,-4.87,0.77,0.05,0.03,0.0
0.0,-4.87,0.75,0.05,0.03,0.0
0.04,-4.79,0.73,0.05,0.03,-0.0
0.06,-4.81,0.75,0.05,0.03,-0.0
0.11,-4.77,0.63,0.05,0.03,-0.0
0.06,-4.85,0.75,0.05,0.03,-0.0
0.02,-4.79,0.82,0.05,0.03,-0.0
0.02,-4.81,0.82,0.05,0.03,-0.0
0.02,-4.79,0.86,0.05,0.03,0.0
0.02,-4.81,0.79,0.05,0.03,0.0
0.06,-4.87,0.86,0.05,0.03,0.0
0.02,-4.79,0.82,0.05,0.03,0.0
0.04,-4.83,0.82,0.05,0.03,0.0
0.08,-4.79,0.82,0.05,0.03,0.0
0.08,-4.85,0.8,0.05,0.03,0.0
0.02,-4.83,0.84,0.06,0.03,0.0
0.08,-4.87,0.79,0.06,0.03,0.0
0.08,-4.85,0.82,0.06,0.03,0.0
0.04,-4.83,0.79,0.06,0.03,0.0
0.04,-4.83,0.8,0.06,0.03,0.0
0.04,-4.81,0.8,0.06,0.04,0.0
0.08,-4.87,0.88,0.06,0.04,0.0
0.06,-4.85,0.86,0.06,0.04,0.0
0.0,-4.88,0.9,0.07,0.04,0.0
0.06,-4.83,0.84,0.07,0.03,0.0
0.04,-4.85,0.84,0.07,0.03,0.0
0.04,-4.9,0.8,0.07,0.03,0.0
0.02,-4.88,0.9,0.08,0.03,0.0
0.02,-4.83,0.84,0.08,0.03,0.0
0.06,-4.92,0.84,0.08,0.03,0.01
0.02,-4.85,0.82,0.09,0.03,0.01
0.08,-4.83,0.84,0.09,0.03,0.01
0.1,-4.9,0.84,0.1,0.03,0.01
0.04,-4.9,0.82,0.1,0.04,0.01
0.02,-4.9,0.82,0.11,0.04,0.01
0.06,-4.88,0.8,0.11,0.04,0.01
0.06,-4.87,0.8,0.12,0.04,0.01
0.06,-4.83,0.86,0.12,0.04,0.01
0.04,-4.87,0.84,0.13,0.04,0.0
0.02,-4.83,0.84,0.13,0.04,0.0
0.06,-4.88,0.82,0.14,0.04,0.0
0.06,-4.85,0.86,0.14,0.04,0.0
0.02,-4.79,0.84,0.15,0.04,0.0
0.04,-4.88,0.92,0.15,0.04,0.0
0.04,-4.77,0.84,0.15,0.04,0.0
0.02,-4.75,0.84,0.16,0.03,0.0
0.1,-4.79,0.94,0.16,0.04,0.0
0.02,-4.75,0.88,0.16,0.03,0.0
0.06,-4.79,1.02,0.16,0.03,0.0
0.06,-4.75,0.9,0.15,0.03,0.0
0.02,-4.77,0.98,0.15,0.04,0.0
-0.02,-4.77,0.96,0.15,0.04,0.0
0.06,-4.75,0.98,0.15,0.04,0.0
0.06,-4.75,0.98,0.15,0.04,0.0
0.04,-4.77,1.09,0.15,0.04,0.0
0.08,-4.79,1.09,0.15,0.04,0.0
0.06,-4.85,1.07,0.16,0.04,0.0
0.06,-4.79,1.09,0.16,0.04,0.0
0.06,-4.81,1.07,0.17,0.04,0.0
0.02,-4.88,1.05,0.17,0.04,0.0
0.02,-4.83,1.05,0.18,0.04,0.0
0.0,-4.81,1.0,0.18,0.04,0.0
0.0,-4.77,1.03,0.19,0.03,0.0
0.0,-4.77,1.05,0.19,0.03,0.0
0.0,-4.75,1.07,0.19,0.03,0.01
-0.04,-4.75,1.03,0.19,0.03,0.01
0.02,-4.79,1.13,0.19,0.03,0.01
0.0,-4.69,1.09,0.19,0.03,0.01
0.0,-4.73,1.11,0.19,0.03,0.01
0.08,-4.58,1.03,0.19,0.02,0.01
-0.06,-4.65,1.15,0.19,0.02,0.01
0.0,-4.65,1.17,0.19,0.02,0.01
0.0,-4.65,1.23,0.18,0.02,0.01
0.0,-4.62,1.24,0.18,0.02,0.01
0.06,-4.64,1.38,0.18,0.03,0.01
0.02,-4.64,1.3,0.17,0.03,0.0
0.04,-4.52,1.36,0.17,0.03,0.0
0.06,-4.54,1.38,0.17,0.03,0.0
0.02,-4.6,1.46,0.16,0.03,0.01
0.0,-4.48,1.36,0.16,0.03,0.01
0.1,-4.65,1.47,0.16,0.03,0.01
0.0,-4.56,1.46,0.16,0.02,0.01
0.02,-4.62,1.4,0.16,0.02,0.01
0.06,-4.58,1.42,0.16,0.02,0.01
