accX,accY,accZ,gyroX,gyroY,gyroZ
0.08,-4.67,1.57,-0.01,0.04,-0.0
0.1,-4.64,1.53,-0.01,0.04,-0.0
0.1,-4.6,1.61,-0.01,0.04,-0.0
0.11,-4.65,1.57,-0.01,0.04,-0.0
0.15,-4.6,1.53,-0.0,0.04,-0.0
0.1,-4.62,1.53,0.0,0.04,-0.0
0.08,-4.65,1.53,0.0,0.04,-0.0
0.13,-4.65,1.53,0.0,0.04,-0.0
0.13,-4.64,1.47,0.0,0.04,-0.0
0.11,-4.67,1.49,-0.0,0.04,-0.0
0.08,-4.64,1.46,-0.0,0.04,-0.0
0.1,-4.6,1.46,-0.01,0.04,-0.0
-0.02,-4.65,1.49,-0.01,0.03,-0.0
0.04,-4.6,1.53,-0.01,0.03,-0.0
0.02,-4.62,1.55,-0.01,0.03,-0.0
0.04,-4.6,1.51,-0.01,0.03,-0.0
0.02,-4.62,1.44,-0.01,0.03,-0.0
0.08,-4.6,1.55,-0.01,0.03,-0.0
0.04,-4.67,1.49,-0.01,0.03,-0.0
0.04,-4.6,1.49,-0.01,0.03,-0.0
0.08,-4.64,1.44,-0.01,0.03,-0.0
0.04,-4.6,1.44,-0.01,0.03,-0.0
0.1,-4.58,1.49,-0.01,0.03,-0.0
0.04,-4.6,1.51,-0.01,0.03,-0.0
0.08,-4.56,1.53,-0.01,0.04,-0.0
0.11,-4.5,1.53,-0.01,0.04,-0.0
0.02,-4.58,1.55,-0.01,0.04,-0.01
0.08,-4.56,1.55,-0.02,0.04,-0.01
0.06,-4.58,1.63,-0.02,0.04,-0.01
0.1,-4.58,1.53,-0.02,0.04,-0.01
0.1,-4.64,1.57,-0.02,0.04,-0.01
0.13,-4.6,1.57,-0.02,0.04,-0.01
0.04,-4.54,1.53,-0.02,0.04,-0.01
0.1,-4.64,1.57,-0.03,0.04,-0.01
0.1,-4.56,1.57,-0.03,0.04,-0.01
0.1,-4.62,1.53,-0.03,0.04,-0.01
0.06,-4.44,1.47,-0.03,0.04,-0.01
0.04,-4.52,1.55,-0.03,0.04,-0.01
0.11,-4.48,1.47,-0.04,0.04,-0.01
0.08,-4.56,1.46,-0.04,0.04,-0.01
0.02,-4.52,1.49,-0.05,0.04,-0.01
0.1,-4.52,1.51,-0.05,0.04,-0.01
0.11,-4.58,1.51,-0.06,0.04,-0.01
0.06,-4.58,1.57,-0.06,0.05,-0.01
0.08,-4.6,1.55,-0.07,0.05,-0.01
0.08,-4.58,1.59,-0.07,0.05,-0.01
0.13,-4.64,1.51,-0.07,0.05,-0.01
0.21,-4.67,1.46,-0.07,0.05,-0.01
0.11,-4.58,1.53,-0.07,0.05,-0.01
0.1,-4.58,1.55,-0.07,0.05,-0.01
0.11,-4.58,1.63,-0.06,0.04,-0.01
0.1,-4.56,1.57,-0.06,0.04,-0.0
0.15,-4.65,1.47,-0.06,0.04,-0.0
0.13,-4.64,1.53,-0.06,0.04,-0.0
0.08,-4.67,1.53,-0.05,0.04,-0.0
0.13,-4.62,1.51,-0.05,0.04,-0.0
0.06,-4.6,1.51,-0.05,0.04,-0.0
0.15,-4.64,1.46,-0.05,0.04,-0.0
0.1,-4.62,1.47,-0.05,0.03,-0.0
0.08,-4.64,1.44,-0.05,0.03,-0.0
0.11,-4.67,1.53,-0.06,0.03,-0.0
0.1,-4.62,1.32,-0.06,0.03,0.0
0.04,-4.62,1.44,-0.06,0.03,0.0
0.08,-4.71,1.44,-0.06,0.03,0.0
0.08,-4.69,1.38,-0.06,0.03,0.0
0.11,-4.69,1.49,-0.06,0.03,0.0
0.08,-4.69,1.47,-0.06,0.03,0.01
0.08,-4.71,1.36,-0.06,0.03,0.01
0.08,-4.65,1.42,-0.05,0.03,0.01
0.06,-4.67,1.38,-0.05,0.03,0.01
0.08,-4.71,1.42,-0.05,0.03,0.01
0.06,-4.69,1.38,-0.05,0.03,0.01
0.13,-4.65,1.4,-0.05,0.03,0.01
0.04,-4.65,1.4,-0.05,0.03,0.01
0.13,-4.65,1.42,-0.05,0.03,0.01
0.08,-4.64,1.38,-0.04,0.03,0.01
0.02,-4.62,1.38,-0.04,0.03,0.01
0.08,-4.71,1.4,-0.04,0.03,0.01
0.04,-4.69,1.32,-0.05,0.03,0.01
0.15,-4.75,1.3,-0.05,0.03,0.01
0.1,-4.69,1.32,-0.05,0.03,0.01
0.06,-4.67,1.42,-0.05,0.03,0.01
0.02,-4.65,1.36,-0.05,0.03,0.01
0.1,-4.71,1.32,-0.05,0.03,0.01
0.02,-4.64,1.38,-0.05,0.03,0.01
0.04,-4.73,1.36,-0.05,0.03,0.01
0.04,-4.69,1.3,-0.04,0.03,0.01
0.06,-4.77,1.38,-0.03,0.03,0.01
0.02,-4.69,1.36,-0.02,0.03,0.01
0.06,-4.71,1.36,-0.02,0.03,0.01
0.06,-4.73,1.34,-0.01,0.03,0.01
0.1,-4.77,1.4,-0.01,0.03,0.01
0.08,-4.67,1.36,-0.01,0.03,0.01
0.1,-4.73,1.3,-0.01,0.03,0.01
0.04,-4.73,1.4,-0.01,0.03,0.01
0.04,-4.73,1.4,-0.01,0.03,0.01
0.06,-4.69,1.38,-0.01,0.03,0.01
0.1,-4.67,1.38,-0.02,0.03,0.01
0.08,-4.64,1.36,-0.02,0.03,0.01
0.1,-4.71,1.38,-0.02,0.03,0.01
0.06,-4.64,1.28,-0.02,0.03,0.01
0.08,-4.69,1.34,-0.01,0.03,0.01
0.06,-4.71,1.32,-0.01,0.03,0.01
0.1,-4.67,1.28,-0.01,0.03,0.01
0.13,-4.65,1.34,-0.01,0.03,0.0
0.06,-4.69,1.32,-0.0,0.03,0.0
0.13,-4.67,1.26,-0.0,0.03,0.0
0.06,-4.65,1.36,0.0,0.03,0.0
0.11,-4.69,1.32,0.0,0.02,0.0
0.04,-4.67,1.34,0.0,0.02,0.0
0.06,-4.65,1.3,-0.0,0.02,0.01
0.1,-4.64,1.26,-0.0,0.02,0.01
0.08,-4.67,1.36,-0.01,0.02,0.01
0.04,-4.69,1.24,-0.01,0.02,0.01
0.1,-4.73,1.38,-0.01,0.02,0.01
0.06,-4.69,1.32,-0.01,0.03,0.01
0.06,-4.69,1.38,-0.01,0.03,0.01
0.1,-4.73,1.3,-0.01,0.03,0.01
0.1,-4.73,1.26,-0.01,0.03,0.01
0.1,-4.73,1.36,-0.01,0.03,0.01
0.11,-4.67,1.3,-0.01,0.03,0.01
0.08,-4.67,1.38,-0.01,0.03,0.01
0.06,-4.65,1.3,-0.01,0.03,0.01
0.1,-4.69,1.28,-0.01,0.03,0.01
0.06,-4.69,1.34,-0.0,0.03,0.0
0.08,-4.69,1.36,-0.0,0.03,0.0
0.06,-4.75,1.38,-0.0,0.03,0.0
0.04,-4.67,1.34,0.0,0.03,0.0
0.04,-4.71,1.28,-0.0,0.03,0.0
0.1,-4.71,1.3,-0.0,0.03,0.0
0.08,-4.67,1.26,-0.0,0.03,0.0
0.08,-4.65,1.32,-0.0,0.03,0.0
0.08,-4.71,1.32,-0.0,0.04,0.0
0.08,-4.69,1.4,-0.0,0.04,0.0
0.0,-4.71,1.42,-0.0,0.04,0.0
0.08,-4.71,1.38,-0.0,0.04,0.0
0.06,-4.73,1.38,-0.0,0.04,0.01
0.06,-4.69,1.32,0.0,0.04,0.01
0.04,-4.73,1.42,0.01,0.04,0.01
0.04,-4.67,1.42,0.01,0.04,0.01
0.08,-4.69,1.38,0.01,0.04,0.01
0.02,-4.71,1.47,0.02,0.04,0.0
0.06,-4.71,1.42,0.02,0.04,0.01
0.06,-4.67,1.42,0.02,0.03,0.0
0.02,-4.67,1.46,0.02,0.03,0.0
0.08,-4.71,1.46,0.02,0.03,0.0
0.02,-4.6,1.46,0.02,0.03,0.0
0.0,-4.69,1.46,0.02,0.03,0.0
0.04,-4.65,1.46,0.02,0.03,0.0
0.04,-4.67,1.42,0.02,0.03,0.0
0.0,-4.62,1.44,0.02,0.03,0.0
0.04,-4.64,1.42,0.02,0.03,0.0
0.02,-4.6,1.44,0.01,0.03,0.0
0.06,-4.6,1.46,0.01,0.03,0.0
0.1,-4.67,1.49,0.01,0.03,0.0
0.04,-4.64,1.42,0.01,0.03,0.0
0.0,-4.54,1.24,0.0,0.03,0.0
0.08,-4.69,1.34,0.0,0.03,0.0
0.1,-4.67,1.38,0.0,0.04,0.0
0.1,-4.69,1.34,-0.0,0.04,0.0
0.08,-4.64,1.28,-0.0,0.04,0.0
0.08,-4.67,1.38,-0.0,0.04,0.0
0.06,-4.65,1.3,-0.0,0.04,0.0
0.04,-4.65,1.34,-0.0,0.04,0.0
0.13,-4.67,1.32,-0.0,0.05,0.0
0.11,-4.67,1.4,-0.0,0.05,0.0
0.15,-4.69,1.34,-0.0,0.05,0.0
0.06,-4.67,1.34,-0.0,0.05,0.0
0.06,-4.64,1.36,-0.0,0.05,0.0
0.11,-4.69,1.32,-0.0,0.05,-0.0
0.06,-4.69,1.38,-0.0,0.05,-0.0
0.11,-4.69,1.4,0.0,0.05,-0.0
0.06,-4.67,1.36,0.0,0.05,-0.0
0.08,-4.71,1.42,0.0,0.05,-0.0
0.08,-4.71,1.47,0.01,0.05,-0.0
0.04,-4.71,1.38,0.01,0.05,-0.0
0.1,-4.69,1.42,0.01,0.05,-0.0
0.06,-4.73,1.42,0.01,0.05,-0.0
0.06,-4.56,1.21,0.01,0.05,-0.0
0.06,-4.69,1.42,0.02,0.05,-0.0
0.06,-4.71,1.47,0.02,0.05,-0.01
0.02,-4.65,1.4,0.02,0.05,-0.01
0.04,-4.67,1.42,0.02,0.05,-0.01
0.08,-4.65,1.44,0.02,0.05,-0.01
0.0,-4.62,1.42,0.02,0.05,-0.01
0.04,-4.65,1.38,0.02,0.05,-0.01
0.02,-4.65,1.38,0.02,0.05,-0.01
0.0,-4.62,1.4,0.02,0.05,-0.01
0.02,-4.58,1.49,0.02,0.05,-0.01
0.06,-4.62,1.46,0.01,0.05,-0.01
0.04,-4.64,1.44,0.01,0.05,-0.01
0.02,-4.58,1.47,0.01,0.05,-0.0
0.0,-4.62,1.47,0.01,0.05,-0.0
0.02,-4.67,1.42,0.01,0.05,-0.0
0.02,-4.56,1.44,0.01,0.05,-0.0
0.06,-4.69,1.42,0.01,0.05,-0.0
0.04,-4.62,1.44,0.01,0.04,-0.0
0.04,-4.65,1.49,0.01,0.04,-0.0
0.02,-4.64,1.47,0.01,0.04,-0.0
0.04,-4.64,1.42,0.01,0.04,-0.0
0.13,-4.58,1.44,0.01,0.04,-0.0
0.04,-4.67,1.46,0.01,0.04,-0.0
0.08,-4.64,1.51,0.01,0.04,-0.0
0.06,-4.65,1.46,0.01,0.04,-0.0
0.1,-4.65,1.49,0.01,0.04,-0.0
0.08,-4.6,1.51,0.01,0.04,-0.0
0.06,-4.67,1.47,0.01,0.04,-0.0
0.06,-4.6,1.57,0.0,0.04,-0.0
0.08,-4.62,1.46,0.0,0.04,-0.0
0.04,-4.58,1.55,-0.0,0.04,-0.0
0.08,-4.67,1.53,-0.0,0.03,-0.0
0.02,-4.67,1.53,-0.0,0.03,0.0
0.08,-4.65,1.47,-0.0,0.03,0.0
0.04,-4.65,1.46,0.0,0.03,0.0
0.02,-4.65,1.47,0.0,0.03,0.0
0.04,-4.67,1.44,0.01,0.03,0.0
0.04,-4.67,1.42,0.01,0.03,0.0
0.04,-4.67,1.46,0.01,0.03,0.0
0.04,-4.64,1.44,0.02,0.03,0.0
0.04,-4.62,1.47,0.02,0.03,0.0
0.02,-4.67,1.57,0.02,0.03,0.0
0.08,-4.67,1.47,0.01,0.03,0.0
0.0,-4.6,1.46,0.01,0.03,0.0
0.02,-4.58,1.42,0.0,0.03,0.0
0.0,-4.62,1.51,-0.0,0.03,0.0
0.02,-4.56,1.49,-0.0,0.03,0.0
0.04,-4.6,1.49,-0.01,0.03,0.0
0.0,-4.65,1.59,-0.01,0.03,0.0
0.08,-4.58,1.46,-0.01,0.03,0.0
0.02,-4.62,1.53,-0.0,0.03,0.0
0.06,-4.62,1.53,-0.0,0.03,0.0
0.06,-4.62,1.47,-0.0,0.03,0.0
0.06,-4.67,1.49,-0.0,0.03,0.0
0.06,-4.62,1.49,-0.0,0.03,0.0
0.04,-4.64,1.46,-0.0,0.03,0.0
0.06,-4.65,1.42,-0.0,0.03,0.0
0.02,-4.58,1.49,-0.01,0.03,0.0
0.04,-4.62,1.44,-0.01,0.03,0.0
0.08,-4.62,1.44,-0.01,0.03,0.0
0.06,-4.62,1.38,-0.01,0.03,0.0
0.06,-4.58,1.47,-0.01,0.03,0.0
0.06,-4.65,1.4,-0.02,0.03,0.0
0.06,-4.64,1.47,-0.02,0.03,0.0
0.1,-4.62,1.36,-0.02,0.03,0.0
0.02,-4.67,1.42,-0.02,0.03,0.0
0.04,-4.58,1.46,-0.02,0.03,0.0
0.0,-4.65,1.46,-0.01,0.03,0.0
0.02,-4.65,1.4,-0.01,0.03,0.0
0.04,-4.67,1.38,-0.01,0.03,0.0
0.02,-4.65,1.46,-0.01,0.03,0.0
0.06,-4.6,1.47,-0.01,0.03,0.0
0.06,-4.65,1.44,-0.01,0.03,0.0
0.0,-4.64,1.36,-0.01,0.03,0.0
0.08,-4.65,1.4,-0.01,0.03,0.0
0.02,-4.64,1.47,-0.01,0.04,0.0
0.04,-4.58,1.44,-0.01,0.04,0.0
0.0,-4.64,1.44,-0.01,0.04,0.0
0.02,-4.62,1.42,-0.01,0.04,-0.0
0.08,-4.69,1.44,-0.01,0.04,-0.0
0.06,-4.64,1.42,-0.02,0.03,-0.0
0.02,-4.62,1.46,-0.02,0.04,-0.0
0.11,-4.65,1.44,-0.02,0.04,-0.0
0.04,-4.62,1.49,-0.02,0.04,-0.0
0.06,-4.62,1.49,-0.02,0.03,-0.0
0.04,-4.64,1.47,-0.02,0.03,-0.0
-0.04,-4.65,1.38,-0.02,0.04,-0.0
0.02,-4.62,1.47,-0.02,0.04,-0.0
0.0,-4.62,1.47,-0.02,0.04,-0.0
0.04,-4.65,1.44,-0.02,0.04,-0.0
0.08,-4.69,1.4,-0.02,0.04,-0.0
0.02,-4.64,1.38,-0.02,0.04,-0.0
0.0,-4.65,1.44,-0.02,0.04,-0.0
0.04,-4.64,1.47,-0.02,0.04,-0.0
0.04,-4.65,1.42,-0.03,0.04,-0.0
0.04,-4.65,1.47,-0.03,0.04,-0.0
0.06,-4.64,1.47,-0.03,0.04,-0.0
0.1,-4.62,1.46,-0.03,0.04,-0.0
0.02,-4.6,1.47,-0.03,0.04,-0.0
0.11,-4.65,1.42,-0.03,0.04,-0.0
0.11,-4.62,1.38,-0.04,0.04,-0.0
0.08,-4.64,1.44,-0.04,0.04,-0.0
0.06,-4.64,1.47,-0.04,0.04,-0.0
0.04,-4.62,1.44,-0.04,0.04,-0.0
0.06,-4.6,1.49,-0.04,0.04,-0.0
0.04,-4.62,1.44,-0.04,0.04,-0.0
0.08,-4.62,1.42,-0.04,0.04,-0.0
0.08,-4.69,1.4,-0.04,0.04,-0.0
0.11,-4.62,1.32,-0.04,0.04,-0.0
0.08,-4.67,1.38,-0.04,0.04,-0.0
0.04,-4.65,1.4,-0.04,0.04,-0.0
0.04,-4.69,1.38,-0.04,0.04,-0.0
0.06,-4.73,1.3,-0.05,0.04,-0.0
0.0,-4.64,1.38,-0.05,0.04,-0.0
0.04,-4.64,1.4,-0.05,0.04,-0.0
0.04,-4.65,1.4,-0.05,0.04,-0.0
0.02,-4.64,1.44,-0.06,0.04,-0.0
0.08,-4.69,1.49,-0.06,0.04,-0.0
0.04,-4.67,1.4,-0.07,0.04,-0.0
0.0,-4.71,1.42,-0.07,0.04,-0.0
0.06,-4.65,1.44,-0.07,0.03,-0.0
0.08,-4.64,1.44,-0.08,0.03,-0.0
0.02,-4.6,1.44,-0.08,0.03,-0.0
0.06,-4.62,1.42,-0.08,0.03,-0.0
0.04,-4.67,1.36,-0.08,0.03,-0.0
0.04,-4.6,1.32,-0.08,0.03,-0.0
0.04,-4.64,1.36,-0.09,0.03,-0.0
0.1,-4.65,1.34,-0.09,0.03,-0.0
0.04,-4.69,1.32,-0.1,0.03,0.0
0.04,-4.64,1.42,-0.1,0.03,-0.0
0.11,-4.69,1.4,-0.1,0.03,-0.0
0.02,-4.67,1.32,-0.1,0.03,-0.0
0.02,-4.73,1.3,-0.11,0.03,-0.0
0.06,-4.73,1.3,-0.1,0.03,-0.0
0.08,-4.75,1.3,-0.1,0.03,-0.0
0.04,-4.73,1.28,-0.1,0.03,-0.0
0.0,-4.75,1.3,-0.09,0.04,-0.0
0.06,-4.75,1.34,-0.09,0.04,-0.0
0.04,-4.73,1.3,-0.08,0.04,-0.0
0.06,-4.67,1.3,-0.08,0.04,-0.0
0.0,-4.73,1.34,-0.08,0.04,-0.0
0.02,-4.75,1.28,-0.07,0.04,-0.0
0.04,-4.71,1.32,-0.07,0.04,-0.0
0.02,-4.65,1.28,-0.07,0.04,-0.0
0.02,-4.71,1.28,-0.07,0.04,-0.0
0.04,-4.77,1.24,-0.07,0.04,-0.0
0.08,-4.73,1.3,-0.07,0.04,-0.0
0.06,-4.73,1.24,-0.07,0.04,-0.0
0.06,-4.75,1.28,-0.07,0.03,-0.0
0.02,-4.75,1.24,-0.07,0.03,-0.0
0.08,-4.77,1.21,-0.07,0.03,-0.0
0.0,-4.92,1.26,-0.06,0.03,-0.0
0.06,-4.75,1.26,-0.06,0.03,-0.0
0.15,-4.73,1.23,-0.06,0.03,-0.0
0.06,-4.71,1.24,-0.05,0.03,-0.0
0.06,-4.71,1.28,-0.05,0.03,-0.0
0.08,-4.75,1.17,-0.05,0.03,-0.0
0.08,-4.67,1.23,-0.05,0.04,-0.0
0.04,-4.69,1.19,-0.05,0.04,-0.0
0.0,-4.73,1.24,-0.05,0.04,-0.0
0.02,-4.73,1.23,-0.05,0.04,0.0
0.04,-4.73,1.3,-0.05,0.04,0.0
0.02,-4.73,1.21,-0.05,0.04,-0.0
0.0,-4.71,1.26,-0.05,0.04,-0.0
0.0,-4.69,1.24,-0.05,0.04,0.0
0.04,-4.69,1.26,-0.05,0.04,0.0
0.06,-4.79,1.23,-0.05,0.04,-0.0
0.04,-4.73,1.24,-0.04,0.04,-0.0
0.08,-4.79,1.17,-0.04,0.04,-0.0
0.06,-4.73,1.23,-0.04,0.04,-0.0
0.04,-4.75,1.19,-0.04,0.04,-0.0
0.13,-4.73,1.21,-0.04,0.04,-0.0
0.04,-4.75,1.26,-0.04,0.04,-0.0
0.04,-4.73,1.13,-0.04,0.04,-0.0
0.08,-4.71,1.19,-0.04,0.04,-0.0
0.06,-4.73,1.11,-0.04,0.04,-0.0
0.04,-4.71,1.17,-0.04,0.04,-0.0
0.04,-4.75,1.21,-0.04,0.04,-0.0
0.06,-4.75,1.13,-0.04,0.04,-0.0
0.1,-4.77,1.07,-0.03,0.04,-0.0
0.0,-4.67,1.17,-0.03,0.04,-0.0
0.04,-4.73,1.19,-0.03,0.04,-0.0
0.02,-4.71,1.17,-0.03,0.04,-0.0
0.04,-4.75,1.19,-0.03,0.04,-0.0
0.06,-4.75,1.15,-0.03,0.04,-0.0
0.08,-4.73,1.21,-0.03,0.04,-0.0
0.04,-4.77,1.19,-0.03,0.04,-0.0
0.06,-4.75,1.19,-0.03,0.04,-0.0
0.0,-4.75,1.19,-0.03,0.04,-0.0
0.04,-4.77,1.17,-0.03,0.04,0.0
0.0,-4.75,1.17,-0.03,0.04,-0.0
0.0,-4.75,1.19,-0.03,0.04,0.0
0.02,-4.77,1.13,-0.02,0.04,-0.0
0.04,-4.71,1.17,-0.02,0.04,-0.0
0.06,-4.75,1.17,-0.02,0.04,-0.0
0.04,-4.69,1.15,-0.02,0.04,-0.0
0.04,-4.75,1.13,-0.02,0.04,-0.0
0.06,-4.73,1.13,-0.02,0.04,-0.0
0.08,-4.73,1.17,-0.02,0.04,-0.0
0.11,-4.75,1.17,-0.02,0.04,-0.0
0.04,-4.75,1.13,-0.02,0.04,-0.0
0.04,-4.75,1.19,-0.01,0.04,-0.0
0.08,-4.73,1.13,-0.01,0.04,-0.0
0.06,-4.77,1.19,-0.01,0.04,-0.0
0.02,-4.77,1.15,-0.01,0.04,-0.0
0.02,-4.75,1.11,-0.01,0.04,-0.0
0.06,-4.77,1.19,-0.0,0.04,-0.01
0.08,-4.71,1.19,-0.0,0.04,-0.01
0.04,-4.67,1.17,0.0,0.04,-0.01
0.0,-4.67,1.23,0.0,0.04,-0.01
0.02,-4.67,1.17,0.0,0.04,-0.01
0.08,-4.71,1.19,0.0,0.04,-0.01
0.02,-4.73,1.13,0.0,0.04,-0.01
0.04,-4.71,1.21,-0.0,0.04,-0.01
0.06,-4.71,1.19,-0.0,0.04,-0.01
0.06,-4.79,1.17,-0.0,0.04,-0.01
0.0,-4.69,1.13,-0.01,0.04,-0.01
0.04,-4.87,1.19,-0.01,0.04,-0.01
0.04,-4.75,1.17,-0.01,0.04,-0.01
0.04,-4.71,1.28,-0.01,0.04,-0.0
0.08,-4.69,1.21,-0.01,0.04,-0.01
0.1,-4.75,1.23,-0.02,0.04,-0.0
0.06,-4.73,1.19,-0.02,0.04,-0.0
0.08,-4.75,1.17,-0.02,0.04,-0.0
0.04,-4.75,1.11,-0.02,0.04,-0.01
0.06,-4.69,1.21,-0.02,0.04,-0.01
0.04,-4.75,1.17,-0.02,0.04,-0.01
0.02,-4.73,1.13,-0.02,0.04,-0.01
0.02,-4.71,1.21,-0.02,0.04,-0.01
0.06,-4.73,1.17,-0.02,0.04,-0.01
0.06,-4.73,1.17,-0.02,0.04,-0.01
0.04,-4.75,1.17,-0.02,0.04,-0.01
0.02,-4.73,1.11,-0.02,0.04,-0.01
0.0,-4.77,1.17,-0.02,0.04,-0.01
0.02,-4.75,1.21,-0.02,0.04,-0.01
0.04,-4.73,1.23,-0.01,0.04,-0.01
0.02,-4.75,1.13,-0.01,0.04,-0.01
0.04,-4.73,1.09,-0.01,0.04,-0.0
-0.04,-4.67,1.15,-0.01,0.04,-0.0
0.04,-4.75,1.15,-0.02,0.04,-0.0
0.0,-4.75,1.15,-0.02,0.04,-0.0
0.04,-4.75,1.15,-0.02,0.04,-0.0
0.06,-4.77,1.21,-0.02,0.04,-0.0
0.06,-4.75,1.17,-0.02,0.04,-0.0
0.02,-4.77,1.17,-0.02,0.04,-0.0
0.1,-4.75,1.15,-0.02,0.04,-0.0
0.13,-4.77,1.21,-0.02,0.04,-0.0
0.04,-4.67,1.15,-0.01,0.04,-0.0
0.04,-4.71,1.17,-0.01,0.04,-0.0
0.06,-4.75,1.13,-0.01,0.04,-0.0
0.08,-4.71,1.17,-0.01,0.04,-0.0
0.06,-4.75,1.13,-0.01,0.04,-0.0
0.11,-4.77,1.13,-0.01,0.04,-0.0
0.06,-4.77,1.15,-0.02,0.04,-0.0
0.04,-4.71,1.09,-0.02,0.04,-0.0
0.06,-4.75,1.15,-0.02,0.04,-0.0
0.0,-4.71,1.15,-0.02,0.04,-0.0
0.06,-4.75,1.17,-0.02,0.04,-0.0
0.04,-4.73,1.23,-0.02,0.04,-0.0
0.0,-4.79,1.19,-0.02,0.04,-0.0
0.06,-4.87,1.24,-0.02,0.04,-0.0
0.04,-4.71,1.11,-0.02,0.04,-0.0
0.02,-4.75,1.15,-0.01,0.04,-0.0
0.04,-4.75,1.15,-0.01,0.03,-0.0
0.04,-4.71,1.13,-0.01,0.03,-0.0
0.02,-4.73,1.05,-0.01,0.04,-0.0
0.04,-4.71,1.17,-0.01,0.04,-0.0
0.13,-4.73,1.17,-0.01,0.04,-0.0
0.02,-4.67,1.09,-0.01,0.03,-0.0
0.08,-4.73,1.09,-0.01,0.03,-0.0
0.08,-4.75,1.15,-0.01,0.04,-0.0
0.06,-4.75,1.07,-0.01,0.04,-0.0
0.06,-4.75,1.09,-0.02,0.04,-0.0
0.02,-4.71,1.17,-0.02,0.04,-0.0
0.06,-4.73,1.15,-0.02,0.04,-0.0
0.04,-4.71,1.17,-0.01,0.04,-0.0
0.1,-4.79,1.15,-0.01,0.04,-0.0
0.06,-4.73,1.17,-0.01,0.04,-0.0
0.04,-4.75,1.23,-0.01,0.04,-0.0
0.06,-4.73,1.21,-0.01,0.04,-0.0
0.06,-4.75,1.13,-0.0,0.04,-0.0
0.08,-4.73,1.07,-0.0,0.03,-0.0
0.04,-4.73,1.11,-0.0,0.03,-0.0
0.02,-4.75,1.09,-0.01,0.03,-0.0
0.06,-4.79,1.03,-0.0,0.03,-0.0
0.04,-4.71,1.11,-0.0,0.03,-0.0
0.02,-4.73,1.09,-0.0,0.03,-0.0
0.02,-4.75,1.09,-0.0,0.03,0.0
0.02,-4.75,1.05,-0.0,0.03,0.0
0.04,-4.73,1.13,-0.0,0.03,0.0
0.06,-4.75,1.13,-0.0,0.03,0.0
0.1,-4.77,1.11,-0.0,0.04,0.0
0.17,-4.69,1.13,0.0,0.04,0.0
0.1,-4.73,1.13,0.0,0.04,0.0
0.11,-4.73,1.15,0.0,0.04,0.0
0.06,-4.69,1.17,0.0,0.04,0.0
0.04,-4.75,1.13,0.0,0.04,-0.0
0.02,-4.71,1.13,-0.0,0.04,-0.0
0.06,-4.77,1.19,-0.0,0.04,-0.0
0.04,-4.73,1.07,-0.0,0.04,-0.0
0.06,-4.77,1.17,-0.01,0.04,-0.0
0.04,-4.75,1.15,-0.01,0.04,-0.0
0.04,-4.75,1.19,-0.0,0.04,-0.0
0.02,-4.75,1.13,-0.0,0.04,-0.0
0.02,-4.77,1.09,0.0,0.04,-0.0
0.04,-4.79,1.23,0.0,0.04,-0.0
0.04,-4.73,1.13,0.01,0.04,-0.0
0.04,-4.75,1.21,0.01,0.04,-0.0
0.02,-4.69,1.17,0.01,0.04,-0.0
0.04,-4.73,1.15,0.01,0.04,-0.0
0.08,-4.71,1.05,0.01,0.04,-0.0
0.04,-4.73,1.13,0.01,0.04,-0.0
0.06,-4.75,1.13,0.0,0.04,-0.0
0.02,-4.73,1.21,0.0,0.04,-0.0
0.06,-4.73,1.15,0.0,0.04,-0.0
0.04,-4.73,1.11,-0.0,0.04,-0.0
0.06,-4.75,1.15,0.0,0.04,-0.0
0.11,-4.73,1.15,0.0,0.04,-0.0
0.04,-4.71,1.13,0.0,0.04,-0.0
0.04,-4.77,1.15,0.0,0.04,-0.0
0.08,-4.71,1.13,0.01,0.04,-0.0
0.04,-4.69,1.19,0.01,0.04,-0.0
0.06,-4.77,1.24,0.01,0.04,-0.0
0.0,-4.71,1.05,0.01,0.04,-0.0
0.08,-4.75,1.19,0.01,0.04,-0.0
0.04,-4.75,1.21,0.01,0.04,-0.0
0.02,-4.73,1.26,0.01,0.04,-0.0
0.02,-4.75,1.11,0.01,0.04,-0.0
0.02,-4.73,1.11,0.01,0.04,-0.0
0.04,-4.77,1.19,0.0,0.04,-0.0
0.02,-4.71,1.13,0.0,0.04,-0.0
0.08,-4.73,1.19,0.0,0.04,-0.0
0.0,-4.75,1.11,0.0,0.04,-0.0
0.04,-4.71,1.17,0.0,0.04,-0.0
0.06,-4.75,1.15,0.0,0.04,-0.0
0.06,-4.67,1.11,0.0,0.04,-0.0
0.13,-4.75,1.17,0.0,0.04,-0.0
0.06,-4.81,1.28,0.0,0.04,-0.0
0.08,-4.71,1.15,0.01,0.04,-0.0
0.1,-4.73,1.21,0.01,0.04,-0.0
0.02,-4.73,1.24,0.01,0.04,-0.0
0.1,-4.73,1.15,0.01,0.04,-0.0
0.02,-4.73,1.21,0.01,0.04,-0.0
0.06,-4.75,1.13,0.01,0.04,-0.0
0.04,-4.73,1.19,0.01,0.04,-0.0
0.06,-4.77,1.13,0.01,0.04,-0.0
0.04,-4.73,1.19,0.01,0.04,-0.0
0.17,-4.69,1.32,0.01,0.04,-0.0
0.04,-4.73,1.13,0.01,0.04,-0.0
0.08,-4.73,1.21,0.01,0.04,-0.0
0.02,-4.73,1.19,0.01,0.04,-0.0
0.04,-4.73,1.19,0.01,0.04,-0.0
0.0,-4.71,1.21,0.01,0.04,-0.0
0.04,-4.73,1.23,0.01,0.04,-0.0
0.11,-4.75,1.13,0.01,0.04,-0.0
0.1,-4.77,1.26,0.01,0.04,0.0
0.02,-4.71,1.21,0.01,0.04,-0.0
0.06,-4.73,1.19,0.01,0.04,0.0
0.08,-4.73,1.19,0.01,0.04,0.0
0.06,-4.73,1.23,0.01,0.04,0.0
0.08,-4.75,1.13,0.01,0.04,0.0
0.08,-4.71,1.17,0.01,0.04,0.0
0.04,-4.73,1.15,0.01,0.04,-0.0
0.08,-4.73,1.19,0.01,0.04,-0.0
0.06,-4.71,1.21,0.01,0.04,-0.0
0.08,-4.73,1.23,0.01,0.04,-0.0
0.11,-4.75,1.24,0.01,0.04,-0.0
0.08,-4.73,1.21,0.01,0.04,-0.0
0.06,-4.71,1.23,0.0,0.04,-0.0
0.08,-4.62,1.21,0.0,0.04,-0.0
0.04,-4.75,1.23,0.0,0.04,-0.0
0.04,-4.79,1.24,0.0,0.04,-0.0
0.04,-4.73,1.21,0.0,0.04,-0.0
0.06,-4.73,1.17,0.01,0.04,-0.0
0.06,-4.77,1.21,0.01,0.04,-0.0
0.08,-4.73,1.21,0.01,0.04,-0.0
0.06,-4.79,1.13,0.01,0.04,-0.0
0.04,-4.73,1.17,0.02,0.04,-0.0
0.06,-4.73,1.19,0.02,0.04,-0.0
0.08,-4.69,1.21,0.02,0.03,-0.0
0.06,-4.71,1.21,0.02,0.03,-0.0
0.0,-4.71,1.17,0.02,0.03,-0.0
0.06,-4.73,1.19,0.01,0.03,-0.0
0.06,-4.67,1.13,0.01,0.03,-0.0
0.02,-4.64,1.15,0.01,0.03,-0.0
0.0,-4.75,1.13,0.01,0.04,-0.0
0.02,-4.71,1.28,0.01,0.04,-0.0
0.02,-4.73,1.21,0.0,0.04,-0.0
0.0,-4.73,1.24,0.01,0.04,-0.0
0.04,-4.73,1.24,0.01,0.04,-0.0
0.06,-4.73,1.24,0.01,0.04,-0.0
0.04,-4.69,1.28,0.01,0.04,-0.0
0.04,-4.73,1.24,0.01,0.04,-0.0
0.0,-4.67,1.21,0.01,0.04,-0.0
0.1,-4.71,1.17,0.02,0.04,-0.0
0.08,-4.73,1.17,0.02,0.04,-0.0
0.02,-4.73,1.19,0.01,0.04,0.0
0.06,-4.71,1.28,0.01,0.04,-0.0
0.02,-4.71,1.26,0.01,0.04,-0.0
0.06,-4.75,1.11,0.01,0.04,-0.0
0.06,-4.71,1.21,0.01,0.04,-0.0
0.04,-4.71,1.24,0.01,0.04,-0.0
0.13,-4.75,1.26,0.01,0.04,-0.0
0.11,-4.77,1.21,0.01,0.04,-0.0
0.02,-4.75,1.15,0.01,0.04,-0.0
0.08,-4.73,1.19,0.01,0.04,-0.0
0.1,-4.75,1.15,0.02,0.04,-0.0
0.1,-4.77,1.24,0.02,0.04,-0.0
0.02,-4.67,1.19,0.02,0.04,-0.0
0.02,-4.64,1.26,0.02,0.03,0.0
0.06,-4.67,1.19,0.02,0.03,0.0
0.04,-4.64,1.21,0.02,0.03,0.0
0.02,-4.71,1.32,0.02,0.04,0.0
0.06,-4.73,1.26,0.01,0.04,0.0
0.02,-4.75,1.28,0.01,0.04,0.0
0.08,-4.73,1.34,0.01,0.04,0.0
0.04,-4.71,1.3,0.01,0.04,0.0
0.08,-4.71,1.32,0.01,0.04,0.0
0.04,-4.69,1.32,0.01,0.04,0.0
0.06,-4.71,1.28,0.01,0.04,0.0
0.02,-4.73,1.26,0.02,0.04,0.0
0.04,-4.73,1.26,0.02,0.04,0.0
0.08,-4.71,1.34,0.02,0.04,0.0
0.04,-4.67,1.26,0.02,0.04,-0.0
0.04,-4.75,1.21,0.02,0.04,-0.0
0.1,-4.73,1.26,0.02,0.04,-0.0
0.08,-4.69,1.32,0.02,0.04,-0.0
0.06,-4.69,1.3,0.02,0.04,-0.0
0.06,-4.67,1.26,0.02,0.04,-0.0
0.04,-4.75,1.3,0.02,0.04,-0.0
0.04,-4.69,1.24,0.02,0.04,-0.0
0.06,-4.71,1.24,0.02,0.04,-0.0
0.04,-4.71,1.26,0.02,0.04,0.0
0.04,-4.67,1.28,0.02,0.04,0.0
0.06,-4.67,1.28,0.02,0.04,0.0
0.06,-4.77,1.23,0.02,0.04,0.0
0.04,-4.69,1.19,0.02,0.04,0.0
0.04,-4.65,1.21,0.02,0.04,0.0
0.1,-4.73,1.24,0.02,0.04,0.0
0.04,-4.71,1.23,0.01,0.04,0.0
0.04,-4.67,1.24,0.01,0.04,0.0
0.1,-4.67,1.24,0.01,0.04,0.0
0.06,-4.71,1.36,0.01,0.04,0.0
0.04,-4.71,1.24,0.0,0.04,0.0
0.04,-4.71,1.3,0.0,0.04,0.0
0.04,-4.67,1.38,0.0,0.04,0.0
0.02,-4.71,1.3,0.0,0.04,0.0
0.08,-4.71,1.34,0.0,0.04,0.0
0.04,-4.71,1.32,0.0,0.04,0.0
0.06,-4.71,1.32,0.01,0.04,0.0
0.04,-4.65,1.36,0.01,0.04,0.0
0.04,-4.73,1.28,0.01,0.04,0.0
0.04,-4.69,1.28,0.01,0.04,0.0
0.08,-4.71,1.26,0.01,0.04,0.0
0.08,-4.71,1.32,0.01,0.04,0.0
0.06,-4.75,1.28,0.01,0.04,0.0
0.33,-4.73,1.53,0.01,0.04,-0.0
0.04,-4.67,1.3,0.01,0.04,-0.0
0.02,-4.69,1.3,0.01,0.04,0.0
0.02,-4.75,1.28,0.01,0.04,-0.0
0.04,-4.73,1.3,0.01,0.04,-0.0
0.04,-4.73,1.34,0.01,0.04,-0.0
0.02,-4.71,1.34,0.01,0.04,-0.0
0.02,-4.73,1.3,0.01,0.04,-0.0
0.0,-4.69,1.32,0.02,0.04,-0.0
0.0,-4.71,1.3,0.02,0.04,0.0
0.0,-4.65,1.36,0.02,0.04,-0.0
0.02,-4.73,1.26,0.02,0.04,-0.0
0.06,-4.67,1.3,0.02,0.04,-0.0
0.0,-4.69,1.3,0.02,0.04,-0.0
0.04,-4.58,1.34,0.02,0.04,-0.0
0.0,-4.71,1.26,0.02,0.04,-0.0
0.04,-4.71,1.28,0.02,0.04,-0.0
0.0,-4.65,1.26,0.01,0.04,-0.0
0.02,-4.71,1.26,0.01,0.04,-0.0
0.06,-4.67,1.28,0.01,0.04,-0.0
0.04,-4.75,1.4,0.01,0.04,-0.0
0.04,-4.73,1.28,0.01,0.04,-0.0
0.02,-4.67,1.46,0.01,0.04,-0.0
0.02,-4.69,1.3,0.01,0.04,-0.0
0.02,-4.71,1.42,0.01,0.04,-0.0
0.02,-4.69,1.26,0.01,0.04,-0.0
0.08,-4.71,1.3,0.01,0.04,-0.0
0.04,-4.73,1.28,0.01,0.04,-0.0
0.1,-4.71,1.32,0.01,0.04,-0.0
0.04,-4.69,1.3,0.01,0.04,-0.0
0.06,-4.67,1.3,0.01,0.04,-0.0
0.08,-4.73,1.32,0.01,0.04,-0.01
0.02,-4.69,1.34,0.0,0.04,-0.01
0.02,-4.71,1.3,0.0,0.04,-0.01
0.04,-4.69,1.3,0.0,0.04,-0.01
0.06,-4.73,1.36,0.01,0.04,-0.0
0.08,-4.75,1.34,0.01,0.04,-0.0
0.06,-4.71,1.3,0.01,0.04,-0.0
0.06,-4.71,1.42,0.02,0.04,-0.0
0.08,-4.73,1.24,0.02,0.04,-0.0
0.08,-4.73,1.34,0.03,0.04,-0.0
0.1,-4.71,1.34,0.03,0.04,-0.0
0.08,-4.65,1.3,0.03,0.04,-0.0
0.08,-4.67,1.3,0.03,0.03,-0.0
0.19,-4.58,1.28,0.02,0.03,-0.0
0.04,-4.64,1.28,0.02,0.03,-0.0
0.02,-4.67,1.36,0.02,0.03,-0.0
0.06,-4.69,1.3,0.01,0.03,-0.0
0.02,-4.65,1.36,0.01,0.03,-0.0
0.04,-4.62,1.42,0.01,0.03,-0.0
0.04,-4.69,1.38,0.01,0.03,-0.0
0.06,-4.67,1.4,0.01,0.03,-0.0
0.04,-4.71,1.38,0.01,0.04,-0.0
0.04,-4.67,1.38,0.01,0.04,-0.0
0.0,-4.73,1.36,0.01,0.04,-0.0
0.1,-4.71,1.38,0.01,0.04,-0.0
0.06,-4.64,1.34,0.02,0.04,-0.0
0.08,-4.71,1.36,0.02,0.04,-0.0
0.08,-4.71,1.42,0.02,0.03,-0.0
0.06,-4.71,1.32,0.02,0.03,-0.0
0.04,-4.67,1.4,0.02,0.04,-0.0
0.1,-4.73,1.34,0.01,0.04,-0.0
0.13,-4.69,1.42,0.01,0.04,-0.0
0.08,-4.67,1.34,0.01,0.04,-0.0
0.1,-4.64,1.34,0.01,0.04,-0.0
0.08,-4.65,1.4,0.01,0.04,-0.0
0.13,-4.64,1.46,0.01,0.04,-0.0
0.04,-4.67,1.42,0.01,0.04,-0.0
0.13,-4.67,1.46,0.01,0.04,-0.0
0.08,-4.67,1.4,0.01,0.04,-0.0
0.06,-4.65,1.44,0.01,0.04,-0.0
0.08,-4.62,1.4,0.01,0.04,-0.0
0.1,-4.69,1.42,0.01,0.04,-0.0
0.08,-4.65,1.38,0.01,0.04,-0.0
0.08,-4.69,1.47,0.01,0.04,-0.0
0.04,-4.65,1.42,0.01,0.04,-0.0
0.06,-4.67,1.42,0.01,0.04,-0.0
0.04,-4.67,1.42,0.01,0.04,-0.0
0.08,-4.67,1.42,0.0,0.04,-0.0
0.04,-4.65,1.42,0.0,0.04,-0.01
0.04,-4.65,1.42,0.0,0.04,-0.01
0.04,-4.6,1.44,-0.0,0.05,-0.01
0.1,-4.6,1.38,-0.0,0.05,-0.01
0.11,-4.64,1.4,-0.0,0.06,-0.01
0.15,-4.69,1.47,-0.01,0.06,-0.01
0.1,-4.71,1.46,-0.0,0.07,-0.01
0.15,-4.69,1.44,-0.0,0.08,-0.01
0.15,-4.73,1.38,-0.0,0.08,-0.01
0.17,-4.69,1.44,0.0,0.08,-0.02
0.19,-4.77,1.4,0.01,0.08,-0.02
0.17,-4.83,1.4,0.02,0.09,-0.03
0.15,-4.79,1.44,0.04,0.09,-0.04
0.17,-4.83,1.46,0.05,0.09,-0.04
0.11,-4.75,1.4,0.08,0.1,-0.05
0.17,-4.81,1.46,0.09,0.11,-0.06
0.15,-4.73,1.49,0.11,0.12,-0.07
0.15,-4.71,1.55,0.12,0.13,-0.08
0.11,-4.65,1.57,0.13,0.13,-0.09
0.13,-4.64,1.61,0.13,0.14,-0.1
0.1,-4.54,1.61,0.13,0.14,-0.1
0.1,-4.52,1.63,0.11,0.15,-0.11
0.08,-4.54,1.61,0.09,0.15,-0.11
0.06,-4.52,1.61,0.07,0.15,-0.11
0.04,-4.48,1.59,0.05,0.16,-0.11
0.02,-4.54,1.67,0.02,0.16,-0.11
0.02,-4.58,1.63,0.0,0.16,-0.11
0.02,-4.56,1.55,-0.01,0.17,-0.1
0.0,-4.6,1.53,-0.03,0.17,-0.1
0.04,-4.6,1.51,-0.04,0.18,-0.09
-0.04,-4.73,1.61,-0.06,0.18,-0.09
0.0,-4.67,1.53,-0.07,0.18,-0.09
0.02,-4.73,1.55,-0.07,0.18,-0.08
0.0,-4.67,1.57,-0.08,0.18,-0.08
-0.02,-4.67,1.47,-0.08,0.18,-0.08
0.0,-4.69,1.44,-0.09,0.17,-0.08
0.04,-4.64,1.4,-0.1,0.16,-0.08
0.04,-4.64,1.42,-0.11,0.15,-0.09
0.1,-4.64,1.36,-0.12,0.15,-0.09
0.1,-4.65,1.42,-0.13,0.14,-0.09
0.15,-4.6,1.3,-0.14,0.14,-0.09
0.19,-4.65,1.36,-0.14,0.13,-0.09
0.19,-4.69,1.44,-0.14,0.13,-0.09
0.21,-4.67,1.38,-0.14,0.12,-0.09
0.23,-4.69,1.42,-0.14,0.1,-0.09
0.11,-4.64,1.34,-0.13,0.09,-0.09
0.17,-4.64,1.34,-0.14,0.08,-0.09
0.23,-4.67,1.32,-0.14,0.06,-0.09
0.15,-4.65,1.32,-0.15,0.05,-0.09
0.15,-4.6,1.24,-0.16,0.04,-0.1
0.11,-4.65,1.24,-0.17,0.03,-0.1
0.1,-4.71,1.17,-0.18,0.02,-0.1
0.11,-4.48,1.17,-0.19,0.01,-0.1
0.04,-4.64,1.13,-0.2,0.0,-0.1
0.0,-4.6,1.09,-0.2,-0.0,-0.11
0.0,-4.54,1.05,-0.21,-0.01,-0.11
-0.08,-4.56,1.09,-0.21,-0.01,-0.11
-0.08,-4.54,1.03,-0.21,-0.02,-0.12
-0.06,-4.54,0.98,-0.21,-0.02,-0.12
-0.11,-4.5,0.98,-0.21,-0.02,-0.12
-0.11,-4.54,0.94,-0.21,-0.03,-0.13
-0.1,-4.52,0.86,-0.21,-0.03,-0.13
-0.19,-4.62,0.88,-0.21,-0.04,-0.13
-0.17,-4.56,0.88,-0.2,-0.04,-0.14
-0.13,-4.71,0.9,-0.2,-0.05,-0.14
-0.15,-4.64,0.94,-0.2,-0.05,-0.14
-0.1,-4.71,0.92,-0.2,-0.06,-0.15
-0.17,-4.69,0.96,-0.19,-0.07,-0.15
-0.19,-4.71,0.96,-0.19,-0.09,-0.16
-0.19,-4.69,0.96,-0.19,-0.1,-0.16
-0.27,-4.73,0.94,-0.18,-0.12,-0.16
-0.31,-4.77,1.0,-0.18,-0.13,-0.17
-0.27,-4.71,1.07,-0.18,-0.15,-0.17
-0.33,-4.67,1.05,-0.17,-0.17,-0.18
-0.56,-4.6,1.02,-0.18,-0.18,-0.19
-0.36,-4.48,1.09,-0.18,-0.2,-0.2
-0.5,-4.41,1.07,-0.2,-0.21,-0.2
-0.5,-4.46,1.23,-0.23,-0.22,-0.21
-0.38,-4.35,1.11,-0.27,-0.24,-0.22
-0.44,-4.35,1.24,-0.32,-0.25,-0.23
-0.31,-4.41,1.28,-0.38,-0.27,-0.24
-0.36,-4.52,1.34,-0.44,-0.28,-0.25
-0.34,-4.62,1.4,-0.5,-0.3,-0.26
-0.29,-4.77,1.46,-0.55,-0.31,-0.28
-0.25,-4.79,1.42,-0.58,-0.31,-0.3
-0.29,-4.94,1.3,-0.6,-0.31,-0.31
-0.21,-5.21,1.17,-0.61,-0.29,-0.33
-0.15,-5.31,1.03,-0.6,-0.27,-0.35
-0.1,-5.42,0.86,-0.58,-0.24,-0.37
-0.08,-5.61,0.82,-0.56,-0.22,-0.39
0.0,-5.63,0.71,-0.53,-0.21,-0.42
0.04,-5.73,0.77,-0.5,-0.19,-0.44
0.0,-5.86,0.77,-0.48,-0.19,-0.47
-0.17,-5.86,0.8,-0.44,-0.2,-0.49
-0.15,-5.88,0.84,-0.4,-0.22,-0.52
-0.25,-5.78,0.84,-0.35,-0.25,-0.54
-0.13,-5.8,0.84,-0.3,-0.28,-0.55
-0.02,-5.75,0.8,-0.25,-0.3,-0.55
-0.13,-5.73,0.79,-0.21,-0.31,-0.56
-0.23,-5.71,0.8,-0.16,-0.32,-0.57
-0.29,-5.57,0.77,-0.11,-0.33,-0.59
-0.15,-5.46,0.73,-0.05,-0.33,-0.6
-0.04,-5.31,0.61,0.02,-0.33,-0.61
-0.13,-5.21,0.57,0.06,-0.32,-0.62
-0.15,-5.15,0.54,0.1,-0.31,-0.63
-0.11,-5.04,0.42,0.13,-0.31,-0.64
0.0,-5.06,0.36,0.15,-0.3,-0.65
0.13,-4.88,0.17,0.17,-0.3,-0.66
0.23,-4.87,0.33,0.17,-0.28,-0.66
0.17,-4.92,0.42,0.17,-0.27,-0.66
0.21,-5.04,0.4,0.18,-0.28,-0.67
0.34,-5.11,0.52,0.2,-0.29,-0.67
0.54,-5.08,0.59,0.23,-0.31,-0.67
0.73,-5.06,0.82,0.26,-0.33,-0.67
0.9,-5.19,0.79,0.29,-0.35,-0.66
1.02,-5.08,0.79,0.32,-0.37,-0.64
1.02,-5.23,0.8,0.35,-0.37,-0.64
1.3,-5.11,0.65,0.37,-0.37,-0.64
1.46,-5.09,0.52,0.39,-0.36,-0.64
1.53,-4.92,0.27,0.39,-0.34,-0.64
1.74,-4.9,0.23,0.38,-0.31,-0.65
1.9,-4.75,0.29,0.36,-0.28,-0.66
1.99,-4.58,0.29,0.34,-0.25,-0.67
1.74,-4.52,0.4,0.33,-0.23,-0.69
1.72,-4.41,0.42,0.32,-0.23,-0.7
1.76,-4.33,0.54,0.33,-0.24,-0.71
1.88,-4.12,0.63,0.34,-0.25,-0.71
1.82,-4.1,0.59,0.35,-0.27,-0.71
1.92,-3.95,0.69,0.35,-0.28,-0.71
1.99,-3.81,0.61,0.35,-0.29,-0.7
1.92,-3.7,0.69,0.33,-0.3,-0.69
2.01,-3.66,0.75,0.3,-0.31,-0.68
2.09,-3.62,0.77,0.26,-0.33,-0.67
2.09,-3.58,0.79,0.23,-0.35,-0.67
2.15,-3.49,0.8,0.18,-0.37,-0.66
2.26,-3.56,0.84,0.13,-0.38,-0.64
2.2,-3.51,0.82,0.07,-0.4,-0.64
2.22,-3.58,0.77,0.01,-0.42,-0.65
2.38,-3.6,0.8,-0.06,-0.43,-0.65
2.39,-3.56,0.46,-0.13,-0.45,-0.65
2.39,-3.54,0.4,-0.2,-0.45,-0.66
2.34,-3.58,0.44,-0.28,-0.45,-0.67
2.26,-3.54,0.34,-0.35,-0.45,-0.69
2.34,-3.6,0.42,-0.4,-0.46,-0.7
2.34,-3.64,0.42,-0.45,-0.46,-0.71
2.34,-3.64,0.38,-0.48,-0.47,-0.72
2.32,-3.6,0.44,-0.5,-0.47,-0.72
2.32,-3.58,0.4,-0.5,-0.48,-0.73
2.34,-3.6,0.38,-0.49,-0.5,-0.73
2.3,-3.6,0.34,-0.47,-0.51,-0.73
2.41,-3.7,0.29,-0.45,-0.51,-0.72
2.43,-3.62,0.31,-0.43,-0.51,-0.71
2.45,-3.56,0.21,-0.41,-0.51,-0.7
2.59,-3.58,0.19,-0.4,-0.5,-0.69
2.68,-3.56,-0.04,-0.41,-0.49,-0.68
2.83,-3.56,0.06,-0.43,-0.47,-0.67
2.97,-3.66,0.08,-0.46,-0.44,-0.66
3.16,-3.72,0.15,-0.49,-0.41,-0.66
3.37,-3.75,0.17,-0.52,-0.38,-0.67
3.45,-3.81,0.29,-0.53,-0.34,-0.68
3.87,-3.87,0.13,-0.53,-0.31,-0.69
4.18,-3.85,0.08,-0.51,-0.28,-0.71
4.42,-3.81,0.0,-0.49,-0.25,-0.72
4.58,-3.77,-0.02,-0.47,-0.22,-0.72
4.67,-3.6,-0.13,-0.45,-0.19,-0.72
4.88,-3.58,-0.38,-0.41,-0.16,-0.71
4.87,-3.45,-0.42,-0.37,-0.14,-0.7
4.81,-3.26,-0.54,-0.33,-0.12,-0.68
4.73,-2.93,-0.67,-0.28,-0.11,-0.66
4.81,-2.62,-0.75,-0.24,-0.1,-0.64
4.64,-2.28,-0.92,-0.22,-0.09,-0.62
4.56,-1.9,-1.0,-0.22,-0.07,-0.6
4.39,-1.65,-1.19,-0.24,-0.05,-0.59
4.31,-1.46,-1.28,-0.29,-0.03,-0.58
4.25,-1.28,-1.42,-0.36,0.0,-0.58
4.14,-1.26,-1.46,-0.45,0.03,-0.58
4.0,-1.38,-1.47,-0.54,0.08,-0.59
3.91,-1.65,-1.4,-0.63,0.12,-0.61
3.81,-1.9,-1.38,-0.69,0.17,-0.62
3.87,-2.2,-1.28,-0.72,0.21,-0.63
3.77,-2.45,-1.02,-0.73,0.23,-0.63
3.73,-2.72,-0.88,-0.71,0.23,-0.64
3.66,-2.85,-0.69,-0.65,0.22,-0.64
3.7,-2.97,-0.57,-0.57,0.2,-0.64
3.77,-2.93,-0.59,-0.49,0.17,-0.63
3.73,-2.95,-0.57,-0.41,0.14,-0.63
3.87,-2.91,-0.56,-0.36,0.11,-0.62
3.87,-2.87,-0.59,-0.33,0.09,-0.6
4.0,-2.85,-0.48,-0.32,0.09,-0.59
4.02,-2.87,-0.42,-0.33,0.09,-0.58
4.12,-2.91,-0.38,-0.35,0.11,-0.58
4.18,-2.99,-0.29,-0.36,0.13,-0.57
4.21,-3.06,-0.23,-0.37,0.15,-0.57
4.27,-3.1,-0.1,-0.36,0.17,-0.57
4.29,-3.08,-0.04,-0.33,0.19,-0.56
4.29,-3.01,-0.11,-0.3,0.21,-0.56
4.39,-3.03,-0.17,-0.25,0.23,-0.56
4.44,-2.93,-0.27,-0.21,0.25,-0.56
4.42,-2.85,-0.34,-0.16,0.26,-0.56
4.44,-2.78,-0.46,-0.11,0.27,-0.56
4.5,-2.78,-0.52,-0.08,0.26,-0.56
4.46,-2.72,-0.73,-0.05,0.25,-0.56
4.44,-2.57,-0.75,-0.03,0.23,-0.56
4.31,-2.51,-0.88,-0.01,0.23,-0.57
4.29,-2.53,-0.94,-0.0,0.22,-0.57
4.21,-2.45,-0.9,0.0,0.23,-0.56
4.21,-2.47,-0.92,0.01,0.23,-0.56
4.16,-2.53,-0.96,0.01,0.23,-0.55
4.08,-2.43,-0.9,0.0,0.24,-0.55
3.96,-2.39,-0.84,-0.0,0.24,-0.54
3.91,-2.39,-0.77,-0.01,0.24,-0.53
3.83,-2.47,-0.8,-0.02,0.22,-0.51
3.73,-2.41,-0.88,-0.03,0.2,-0.5
3.7,-2.28,-0.59,-0.03,0.18,-0.48
3.68,-2.24,-0.61,-0.03,0.15,-0.47
3.68,-2.28,-0.56,-0.03,0.11,-0.46
3.72,-2.22,-0.56,-0.02,0.08,-0.45
3.81,-2.2,-0.54,-0.0,0.05,-0.44
4.19,-2.18,-0.61,0.01,0.02,-0.43
4.35,-2.13,-0.65,0.02,0.01,-0.43
4.6,-2.01,-0.67,0.03,-0.0,-0.43
4.75,-1.86,-0.67,0.04,-0.0,-0.43
4.83,-1.65,-0.75,0.04,-0.0,-0.44
4.87,-1.55,-0.77,0.04,-0.0,-0.44
4.85,-1.44,-0.82,0.04,-0.01,-0.45
4.79,-1.3,-1.0,0.02,-0.01,-0.45
4.73,-1.32,-1.15,0.0,-0.01,-0.45
4.67,-1.24,-1.13,-0.02,-0.01,-0.45
4.48,-1.21,-1.05,-0.04,-0.01,-0.45
4.31,-1.24,-1.03,-0.06,-0.01,-0.44
4.1,-1.38,-0.86,-0.08,-0.03,-0.43
4.08,-1.51,-0.8,-0.11,-0.03,-0.41
4.06,-1.57,-0.71,-0.14,-0.03,-0.39
4.08,-1.65,-0.57,-0.16,-0.02,-0.38
4.23,-1.72,-0.54,-0.18,-0.0,-0.36
4.33,-1.76,-0.42,-0.18,0.03,-0.35
4.54,-1.69,-0.44,-0.18,0.05,-0.35
4.64,-1.65,-0.44,-0.17,0.08,-0.35
4.79,-1.53,-0.44,-0.17,0.11,-0.36
4.9,-1.53,-0.4,-0.17,0.14,-0.36
4.94,-1.53,-0.33,-0.18,0.16,-0.37
5.04,-1.44,-0.4,-0.19,0.18,-0.39
5.08,-1.55,-0.34,-0.2,0.2,-0.4
5.11,-1.51,-0.19,-0.21,0.22,-0.41
5.08,-1.59,-0.02,-0.22,0.24,-0.42
5.04,-1.65,0.02,-0.21,0.25,-0.44
5.08,-1.74,0.15,-0.19,0.25,-0.46
5.02,-1.93,0.17,-0.17,0.26,-0.47
4.88,-1.95,0.31,-0.15,0.27,-0.49
4.71,-1.92,0.44,-0.11,0.27,-0.5
4.58,-1.84,0.42,-0.07,0.26,-0.52
4.42,-1.74,0.34,-0.03,0.25,-0.53
4.33,-1.63,0.4,0.0,0.24,-0.53
4.16,-1.53,0.27,0.03,0.23,-0.54
4.02,-1.44,0.19,0.06,0.21,-0.54
3.96,-1.26,0.06,0.08,0.2,-0.54
3.95,-1.09,-0.08,0.08,0.18,-0.54
3.93,-1.09,-0.13,0.08,0.16,-0.54
3.87,-1.0,-0.17,0.07,0.14,-0.54
3.93,-1.05,-0.31,0.06,0.11,-0.54
4.0,-1.03,-0.36,0.06,0.09,-0.54
4.18,-1.11,-0.38,0.05,0.07,-0.53
4.27,-1.15,-0.36,0.04,0.06,-0.52
4.44,-1.17,-0.36,0.03,0.05,-0.52
4.62,-1.26,-0.34,0.03,0.06,-0.51
4.69,-1.28,-0.31,0.04,0.06,-0.51
4.71,-1.32,-0.15,0.04,0.07,-0.51
4.77,-1.24,-0.34,0.06,0.07,-0.52
4.88,-1.26,-0.34,0.07,0.08,-0.52
4.88,-1.26,-0.34,0.09,0.08,-0.54
4.92,-1.19,-0.27,0.09,0.09,-0.55
4.9,-1.15,-0.27,0.1,0.1,-0.57
4.96,-1.07,-0.29,0.1,0.12,-0.59
4.9,-1.03,-0.23,0.1,0.15,-0.61
4.94,-0.98,-0.33,0.1,0.17,-0.62
4.92,-0.96,-0.34,0.09,0.2,-0.63
4.9,-0.82,-0.27,0.08,0.22,-0.64
4.87,-0.69,-0.29,0.06,0.24,-0.65
4.85,-0.67,-0.29,0.04,0.26,-0.65
4.77,-0.67,-0.34,0.02,0.27,-0.66
4.69,-0.63,-0.29,0.01,0.27,-0.66
4.65,-0.63,-0.4,-0.01,0.28,-0.66
4.67,-0.69,-0.57,-0.01,0.29,-0.66
4.62,-0.71,-0.71,-0.02,0.31,-0.65
4.58,-0.75,-0.86,-0.03,0.32,-0.64
4.58,-0.57,-0.92,-0.02,0.34,-0.62
4.58,-0.46,-1.07,-0.03,0.37,-0.61
4.79,-0.29,-1.0,-0.03,0.4,-0.59
4.79,-0.25,-0.88,-0.04,0.43,-0.56
5.19,0.13,-0.96,-0.04,0.46,-0.52
5.8,0.33,-0.86,-0.04,0.49,-0.46
6.36,0.42,-0.79,-0.04,0.52,-0.4
6.91,0.48,-0.79,-0.03,0.53,-0.34
7.34,0.54,-0.71,-0.03,0.52,-0.27
7.68,0.56,-0.75,-0.04,0.47,-0.22
7.81,0.48,-0.88,-0.05,0.4,-0.17
7.58,0.56,-0.82,-0.06,0.3,-0.13
7.14,0.42,-0.9,-0.08,0.19,-0.07
6.74,0.33,-0.9,-0.09,0.08,-0.01
6.36,0.36,-0.92,-0.1,-0.02,0.05
6.19,0.34,-0.84,-0.1,-0.09,0.11
5.88,0.38,-0.61,-0.09,-0.12,0.16
5.67,0.54,-0.4,-0.08,-0.14,0.19
5.38,0.69,-0.21,-0.07,-0.14,0.21
4.94,0.8,-0.06,-0.06,-0.12,0.22
4.48,1.02,0.15,-0.06,-0.1,0.21
4.04,1.23,0.44,-0.07,-0.08,0.2
3.77,1.28,0.42,-0.09,-0.06,0.18
3.58,1.32,0.57,-0.12,-0.04,0.16
3.08,1.32,0.59,-0.15,-0.01,0.14
3.22,1.23,0.67,-0.19,0.03,0.12
3.35,1.03,0.67,-0.23,0.08,0.1
3.49,0.79,0.73,-0.26,0.13,0.08
3.7,0.46,0.8,-0.3,0.2,0.07
3.89,0.21,0.84,-0.33,0.27,0.06
4.16,-0.1,0.92,-0.35,0.33,0.05
4.23,-0.42,0.96,-0.37,0.38,0.05
4.5,-0.79,0.92,-0.37,0.41,0.04
4.62,-1.05,1.02,-0.37,0.41,0.03
4.85,-1.32,1.05,-0.35,0.4,0.02
5.0,-1.49,0.86,-0.32,0.37,0.01
5.13,-1.61,0.86,-0.28,0.33,-0.0
5.13,-1.7,0.8,-0.22,0.29,-0.01
5.23,-1.63,0.73,-0.14,0.24,-0.02
5.21,-1.49,0.59,-0.05,0.2,-0.03
5.19,-1.26,0.56,0.03,0.16,-0.03
5.21,-0.98,0.33,0.11,0.13,-0.03
5.11,-0.63,0.31,0.16,0.1,-0.02
5.08,-0.23,0.13,0.19,0.07,-0.02
5.09,0.1,0.11,0.2,0.06,-0.01
5.06,0.34,0.0,0.19,0.06,0.0
5.17,0.71,-0.02,0.17,0.06,0.01
5.32,0.8,-0.15,0.13,0.09,0.02
5.5,0.86,-0.1,0.09,0.12,0.03
5.5,0.9,-0.04,0.05,0.16,0.03
5.52,0.94,0.04,0.01,0.2,0.02
5.48,0.82,0.0,-0.03,0.24,0.01
5.4,0.79,0.11,-0.08,0.27,0.01
5.29,0.69,0.15,-0.13,0.3,-0.0
5.23,0.56,0.27,-0.19,0.31,-0.01
5.09,0.48,0.34,-0.23,0.31,-0.02
4.98,0.27,0.4,-0.27,0.31,-0.03
4.9,0.15,0.44,-0.3,0.3,-0.03
4.77,0.02,0.57,-0.32,0.29,-0.03
4.67,-0.1,0.61,-0.33,0.27,-0.03
4.58,-0.06,0.65,-0.32,0.25,-0.02
4.52,-0.15,0.65,-0.31,0.22,-0.01
4.46,-0.23,0.69,-0.3,0.2,-0.01
4.41,-0.19,0.73,-0.28,0.18,-0.0
4.42,-0.29,0.73,-0.26,0.15,0.0
4.31,-0.25,0.77,-0.23,0.13,0.0
4.39,-0.23,0.82,-0.22,0.12,0.01
4.37,-0.17,0.79,-0.2,0.1,0.01
4.5,-0.25,0.69,-0.19,0.08,0.01
4.37,-0.13,0.8,-0.18,0.07,0.02
4.52,-0.15,0.82,-0.18,0.06,0.03
4.54,-0.21,0.82,-0.18,0.05,0.03
4.6,-0.13,0.8,-0.18,0.04,0.03
4.67,-0.17,0.73,-0.17,0.03,0.04
4.79,-0.21,0.73,-0.16,0.03,0.04
4.88,-0.21,0.73,-0.15,0.04,0.05
4.96,-0.25,0.71,-0.14,0.04,0.06
5.0,-0.29,0.71,-0.11,0.05,0.07
5.17,-0.31,0.65,-0.08,0.06,0.08
5.21,-0.4,0.67,-0.05,0.08,0.09
5.31,-0.34,0.57,-0.02,0.09,0.1
5.25,-0.36,0.5,0.02,0.1,0.1
5.34,-0.4,0.5,0.05,0.11,0.1
5.32,-0.42,0.42,0.07,0.12,0.09
5.29,-0.33,0.4,0.09,0.12,0.09
5.25,-0.33,0.36,0.1,0.12,0.08
5.21,-0.34,0.31,0.1,0.12,0.07
5.11,-0.34,0.48,0.1,0.11,0.07
5.0,-0.38,0.42,0.09,0.11,0.06
4.88,-0.42,0.44,0.08,0.1,0.05
4.65,-0.42,0.48,0.07,0.09,0.05
4.65,-0.33,0.61,0.06,0.07,0.04
4.5,-0.4,0.57,0.06,0.06,0.04
4.52,-0.25,0.77,0.06,0.05,0.04
4.65,-0.36,0.77,0.06,0.04,0.04
4.46,-0.38,0.88,0.07,0.04,0.04
4.44,-0.33,0.67,0.08,0.04,0.04
4.5,-0.46,0.86,0.09,0.05,0.04
4.42,-0.4,0.63,0.1,0.05,0.04
4.58,-0.54,0.63,0.11,0.06,0.05
4.56,-0.42,0.67,0.12,0.06,0.05
4.52,-0.5,0.73,0.13,0.06,0.05
4.71,-0.57,0.69,0.14,0.06,0.05
4.73,-0.57,0.63,0.15,0.06,0.04
4.79,-0.59,0.54,0.15,0.06,0.04
4.88,-0.71,0.48,0.14,0.06,0.03
4.83,-0.57,0.52,0.13,0.06,0.01
4.79,-0.71,0.46,0.11,0.07,0.0
4.85,-0.67,0.54,0.1,0.06,-0.01
4.88,-0.56,0.5,0.08,0.06,-0.02
4.88,-0.79,0.42,0.06,0.05,-0.02
4.83,-0.71,0.48,0.05,0.04,-0.03
4.81,-0.69,0.63,0.04,0.04,-0.03
4.88,-0.63,0.59,0.03,0.03,-0.03
4.85,-0.71,0.56,0.02,0.02,-0.03
4.79,-0.77,0.67,0.03,0.01,-0.03
4.85,-0.67,0.61,0.03,0.0,-0.03
4.83,-0.67,0.73,0.04,-0.0,-0.03
4.83,-0.57,0.82,0.05,-0.01,-0.03
4.79,-0.52,0.82,0.07,-0.01,-0.03
4.87,-0.44,0.71,0.08,-0.02,-0.03
4.92,-0.4,0.86,0.09,-0.02,-0.03
4.94,-0.38,0.8,0.09,-0.02,-0.03
4.9,-0.15,0.61,0.08,-0.03,-0.03
4.81,-0.17,0.59,0.08,-0.03,-0.03
4.88,-0.33,0.57,0.07,-0.03,-0.03
4.94,-0.15,0.59,0.05,-0.04,-0.03
4.54,0.08,0.25,0.04,-0.04,-0.03
4.88,0.0,0.8,0.02,-0.04,-0.02
4.98,-0.29,0.33,-0.0,-0.04,-0.02
4.98,-0.25,0.06,-0.02,-0.05,-0.01
4.92,-0.5,0.17,-0.03,-0.05,-0.01
4.9,-0.48,0.21,-0.04,-0.05,-0.01
4.9,-0.5,0.27,-0.05,-0.06,-0.01
4.92,-0.59,0.19,-0.05,-0.06,-0.01
4.85,-0.5,0.21,-0.05,-0.06,-0.01
4.92,-0.56,0.11,-0.05,-0.06,-0.01
4.88,-0.61,0.25,-0.04,-0.05,-0.02
4.9,-0.59,0.31,-0.03,-0.04,-0.02
4.98,-0.54,0.36,-0.02,-0.03,-0.03
4.88,-0.31,0.34,-0.02,-0.02,-0.03
4.9,-0.29,0.27,-0.01,-0.0,-0.03
4.88,-0.27,0.21,-0.01,0.01,-0.03
4.79,-0.21,0.27,-0.01,0.02,-0.03
4.96,-0.15,0.56,-0.02,0.02,-0.03
4.87,-0.21,0.34,-0.02,0.03,-0.02
4.9,-0.27,0.36,-0.03,0.03,-0.02
4.9,-0.21,0.34,-0.04,0.02,-0.01
4.88,-0.31,0.36,-0.05,0.02,-0.01
4.9,-0.25,0.25,-0.06,0.01,-0.0
4.88,-0.23,0.21,-0.06,0.01,0.0
4.96,-0.34,0.23,-0.06,0.0,0.0
4.85,-0.33,0.06,-0.06,0.0,0.0
5.04,-0.36,0.57,-0.05,0.0,0.0
4.87,-0.5,0.44,-0.05,0.01,0.0
4.85,-0.42,0.31,-0.04,0.01,-0.0
4.79,-0.5,0.5,-0.02,0.02,-0.0
4.94,-0.23,0.48,-0.01,0.02,-0.01
4.96,-0.33,0.38,-0.0,0.02,-0.01
4.94,-0.48,0.34,0.0,0.03,-0.01
5.08,-0.38,0.44,0.01,0.03,-0.01
4.9,-0.44,0.36,0.02,0.03,-0.01
4.94,-0.27,0.42,0.02,0.03,-0.01
4.9,-0.29,0.46,0.02,0.03,-0.01
4.94,-0.23,0.5,0.01,0.02,-0.01
4.94,-0.29,0.54,0.01,0.02,-0.0
4.92,-0.17,0.48,0.0,0.01,0.0
4.98,-0.27,0.59,-0.0,0.01,0.0
4.94,-0.31,0.33,-0.01,0.01,0.01
4.94,-0.33,0.38,-0.0,0.0,0.01
4.94,-0.38,0.33,-0.0,-0.0,0.02
5.13,-0.33,0.4,0.0,-0.0,0.02
4.92,-0.42,0.27,0.01,0.0,0.02
4.94,-0.42,0.25,0.02,0.0,0.02
4.88,-0.23,0.27,0.02,0.01,0.02
4.88,-0.4,0.13,0.03,0.01,0.02
4.94,-0.02,0.34,0.03,0.02,0.02
4.88,-0.33,0.17,0.03,0.02,0.02
4.88,-0.33,0.15,0.04,0.03,0.01
4.87,-0.25,0.17,0.03,0.04,0.01
4.85,-0.31,0.23,0.03,0.05,0.01
4.88,-0.31,-0.06,0.03,0.07,0.01
4.83,-0.29,0.15,0.03,0.07,0.01
4.9,-0.4,0.42,0.02,0.08,0.01
4.73,-0.31,0.27,0.02,0.09,0.01
4.92,-0.34,0.4,0.02,0.09,0.01
4.81,-0.31,0.34,0.02,0.1,0.01
4.79,-0.36,0.33,0.02,0.1,0.02
4.88,-0.34,0.36,0.03,0.11,0.02
4.94,-0.4,0.38,0.03,0.11,0.03
4.9,-0.42,0.33,0.04,0.11,0.03
4.94,-0.38,0.33,0.04,0.11,0.03
4.98,-0.38,0.34,0.05,0.12,0.03
4.94,-0.42,0.34,0.06,0.12,0.03
4.9,-0.48,0.33,0.06,0.12,0.02
4.98,-0.46,0.36,0.06,0.12,0.02
4.96,-0.42,0.31,0.07,0.12,0.01
4.94,-0.4,0.38,0.07,0.12,0.01
4.88,-0.29,0.4,0.07,0.12,0.01
4.71,-0.48,0.48,0.06,0.12,0.01
4.87,-0.34,0.42,0.06,0.12,0.01
4.85,-0.36,0.42,0.06,0.12,0.01
4.85,-0.31,0.42,0.06,0.11,0.01
4.77,-0.36,0.5,0.06,0.11,0.01
4.75,-0.15,0.71,0.06,0.11,0.01
4.77,-0.33,0.46,0.05,0.1,0.01
4.81,-0.34,0.52,0.05,0.1,0.01
4.81,-0.33,0.46,0.05,0.1,0.01
4.83,-0.34,0.46,0.05,0.1,0.02
4.83,-0.36,0.44,0.05,0.1,0.02
4.83,-0.34,0.54,0.05,0.09,0.02
4.88,-0.34,0.5,0.05,0.09,0.02
4.92,-0.36,0.54,0.05,0.09,0.02
4.87,-0.33,0.54,0.05,0.09,0.02
4.92,-0.38,0.57,0.05,0.09,0.02
4.88,-0.34,0.57,0.05,0.08,0.01
4.88,-0.4,0.56,0.04,0.08,0.01
4.9,-0.33,0.65,0.04,0.08,0.01
4.92,-0.36,0.57,0.04,0.07,0.01
4.9,-0.29,0.67,0.04,0.07,0.0
4.87,-0.29,0.71,0.04,0.07,0.0
4.71,-0.34,0.61,0.04,0.07,0.0
4.81,-0.21,0.67,0.04,0.06,0.0
4.83,-0.27,0.75,0.04,0.07,0.0
4.81,-0.21,0.73,0.03,0.07,-0.0
4.79,-0.23,0.79,0.03,0.08,-0.0
4.81,-0.23,0.84,0.02,0.08,-0.01
4.83,-0.25,0.84,0.01,0.09,-0.01
4.79,-0.17,0.84,0.01,0.1,-0.01
4.85,-0.23,0.94,0.0,0.1,-0.02
4.85,-0.25,0.98,0.0,0.11,-0.02
4.88,-0.33,1.02,0.0,0.11,-0.02
4.83,-0.31,1.05,0.01,0.11,-0.02
4.85,-0.4,0.9,0.02,0.1,-0.02
4.9,-0.36,0.86,0.03,0.09,-0.02
4.88,-0.44,0.77,0.04,0.09,-0.02
4.92,-0.57,0.71,0.05,0.08,-0.01
4.96,-0.57,0.54,0.06,0.06,-0.01
4.9,-0.59,0.5,0.07,0.05,-0.01
4.92,-0.61,0.25,0.08,0.05,-0.01
4.9,-0.61,0.17,0.09,0.04,-0.01
4.87,-0.54,0.11,0.09,0.04,-0.01
4.67,-0.54,0.0,0.09,0.04,-0.01
4.79,-0.52,0.19,0.08,0.04,-0.01
4.77,-0.42,0.25,0.08,0.04,-0.01
4.69,-0.38,0.29,0.07,0.04,-0.01
4.81,-0.38,0.36,0.07,0.04,-0.01
4.81,-0.34,0.42,0.07,0.04,-0.01
4.83,-0.31,0.57,0.06,0.04,-0.01
4.83,-0.29,0.5,0.06,0.05,-0.01
4.81,-0.25,0.67,0.06,0.05,-0.0
4.87,-0.19,0.77,0.06,0.05,-0.0
4.88,-0.17,0.75,0.07,0.05,0.0
4.9,-0.19,0.73,0.07,0.05,0.0
4.9,-0.15,0.79,0.07,0.05,0.01
4.9,-0.13,0.79,0.07,0.05,0.01
4.96,-0.15,0.8,0.06,0.04,0.01
4.92,-0.19,0.65,0.06,0.04,0.01
4.87,-0.19,0.77,0.05,0.04,0.01
4.88,-0.13,0.67,0.04,0.04,0.0
4.87,-0.13,0.67,0.04,0.04,0.0
4.9,-0.21,0.67,0.03,0.04,0.0
4.85,-0.17,0.65,0.02,0.03,-0.0
4.85,-0.27,0.67,0.01,0.03,-0.0
4.77,-0.29,0.61,0.0,0.03,-0.01
4.71,-0.21,0.61,-0.0,0.03,-0.01
4.79,-0.27,0.57,-0.01,0.03,-0.01
4.77,-0.33,0.59,-0.01,0.03,-0.01
4.75,-0.31,0.63,-0.01,0.03,-0.01
4.77,-0.36,0.61,-0.01,0.03,-0.01
4.77,-0.34,0.54,-0.01,0.03,-0.01
4.75,-0.44,0.57,-0.01,0.03,-0.01
4.85,-0.36,0.56,-0.01,0.03,-0.01
4.75,-0.38,0.59,-0.01,0.03,-0.01
4.83,-0.36,0.63,-0.01,0.04,-0.01
4.87,-0.4,0.63,-0.0,0.04,-0.01
4.87,-0.31,0.59,0.0,0.04,-0.01
4.87,-0.31,0.69,0.01,0.04,-0.01
4.88,-0.31,0.71,0.01,0.04,-0.01
4.9,-0.31,0.75,0.02,0.04,-0.02
4.88,-0.21,0.82,0.02,0.03,-0.02
4.9,-0.21,0.82,0.02,0.03,-0.02
4.92,-0.19,0.75,0.02,0.02,-0.02
4.94,-0.21,0.86,0.03,0.02,-0.01
4.88,-0.23,0.84,0.03,0.01,-0.01
4.88,-0.25,0.92,0.03,0.0,-0.01
4.9,-0.1,0.75,0.03,-0.01,-0.01
4.87,-0.27,0.86,0.03,-0.02,-0.01
4.9,-0.36,0.8,0.03,-0.03,-0.01
4.87,-0.38,0.65,0.04,-0.04,-0.01
4.88,-0.44,0.56,0.04,-0.05,-0.01
4.85,-0.42,0.52,0.04,-0.05,-0.01
4.83,-0.44,0.38,0.03,-0.05,-0.01
4.85,-0.52,0.4,0.03,-0.05,-0.01
4.77,-0.5,0.34,0.02,-0.05,-0.01
4.77,-0.44,0.33,0.02,-0.04,-0.01
4.75,-0.46,0.34,0.01,-0.03,-0.02
4.77,-0.36,0.31,0.01,-0.03,-0.02
4.77,-0.38,0.36,0.01,-0.02,-0.02
4.79,-0.34,0.36,0.01,-0.01,-0.02
4.79,-0.33,0.4,0.01,-0.01,-0.02
4.85,-0.36,0.5,0.01,-0.0,-0.02
4.88,-0.33,0.5,0.02,0.0,-0.02
4.87,-0.25,0.48,0.02,0.01,-0.02
4.85,-0.27,0.57,0.03,0.01,-0.01
4.92,-0.25,0.59,0.03,0.01,-0.01
4.92,-0.29,0.59,0.04,0.02,-0.01
4.94,-0.19,0.54,0.04,0.02,-0.01
4.73,-0.15,0.57,0.04,0.02,-0.01
4.9,-0.23,0.59,0.04,0.02,-0.01
4.92,-0.33,0.57,0.04,0.02,-0.01
4.92,-0.25,0.48,0.04,0.02,-0.01
4.88,-0.21,0.56,0.03,0.02,-0.01
4.9,-0.25,0.52,0.03,0.02,-0.01
4.9,-0.23,0.52,0.02,0.02,-0.01
4.87,-0.21,0.52,0.02,0.02,-0.01
4.87,-0.31,0.5,0.01,0.02,-0.01
4.88,-0.29,0.46,0.0,0.02,-0.01
4.88,-0.29,0.52,0.0,0.02,-0.01
4.9,-0.31,0.56,0.0,0.02,-0.01
4.87,-0.27,0.59,0.0,0.02,-0.01
4.83,-0.27,0.52,0.01,0.02,-0.01
4.85,-0.25,0.46,0.01,0.02,-0.01
4.88,-0.21,0.54,0.01,0.02,-0.01
4.88,-0.27,0.52,0.01,0.02,-0.01
4.87,-0.25,0.5,0.01,0.02,-0.01
4.88,-0.23,0.44,0.01,0.02,-0.01
4.88,-0.15,0.48,0.01,0.02,-0.01
4.88,-0.25,0.36,0.0,0.03,-0.01
4.96,-0.31,0.44,-0.0,0.03,-0.01
4.88,-0.23,0.5,-0.0,0.03,-0.01
4.87,-0.25,0.48,-0.01,0.03,-0.01
4.92,-0.31,0.46,-0.01,0.04,-0.01
4.88,-0.31,0.48,-0.01,0.04,-0.01
4.94,-0.36,0.44,-0.01,0.04,-0.0
4.9,-0.29,0.5,-0.01,0.04,-0.0
4.88,-0.33,0.57,-0.01,0.04,-0.0
4.85,-0.34,0.5,-0.0,0.04,-0.0
4.85,-0.29,0.56,0.0,0.04,-0.0
4.83,-0.25,0.52,0.0,0.04,-0.01
4.83,-0.27,0.54,0.01,0.04,-0.0
4.87,-0.23,0.5,0.01,0.04,-0.0
4.85,-0.29,0.52,0.01,0.04,-0.0
4.88,-0.33,0.52,0.01,0.04,-0.0
4.87,-0.27,0.54,0.01,0.04,-0.0
4.85,-0.21,0.52,0.01,0.04,-0.0
4.88,-0.25,0.46,0.0,0.04,-0.01
4.88,-0.27,0.48,0.0,0.04,-0.0
4.88,-0.31,0.54,-0.0,0.04,-0.0
4.87,-0.29,0.52,-0.0,0.03,-0.0
4.88,-0.27,0.57,-0.0,0.03,-0.0
4.88,-0.31,0.59,-0.0,0.03,-0.0
4.83,-0.21,0.5,0.0,0.03,-0.0
4.87,-0.27,0.44,0.0,0.03,-0.0
4.88,-0.27,0.44,0.0,0.04,-0.0
4.92,-0.29,0.54,0.01,0.04,-0.0
4.87,-0.27,0.52,0.01,0.04,-0.0
4.88,-0.23,0.42,0.01,0.04,-0.01
4.9,-0.29,0.52,0.01,0.04,-0.01
4.87,-0.25,0.46,0.01,0.04,-0.01
4.81,-0.25,0.5,0.01,0.04,-0.0
4.81,-0.31,0.5,0.01,0.04,-0.0
4.9,-0.33,0.5,0.01,0.04,-0.0
4.88,-0.31,0.48,0.01,0.04,-0.0
4.88,-0.25,0.48,0.01,0.04,-0.0
4.88,-0.31,0.59,0.01,0.04,0.0
4.85,-0.33,0.52,0.01,0.04,-0.0
4.9,-0.31,0.52,0.01,0.04,-0.0
4.88,-0.29,0.56,0.01,0.04,-0.0
4.87,-0.31,0.56,0.01,0.04,-0.0
4.83,-0.29,0.56,0.01,0.04,-0.0
4.85,-0.31,0.56,0.01,0.04,-0.0
4.87,-0.23,0.54,0.01,0.04,-0.0
4.85,-0.25,0.57,0.01,0.03,-0.0
4.85,-0.31,0.56,0.01,0.03,-0.0
4.88,-0.25,0.54,0.01,0.03,-0.0
4.85,-0.23,0.5,0.01,0.03,-0.0
4.85,-0.27,0.54,0.01,0.03,-0.0
4.85,-0.27,0.65,0.01,0.03,-0.0
4.85,-0.31,0.59,0.01,0.03,-0.0
4.81,-0.27,0.52,0.01,0.03,-0.0
4.85,-0.29,0.54,0.01,0.03,-0.0
4.87,-0.31,0.57,0.01,0.03,-0.0
4.83,-0.19,0.48,0.01,0.03,-0.0
4.83,-0.25,0.48,0.01,0.02,-0.0
4.88,-0.31,0.65,0.01,0.02,-0.0
4.83,-0.29,0.48,0.01,0.02,-0.0
4.85,-0.27,0.59,0.01,0.02,0.0
4.9,-0.31,0.5,0.0,0.01,-0.0
4.9,-0.29,0.48,0.0,0.01,-0.0
4.87,-0.27,0.59,0.0,0.01,-0.0
4.88,-0.25,0.56,0.0,0.01,-0.0
4.9,-0.27,0.59,0.0,0.01,-0.01
4.88,-0.19,0.56,0.01,0.01,-0.01
4.87,-0.21,0.59,0.01,0.01,-0.01
4.85,-0.21,0.52,0.01,0.02,-0.01
4.88,-0.17,0.54,0.01,0.02,-0.01
4.88,-0.15,0.54,0.01,0.02,-0.01
4.9,-0.19,0.5,0.01,0.02,-0.01
4.9,-0.19,0.48,0.0,0.02,-0.01
4.88,-0.23,0.5,-0.0,0.02,-0.01
4.87,-0.23,0.54,-0.01,0.02,-0.0
4.9,-0.21,0.57,-0.01,0.01,-0.0
4.85,-0.33,0.48,-0.02,0.01,-0.0
4.85,-0.23,0.48,-0.03,0.01,-0.0
4.87,-0.27,0.5,-0.03,0.01,-0.0
4.88,-0.31,0.42,-0.03,0.01,-0.01
4.92,-0.31,0.5,-0.03,0.01,-0.01
4.9,-0.25,0.54,-0.02,0.01,-0.01
4.88,-0.21,0.48,-0.02,0.01,-0.01
4.87,-0.19,0.44,-0.02,0.02,-0.01
4.87,-0.17,0.5,-0.02,0.02,-0.02
4.88,-0.17,0.54,-0.02,0.02,-0.02
4.87,-0.11,0.46,-0.02,0.02,-0.02
4.88,-0.17,0.48,-0.02,0.02,-0.02
4.85,-0.21,0.48,-0.03,0.02,-0.02
4.9,-0.23,0.52,-0.03,0.02,-0.02
4.87,-0.33,0.42,-0.03,0.02,-0.01
4.9,-0.29,0.54,-0.03,0.02,-0.01
4.88,-0.27,0.48,-0.03,0.02,-0.01
4.9,-0.31,0.5,-0.02,0.02,-0.01
4.9,-0.33,0.5,-0.02,0.02,-0.0
4.9,-0.33,0.42,-0.02,0.02,-0.0
4.92,-0.33,0.48,-0.01,0.02,-0.0
4.92,-0.31,0.48,-0.01,0.02,-0.0
4.88,-0.31,0.5,-0.0,0.01,-0.0
4.9,-0.23,0.4,0.0,0.01,-0.01
4.92,-0.27,0.46,0.0,0.01,-0.01
4.92,-0.25,0.46,0.0,0.01,-0.01
4.9,-0.25,0.42,-0.0,0.01,-0.01
4.9,-0.25,0.42,-0.0,0.01,-0.01
4.9,-0.21,0.48,-0.01,0.01,-0.01
4.88,-0.19,0.46,-0.01,0.01,-0.01
4.9,-0.23,0.59,-0.01,0.02,-0.01
4.87,-0.19,0.63,-0.01,0.02,-0.01
4.88,-0.21,0.5,-0.01,0.02,-0.01
4.85,-0.25,0.56,-0.01,0.02,-0.01
4.88,-0.27,0.56,-0.01,0.02,-0.01
4.81,-0.23,0.31,-0.01,0.02,-0.01
4.85,-0.19,0.48,-0.01,0.02,-0.01
4.85,-0.27,0.38,-0.01,0.02,-0.01
4.87,-0.19,0.34,-0.01,0.02,-0.01
4.88,-0.23,0.4,-0.01,0.02,-0.01
4.9,-0.21,0.4,-0.01,0.02,-0.01
4.88,-0.21,0.36,-0.01,0.02,-0.01
4.9,-0.27,0.38,-0.01,0.02,-0.01
4.92,-0.17,0.42,-0.02,0.02,-0.01
4.92,-0.17,0.4,-0.02,0.02,-0.01
4.88,-0.17,0.5,-0.02,0.02,-0.01
4.88,-0.21,0.46,-0.03,0.02,-0.01
4.88,-0.23,0.46,-0.03,0.01,-0.01
4.88,-0.25,0.44,-0.03,0.01,-0.01
4.9,-0.25,0.38,-0.04,0.01,-0.01
4.88,-0.25,0.36,-0.04,0.01,-0.01
4.9,-0.23,0.38,-0.04,0.01,-0.01
4.9,-0.25,0.46,-0.04,0.01,-0.01
4.88,-0.31,0.44,-0.03,0.01,-0.01
4.87,-0.23,0.48,-0.03,0.01,-0.01
4.88,-0.36,0.4,-0.03,0.01,-0.01
4.9,-0.25,0.44,-0.03,0.01,-0.01
4.9,-0.33,0.29,-0.03,0.02,-0.01
4.9,-0.23,0.44,-0.02,0.02,-0.01
4.88,-0.27,0.31,-0.02,0.02,-0.01
4.88,-0.19,0.27,-0.02,0.02,-0.01
4.9,-0.23,0.4,-0.02,0.02,-0.01
4.88,-0.21,0.44,-0.03,0.02,-0.01
4.87,-0.25,0.42,-0.03,0.02,-0.01
4.9,-0.15,0.42,-0.03,0.03,-0.01
4.96,-0.27,0.36,-0.03,0.03,-0.01
4.9,-0.23,0.4,-0.03,0.03,-0.01
4.94,-0.29,0.42,-0.03,0.03,-0.01
4.96,-0.33,0.5,-0.02,0.03,-0.01
4.88,-0.31,0.36,-0.02,0.03,-0.01
4.88,-0.25,0.38,-0.02,0.03,-0.01
4.81,-0.29,0.38,-0.01,0.03,-0.01
4.88,-0.31,0.38,-0.01,0.03,-0.01
4.9,-0.29,0.4,-0.01,0.03,-0.01
4.87,-0.25,0.42,-0.01,0.03,-0.01
4.88,-0.29,0.33,-0.01,0.03,-0.01
4.85,-0.29,0.48,-0.01,0.03,-0.01
4.87,-0.21,0.42,-0.01,0.03,-0.0
4.9,-0.25,0.33,-0.01,0.03,-0.0
4.81,-0.08,0.36,-0.01,0.03,-0.0
4.92,-0.19,0.38,-0.01,0.03,-0.0
4.94,-0.25,0.4,-0.01,0.03,-0.01
4.88,-0.23,0.38,-0.01,0.03,-0.0
4.88,-0.19,0.38,-0.01,0.03,-0.01
4.9,-0.25,0.38,-0.01,0.03,-0.01
4.96,-0.27,0.44,-0.01,0.03,-0.01
4.88,-0.23,0.46,-0.01,0.03,-0.0
4.9,-0.19,0.48,-0.01,0.03,-0.0
4.92,-0.17,0.5,-0.01,0.03,-0.0
4.83,-0.19,0.38,-0.01,0.03,-0.0
4.87,-0.19,0.42,-0.01,0.02,-0.0
4.85,-0.15,0.46,-0.01,0.02,-0.0
4.9,-0.21,0.4,-0.01,0.02,-0.0
4.88,-0.17,0.42,-0.02,0.02,-0.0
4.92,-0.15,0.4,-0.02,0.01,-0.0
4.88,-0.21,0.46,-0.02,0.01,-0.0
4.88,-0.23,0.42,-0.02,0.01,-0.0
4.88,-0.17,0.36,-0.02,0.01,-0.0
4.88,-0.21,0.33,-0.02,0.01,-0.0
4.88,-0.21,0.33,-0.02,0.01,-0.0
4.9,-0.23,0.29,-0.02,0.01,-0.0
4.87,-0.21,0.34,-0.02,0.01,-0.0
4.88,-0.27,0.36,-0.01,0.01,-0.0
4.87,-0.19,0.34,-0.01,0.01,-0.0
4.88,-0.25,0.34,-0.01,0.02,-0.0
4.9,-0.27,0.34,-0.01,0.02,-0.01
4.9,-0.21,0.29,-0.01,0.02,-0.01
4.9,-0.23,0.38,-0.01,0.03,-0.01
4.88,-0.25,0.36,-0.0,0.03,-0.01
4.88,-0.21,0.44,-0.0,0.04,-0.01
4.87,-0.21,0.34,-0.0,0.04,-0.01
4.85,-0.19,0.36,-0.0,0.04,-0.01
4.88,-0.17,0.34,-0.01,0.04,-0.01
4.87,-0.27,0.46,-0.01,0.04,-0.01
4.88,-0.21,0.42,-0.01,0.04,-0.0
4.88,-0.19,0.38,-0.01,0.04,-0.0
4.88,-0.27,0.44,-0.01,0.04,-0.0
4.9,-0.25,0.42,-0.01,0.04,-0.0
4.9,-0.31,0.4,-0.01,0.04,-0.0
4.88,-0.29,0.4,-0.01,0.04,-0.0
4.88,-0.29,0.34,-0.01,0.04,-0.0
4.9,-0.25,0.34,-0.01,0.04,-0.0
4.9,-0.21,0.4,-0.01,0.04,-0.01
4.9,-0.15,0.15,-0.0,0.04,-0.01
4.9,-0.21,0.31,-0.0,0.04,-0.01
4.88,-0.23,0.27,-0.0,0.04,-0.01
4.88,-0.19,0.29,-0.01,0.04,-0.01
4.88,-0.21,0.31,-0.01,0.04,-0.01
4.9,-0.25,0.34,-0.01,0.04,-0.01
4.85,-0.25,0.31,-0.01,0.05,-0.01
4.88,-0.31,0.27,-0.01,0.05,-0.01
4.85,-0.21,0.27,-0.01,0.05,-0.01
4.9,-0.29,0.36,-0.01,0.06,-0.01
4.87,-0.23,0.36,-0.0,0.06,-0.01
4.9,-0.31,0.33,0.0,0.06,-0.01
4.9,-0.19,0.34,0.01,0.06,-0.01
4.87,-0.21,0.36,0.01,0.06,-0.0
4.87,-0.21,0.34,0.01,0.06,-0.0
4.94,-0.19,0.38,0.02,0.06,-0.0
4.9,-0.21,0.34,0.02,0.06,-0.0
4.94,-0.25,0.36,0.02,0.06,-0.0
4.9,-0.25,0.34,0.02,0.06,-0.0
4.92,-0.23,0.38,0.02,0.06,-0.0
4.94,-0.25,0.4,0.02,0.06,0.0
4.88,-0.25,0.34,0.02,0.06,0.0
4.9,-0.25,0.33,0.02,0.06,0.0
4.92,-0.25,0.29,0.02,0.06,0.0
4.88,-0.25,0.34,0.02,0.06,-0.0
4.87,-0.29,0.25,0.01,0.06,-0.0
4.88,-0.29,0.36,0.01,0.07,-0.0
4.88,-0.25,0.33,0.01,0.07,-0.0
4.9,-0.23,0.31,0.01,0.07,-0.0
4.9,-0.23,0.33,0.02,0.08,-0.0
4.85,-0.25,0.38,0.02,0.08,-0.0
4.85,-0.19,0.42,0.02,0.08,-0.01
4.9,-0.21,0.36,0.03,0.09,-0.01
4.88,-0.21,0.48,0.03,0.09,-0.01
4.9,-0.25,0.48,0.04,0.08,-0.01
4.94,-0.21,0.44,0.04,0.08,-0.01
4.98,-0.19,0.48,0.04,0.07,-0.0
5.0,-0.19,0.42,0.04,0.06,-0.0
5.02,-0.25,0.54,0.04,0.05,0.0
5.04,-0.23,0.44,0.03,0.04,0.0
5.08,-0.29,0.5,0.02,0.03,0.01
5.02,-0.33,0.57,0.02,0.03,0.0
5.06,-0.34,0.46,0.01,0.02,0.0
5.02,-0.67,0.88,0.0,0.01,0.0
5.02,-0.48,0.5,-0.01,-0.01,-0.01
5.02,-0.54,0.46,-0.01,-0.02,-0.01
5.04,-0.61,0.44,-0.02,-0.04,-0.02
4.98,-0.59,0.46,-0.03,-0.05,-0.02
4.94,-0.65,0.44,-0.03,-0.06,-0.02
4.85,-0.61,0.42,-0.03,-0.06,-0.03
4.9,-0.59,0.48,-0.03,-0.07,-0.02
4.87,-0.54,0.46,-0.03,-0.08,-0.02
4.88,-0.5,0.4,-0.02,-0.09,-0.01
4.92,-0.4,0.42,-0.02,-0.09,-0.01
4.92,-0.4,0.31,-0.02,-0.1,-0.01
4.98,-0.36,0.27,-0.02,-0.11,-0.01
5.11,-0.33,0.31,-0.03,-0.12,-0.01
5.15,-0.33,0.36,-0.03,-0.13,-0.01
5.11,-0.34,0.52,-0.04,-0.15,-0.01
5.15,-0.33,0.57,-0.05,-0.17,-0.01
5.06,-0.27,0.69,-0.05,-0.2,-0.0
5.08,-0.27,0.61,-0.06,-0.23,0.0
5.15,-0.31,0.61,-0.07,-0.26,0.01
5.15,-0.31,0.57,-0.08,-0.29,0.01
5.13,-0.42,0.4,-0.09,-0.31,0.02
5.09,-0.48,0.46,-0.11,-0.32,0.02
5.04,-0.59,0.29,-0.13,-0.32,0.02
5.02,-0.71,0.15,-0.14,-0.31,0.02
4.96,-0.82,0.13,-0.15,-0.29,0.02
4.88,-0.88,0.15,-0.14,-0.27,0.01
4.81,-0.98,0.08,-0.13,-0.24,0.01
4.85,-0.98,-0.02,-0.1,-0.2,0.01
4.81,-0.94,-0.15,-0.07,-0.16,0.01
4.79,-0.88,-0.19,-0.03,-0.11,0.01
4.81,-0.82,-0.31,0.01,-0.06,0.01
4.69,-0.73,-0.34,0.04,-0.0,0.01
4.69,-0.61,-0.46,0.07,0.05,0.01
4.75,-0.46,-0.57,0.09,0.09,0.01
4.64,-0.36,-0.63,0.1,0.12,-0.0
4.67,-0.19,-0.56,0.1,0.14,-0.01
4.69,-0.15,-0.59,0.08,0.16,-0.01
4.73,0.0,-0.56,0.06,0.17,-0.02
4.83,0.02,-0.42,0.04,0.18,-0.02
4.75,0.06,-0.46,0.01,0.18,-0.03
4.73,0.0,-0.34,-0.02,0.17,-0.04
4.77,-0.02,-0.25,-0.05,0.16,-0.06
4.75,-0.1,-0.29,-0.07,0.16,-0.07
4.79,-0.1,-0.11,-0.08,0.15,-0.08
4.69,-0.25,-0.15,-0.09,0.16,-0.09
4.71,-0.27,-0.17,-0.09,0.16,-0.09
4.71,-0.42,-0.13,-0.08,0.17,-0.1
4.65,-0.44,-0.11,-0.07,0.18,-0.11
4.67,-0.52,-0.08,-0.06,0.19,-0.11
4.69,-0.46,-0.11,-0.06,0.2,-0.12
4.6,-0.4,0.0,-0.05,0.21,-0.12
4.64,-0.42,0.02,-0.05,0.21,-0.12
4.64,-0.36,0.08,-0.04,0.22,-0.12
4.6,-0.27,0.15,-0.04,0.22,-0.12
4.6,-0.23,0.33,-0.03,0.21,-0.12
4.64,-0.15,0.36,-0.01,0.21,-0.12
4.67,-0.11,0.42,-0.0,0.21,-0.12
4.62,0.04,0.44,0.01,0.2,-0.12
4.67,0.11,0.52,0.02,0.2,-0.12
4.73,0.17,0.56,0.04,0.19,-0.11
4.69,0.31,0.59,0.05,0.19,-0.11
4.75,0.4,0.59,0.06,0.19,-0.11
4.79,0.52,0.69,0.06,0.18,-0.1
4.67,0.63,0.71,0.07,0.18,-0.09
4.83,0.56,0.77,0.06,0.18,-0.08
4.85,0.69,0.71,0.06,0.18,-0.07
4.9,0.75,0.75,0.05,0.17,-0.06
4.98,0.86,0.77,0.05,0.17,-0.05
4.98,0.79,0.84,0.04,0.17,-0.04
5.09,0.79,0.96,0.03,0.16,-0.03
5.11,0.86,1.02,0.03,0.15,-0.01
5.13,0.84,1.15,0.03,0.15,-0.0
5.15,0.92,1.17,0.04,0.14,0.01
5.17,0.92,1.24,0.05,0.13,0.02
5.21,0.9,1.24,0.06,0.11,0.03
5.17,1.0,1.23,0.07,0.1,0.04
5.09,1.0,1.23,0.07,0.09,0.05
5.09,1.0,1.23,0.07,0.07,0.06
4.98,1.0,1.28,0.07,0.05,0.07
4.92,0.98,1.19,0.08,0.02,0.08
4.92,0.96,1.17,0.08,0.0,0.1
4.92,0.92,1.15,0.08,-0.03,0.11
4.94,0.88,1.02,0.09,-0.05,0.12
4.9,0.82,0.92,0.09,-0.07,0.13
4.9,0.82,0.86,0.08,-0.09,0.15
4.94,0.75,1.02,0.07,-0.11,0.16
4.92,0.52,1.02,0.05,-0.12,0.17
4.94,0.65,0.98,0.04,-0.14,0.18
4.87,0.56,1.02,0.02,-0.16,0.18
4.85,0.52,1.0,0.01,-0.18,0.19
4.85,0.54,0.96,0.01,-0.21,0.2
4.81,0.59,0.98,0.01,-0.22,0.2
4.85,0.54,0.94,0.02,-0.23,0.21
4.81,0.57,0.92,0.03,-0.24,0.21
4.87,0.52,0.84,0.05,-0.25,0.21
4.79,0.54,0.9,0.06,-0.26,0.22
4.77,0.52,0.82,0.07,-0.26,0.23
4.81,0.56,0.82,0.08,-0.27,0.24
4.79,0.5,0.75,0.08,-0.28,0.25
4.79,0.5,0.71,0.07,-0.28,0.26
4.77,0.42,0.67,0.06,-0.29,0.27
4.75,0.36,0.59,0.05,-0.3,0.28
4.71,0.34,0.36,0.04,-0.31,0.28
4.69,0.31,0.25,0.04,-0.32,0.28
4.79,0.19,0.06,0.03,-0.33,0.28
4.75,0.19,-0.15,0.01,-0.34,0.28
4.81,0.17,-0.23,-0.0,-0.35,0.28
4.79,0.08,-0.29,-0.01,-0.35,0.28
4.62,0.0,-0.19,-0.01,-0.36,0.27
4.65,-0.04,-0.23,-0.01,-0.36,0.28
4.64,-0.15,-0.04,0.0,-0.37,0.28
4.69,-0.17,0.1,0.01,-0.37,0.3
4.83,-0.34,0.17,0.04,-0.37,0.31
4.81,-0.5,0.29,0.07,-0.36,0.32
4.88,-0.57,0.34,0.11,-0.34,0.32
4.92,-0.69,0.42,0.15,-0.32,0.33
5.02,-0.8,0.56,0.19,-0.3,0.34
5.09,-0.84,0.4,0.24,-0.27,0.34
5.19,-0.9,0.25,0.28,-0.25,0.34
5.25,-0.92,0.04,0.32,-0.23,0.34
5.42,-0.84,-0.1,0.35,-0.21,0.34
5.55,-0.61,-0.29,0.37,-0.2,0.35
5.54,-0.44,-0.48,0.36,-0.18,0.35
5.67,-0.29,-0.71,0.35,-0.18,0.35
5.75,-0.11,-0.88,0.31,-0.17,0.36
5.82,-0.02,-0.94,0.27,-0.17,0.37
5.98,-0.06,-1.09,0.22,-0.18,0.38
6.03,-0.04,-1.09,0.16,-0.17,0.4
5.94,-0.02,-1.07,0.1,-0.16,0.42
5.9,-0.1,-1.02,0.06,-0.16,0.44
5.77,-0.25,-0.86,0.04,-0.15,0.47
5.65,-0.34,-1.0,0.03,-0.15,0.5
5.61,-0.52,-1.15,0.05,-0.15,0.53
5.4,-0.63,-1.28,0.07,-0.15,0.56
5.32,-0.88,-1.34,0.08,-0.16,0.59
5.19,-1.0,-1.47,0.09,-0.16,0.62
5.08,-1.05,-1.51,0.08,-0.15,0.66
4.96,-1.17,-1.51,0.06,-0.15,0.69
4.88,-1.24,-1.57,0.04,-0.15,0.73
4.9,-1.34,-1.53,0.02,-0.15,0.77
4.87,-1.49,-1.38,0.0,-0.15,0.8
4.85,-1.49,-1.3,-0.01,-0.15,0.83
4.92,-1.63,-1.21,-0.03,-0.14,0.86
4.96,-1.57,-1.17,-0.05,-0.14,0.89
4.98,-1.57,-0.9,-0.07,-0.13,0.9
5.0,-1.57,-0.73,-0.09,-0.11,0.91
4.96,-1.57,-0.63,-0.1,-0.09,0.91
4.88,-1.51,-0.56,-0.11,-0.08,0.9
4.87,-1.49,-0.4,-0.11,-0.06,0.9
4.75,-1.49,-0.44,-0.1,-0.05,0.89
4.69,-1.59,-0.46,-0.09,-0.03,0.89
4.65,-1.67,-0.46,-0.09,-0.02,0.88
4.52,-1.63,-0.5,-0.09,0.0,0.88
4.42,-1.8,-0.5,-0.1,0.02,0.88
4.35,-1.86,-0.54,-0.11,0.04,0.89
4.27,-1.99,-0.5,-0.13,0.05,0.89
4.18,-2.03,-0.48,-0.15,0.06,0.89
4.1,-2.15,-0.42,-0.16,0.07,0.9
4.02,-2.2,-0.38,-0.18,0.08,0.9
4.04,-2.32,-0.4,-0.18,0.08,0.9
3.95,-2.28,-0.42,-0.18,0.09,0.91
3.91,-2.39,-0.44,-0.18,0.09,0.91
3.95,-2.34,-0.42,-0.18,0.1,0.91
3.89,-2.38,-0.42,-0.18,0.1,0.9
3.87,-2.43,-0.36,-0.18,0.1,0.9
3.79,-2.41,-0.38,-0.18,0.1,0.89
3.7,-2.45,-0.38,-0.18,0.09,0.88
3.68,-2.51,-0.5,-0.17,0.08,0.87
3.54,-2.45,-0.56,-0.16,0.07,0.86
3.43,-2.51,-0.57,-0.15,0.06,0.86
3.41,-2.57,-0.67,-0.14,0.06,0.85
3.26,-2.62,-0.75,-0.13,0.05,0.84
3.12,-2.66,-0.77,-0.11,0.05,0.84
3.01,-2.7,-0.84,-0.11,0.04,0.84
2.93,-2.76,-0.88,-0.1,0.03,0.84
2.85,-2.85,-0.88,-0.11,0.02,0.84
2.8,-2.89,-0.86,-0.12,0.01,0.85
2.78,-3.01,-0.92,-0.13,0.01,0.85
2.74,-3.1,-0.86,-0.14,0.0,0.85
2.8,-3.18,-0.84,-0.15,0.0,0.85
2.93,-3.35,-0.82,-0.16,0.0,0.85
2.99,-3.45,-0.75,-0.16,-0.0,0.85
3.08,-3.52,-0.71,-0.16,-0.0,0.84
3.2,-3.68,-0.71,-0.16,-0.01,0.83
3.31,-3.85,-0.63,-0.15,-0.01,0.82
3.54,-3.89,-0.65,-0.13,-0.01,0.81
3.54,-3.96,-0.69,-0.1,-0.01,0.8
3.62,-3.96,-0.71,-0.06,-0.0,0.79
3.79,-4.06,-0.71,-0.02,0.01,0.78
3.75,-4.04,-0.63,0.03,0.02,0.77
3.79,-4.04,-0.73,0.08,0.03,0.76
3.81,-4.02,-0.75,0.13,0.03,0.75
3.85,-3.93,-0.75,0.17,0.04,0.74
3.87,-3.77,-0.71,0.2,0.05,0.73
3.89,-3.7,-0.84,0.23,0.06,0.72
3.91,-3.6,-0.73,0.25,0.07,0.71
3.81,-3.58,-0.8,0.25,0.09,0.69
3.81,-3.54,-0.82,0.26,0.1,0.68
3.68,-3.39,-0.73,0.25,0.11,0.66
3.66,-3.41,-0.69,0.25,0.12,0.65
3.54,-3.35,-0.54,0.24,0.12,0.64
3.51,-3.39,-0.63,0.24,0.13,0.63
3.39,-3.41,-0.65,0.23,0.14,0.62
3.39,-3.49,-0.48,0.22,0.16,0.61
3.24,-3.52,-0.4,0.21,0.18,0.61
3.24,-3.64,-0.44,0.21,0.2,0.6
3.1,-3.62,-0.29,0.21,0.21,0.6
3.14,-3.7,-0.25,0.22,0.22,0.6
3.03,-3.72,-0.15,0.23,0.23,0.6
2.97,-3.81,-0.06,0.25,0.24,0.6
2.99,-3.81,0.0,0.27,0.24,0.59
2.91,-3.85,0.0,0.3,0.24,0.58
2.83,-3.87,0.02,0.32,0.24,0.57
2.8,-3.96,0.08,0.35,0.24,0.56
2.76,-3.96,0.08,0.37,0.24,0.54
2.62,-4.04,0.08,0.4,0.23,0.53
2.57,-4.12,0.19,0.43,0.23,0.51
2.6,-4.37,0.19,0.46,0.23,0.5
2.39,-4.25,0.04,0.5,0.22,0.48
2.36,-4.41,0.02,0.54,0.22,0.46
2.3,-4.41,0.04,0.57,0.21,0.45
2.32,-4.35,-0.06,0.6,0.2,0.45
2.3,-4.37,-0.04,0.62,0.18,0.45
2.32,-4.31,-0.15,0.64,0.15,0.45
2.43,-4.21,-0.15,0.64,0.11,0.44
2.45,-4.1,-0.15,0.63,0.07,0.43
2.51,-3.95,-0.36,0.6,0.04,0.42
2.55,-3.83,-0.33,0.55,0.01,0.41
2.62,-3.73,-0.38,0.49,-0.01,0.39
2.68,-3.62,-0.34,0.42,-0.03,0.38
2.83,-3.56,-0.17,0.35,-0.03,0.38
2.97,-3.54,-0.21,0.26,-0.02,0.37
2.95,-3.62,0.02,0.18,0.0,0.37
3.05,-3.58,0.23,0.1,0.02,0.37
3.1,-3.73,0.36,0.03,0.04,0.37
3.06,-3.79,0.42,-0.03,0.06,0.37
3.12,-3.93,0.44,-0.08,0.08,0.38
3.14,-4.02,0.44,-0.11,0.1,0.38
3.14,-4.06,0.36,-0.14,0.11,0.39
2.99,-4.21,0.48,-0.15,0.13,0.4
3.03,-4.18,0.4,-0.16,0.15,0.41
3.01,-4.18,0.34,-0.16,0.16,0.41
2.95,-4.21,0.33,-0.15,0.17,0.42
2.87,-4.12,0.27,-0.13,0.18,0.42
2.83,-4.12,0.27,-0.11,0.19,0.41
2.74,-4.08,0.11,-0.08,0.2,0.41
2.62,-3.95,0.17,-0.06,0.21,0.4
2.57,-3.98,0.06,-0.04,0.22,0.4
2.49,-3.91,0.08,-0.03,0.23,0.39
2.45,-3.83,0.06,-0.02,0.24,0.38
2.39,-3.83,0.06,-0.01,0.25,0.37
2.28,-3.89,-0.02,-0.01,0.26,0.37
2.22,-3.83,-0.02,-0.02,0.27,0.36
2.18,-3.81,0.04,-0.03,0.28,0.35
2.07,-3.83,-0.02,-0.04,0.29,0.35
2.03,-3.87,0.06,-0.05,0.3,0.35
1.9,-3.93,0.02,-0.05,0.31,0.34
1.92,-4.02,0.1,-0.06,0.31,0.34
1.92,-4.12,0.06,-0.06,0.32,0.34
1.84,-4.14,0.0,-0.06,0.33,0.34
1.86,-4.25,-0.04,-0.06,0.34,0.34
1.84,-4.37,0.06,-0.06,0.35,0.35
1.88,-4.42,-0.11,-0.05,0.35,0.35
1.82,-4.5,-0.11,-0.05,0.35,0.36
1.86,-4.54,-0.11,-0.05,0.36,0.36
1.72,-4.56,-0.15,-0.05,0.35,0.36
1.67,-4.58,-0.13,-0.06,0.35,0.37
1.78,-4.58,-0.06,-0.06,0.34,0.38
1.7,-4.6,-0.08,-0.07,0.33,0.38
1.7,-4.48,-0.02,-0.07,0.33,0.38
1.69,-4.48,0.0,-0.08,0.32,0.38
1.74,-4.42,-0.02,-0.08,0.33,0.38
1.67,-4.37,-0.08,-0.08,0.33,0.37
1.69,-4.27,0.0,-0.08,0.34,0.37
1.7,-4.25,0.06,-0.08,0.35,0.37
1.69,-4.21,0.02,-0.08,0.36,0.37
1.8,-4.14,0.06,-0.07,0.36,0.36
1.8,-4.08,-0.02,-0.07,0.37,0.35
1.84,-4.04,0.02,-0.07,0.38,0.34
1.8,-4.1,0.11,-0.07,0.38,0.32
1.7,-4.14,0.25,-0.07,0.38,0.31
1.59,-4.23,0.29,-0.06,0.38,0.29
1.65,-4.19,0.15,-0.05,0.38,0.27
1.46,-4.39,0.34,-0.04,0.37,0.26
1.32,-4.52,0.33,-0.04,0.36,0.26
1.4,-4.71,0.38,-0.05,0.36,0.25
1.21,-4.77,0.44,-0.05,0.36,0.25
1.02,-4.92,0.48,-0.05,0.35,0.26
0.96,-5.08,0.44,-0.06,0.34,0.28
0.92,-5.15,0.42,-0.06,0.33,0.3
0.82,-5.29,0.44,-0.06,0.31,0.31
0.77,-5.32,0.44,-0.05,0.3,0.34
0.8,-5.34,0.34,-0.03,0.28,0.36
0.77,-5.29,0.38,-0.01,0.26,0.38
0.77,-5.31,0.31,0.01,0.25,0.39
0.69,-5.15,0.33,0.03,0.25,0.4
0.73,-5.08,0.29,0.05,0.24,0.42
0.75,-5.04,0.38,0.07,0.24,0.43
0.82,-4.94,0.4,0.08,0.25,0.44
0.88,-4.92,0.48,0.09,0.25,0.45
0.9,-4.88,0.57,0.09,0.26,0.45
0.98,-4.9,0.61,0.09,0.26,0.45
1.09,-4.87,0.71,0.1,0.26,0.45
1.13,-4.85,0.77,0.1,0.27,0.44
1.15,-4.9,0.92,0.11,0.27,0.44
1.02,-4.85,0.73,0.12,0.27,0.43
0.98,-4.79,0.71,0.13,0.26,0.42
0.94,-4.77,0.69,0.14,0.26,0.41
0.84,-4.71,0.56,0.14,0.25,0.41
0.84,-4.67,0.57,0.14,0.25,0.4
0.69,-4.67,0.57,0.13,0.24,0.4
0.63,-4.67,0.5,0.12,0.24,0.39
0.63,-4.65,0.54,0.1,0.24,0.39
0.5,-4.64,0.52,0.09,0.24,0.39
0.38,-4.67,0.4,0.07,0.25,0.38
0.29,-4.69,0.44,0.05,0.25,0.38
0.23,-4.85,0.54,0.04,0.25,0.38
0.23,-4.83,0.59,0.03,0.25,0.38
0.31,-4.94,0.52,0.03,0.25,0.38
0.38,-4.96,0.56,0.04,0.25,0.38
0.42,-5.04,0.57,0.06,0.25,0.38
0.46,-5.08,0.57,0.07,0.26,0.38
0.48,-5.06,0.73,0.08,0.26,0.38
0.52,-5.06,0.77,0.1,0.26,0.37
0.56,-5.06,0.79,0.11,0.25,0.37
0.59,-5.04,0.69,0.13,0.25,0.36
0.61,-5.02,0.63,0.14,0.24,0.36
0.48,-5.0,0.73,0.14,0.24,0.35
0.38,-4.88,0.71,0.14,0.23,0.35
0.44,-4.94,0.67,0.14,0.23,0.35
0.38,-4.94,0.61,0.13,0.23,0.35
0.29,-4.9,0.57,0.12,0.23,0.34
0.15,-4.88,0.65,0.12,0.23,0.34
0.13,-4.87,0.61,0.11,0.24,0.34
0.08,-4.87,0.57,0.11,0.24,0.34
0.08,-4.83,0.61,0.11,0.24,0.34
0.04,-4.9,0.57,0.11,0.24,0.34
0.02,-4.9,0.61,0.12,0.24,0.34
0.04,-4.88,0.61,0.13,0.24,0.34
0.1,-4.9,0.67,0.14,0.24,0.33
0.08,-4.96,0.75,0.14,0.23,0.32
0.06,-4.98,0.77,0.15,0.22,0.31
0.08,-4.92,0.77,0.16,0.22,0.3
0.06,-5.02,0.84,0.17,0.22,0.28
0.0,-4.96,0.84,0.18,0.22,0.27
0.0,-4.96,0.94,0.18,0.22,0.26
-0.04,-4.94,0.98,0.18,0.22,0.25
-0.17,-5.19,0.92,0.18,0.22,0.24
-0.15,-5.02,1.0,0.18,0.22,0.23
-0.23,-5.06,1.03,0.18,0.22,0.22
-0.29,-5.13,1.03,0.18,0.21,0.2
-0.34,-5.17,1.17,0.18,0.2,0.19
-0.48,-5.19,1.13,0.18,0.19,0.18
-0.5,-5.21,1.11,0.19,0.17,0.16
-0.57,-5.19,1.05,0.19,0.16,0.15
-0.65,-5.17,1.15,0.19,0.15,0.14
-0.73,-5.11,1.13,0.2,0.14,0.13
-0.73,-5.11,1.09,0.19,0.14,0.13
-0.79,-5.06,1.21,0.19,0.14,0.12
-0.8,-5.02,1.21,0.19,0.15,0.12
-0.82,-4.94,1.17,0.18,0.15,0.12
-0.79,-4.88,1.15,0.17,0.15,0.12
-0.67,-4.79,1.19,0.16,0.16,0.12
-0.65,-4.75,1.19,0.15,0.16,0.12
-0.69,-4.65,1.17,0.14,0.16,0.12
-0.57,-4.54,1.17,0.13,0.16,0.12
-0.5,-4.54,1.11,0.12,0.15,0.12
-0.44,-4.5,1.0,0.12,0.15,0.12
-0.52,-4.5,0.86,0.11,0.14,0.12
-0.5,-4.39,0.75,0.1,0.13,0.12
-0.5,-4.41,0.84,0.09,0.13,0.12
-0.46,-4.41,0.82,0.07,0.12,0.12
-0.46,-4.37,0.82,0.06,0.12,0.11
-0.34,-4.42,0.84,0.04,0.12,0.11
-0.34,-4.44,0.82,0.02,0.12,0.11
-0.27,-4.44,0.86,0.01,0.13,0.1
-0.21,-4.54,0.96,0.0,0.13,0.1
-0.25,-4.52,1.02,-0.01,0.14,0.09
-0.15,-4.64,0.94,-0.01,0.14,0.09
-0.15,-4.69,1.03,-0.01,0.14,0.08
-0.04,-4.71,1.03,-0.01,0.14,0.07
0.0,-4.83,1.02,-0.01,0.14,0.07
0.02,-4.79,1.0,-0.01,0.14,0.06
0.0,-4.79,1.11,-0.01,0.13,0.05
0.0,-4.81,0.96,-0.01,0.12,0.04
0.0,-4.81,0.98,-0.01,0.11,0.02
0.0,-4.71,0.96,-0.01,0.1,0.01
-0.11,-4.71,0.86,-0.01,0.1,0.0
-0.19,-4.65,0.9,-0.02,0.09,-0.0
-0.31,-4.64,0.88,-0.03,0.09,-0.01
-0.4,-4.65,1.07,-0.05,0.09,-0.01
-0.36,-4.65,0.86,-0.06,0.09,-0.02
-0.42,-4.62,0.82,-0.07,0.09,-0.01
-0.5,-4.62,0.82,-0.07,0.09,-0.01
-0.5,-4.64,0.84,-0.08,0.09,-0.01
-0.5,-4.71,0.77,-0.07,0.09,-0.01
-0.57,-4.69,0.75,-0.08,0.09,-0.0
-0.56,-4.71,0.84,-0.08,0.08,-0.0
-0.59,-4.71,0.82,-0.08,0.08,-0.0
-0.54,-4.69,0.88,-0.08,0.07,-0.0
-0.5,-4.71,0.9,-0.09,0.06,-0.0
-0.46,-4.73,0.88,-0.09,0.05,-0.0
-0.46,-4.75,0.86,-0.1,0.04,-0.01
-0.42,-4.71,0.94,-0.1,0.04,-0.01
-0.38,-4.67,0.92,-0.1,0.03,-0.01
-0.36,-4.69,0.98,-0.1,0.02,-0.02
-0.38,-4.69,1.0,-0.1,0.01,-0.02
-0.33,-4.71,1.02,-0.1,0.0,-0.02
-0.33,-4.71,0.98,-0.1,-0.0,-0.03
-0.25,-4.67,0.98,-0.11,-0.0,-0.03
-0.27,-4.64,0.96,-0.11,-0.01,-0.03
-0.19,-4.69,0.9,-0.12,-0.01,-0.03
-0.13,-4.71,1.05,-0.13,-0.01,-0.04
-0.15,-4.69,0.94,-0.14,-0.01,-0.04
-0.1,-4.71,0.88,-0.15,-0.01,-0.04
-0.1,-4.73,0.86,-0.16,-0.01,-0.04
-0.1,-4.73,0.94,-0.16,-0.01,-0.04
-0.06,-4.81,0.92,-0.17,-0.01,-0.05
-0.08,-4.81,0.88,-0.17,-0.01,-0.05
-0.11,-4.83,0.96,-0.17,-0.01,-0.05
-0.1,-4.87,0.88,-0.17,-0.02,-0.05
-0.15,-4.83,0.9,-0.17,-0.03,-0.04
-0.19,-4.87,0.9,-0.16,-0.04,-0.04
-0.15,-4.88,0.86,-0.16,-0.05,-0.03
-0.25,-4.96,0.98,-0.15,-0.06,-0.03
-0.23,-4.96,0.92,-0.15,-0.06,-0.02
-0.17,-4.94,0.86,-0.14,-0.07,-0.01
-0.21,-4.9,0.92,-0.13,-0.07,-0.01
-0.23,-4.9,0.9,-0.12,-0.07,-0.0
-0.17,-4.92,0.88,-0.12,-0.07,0.0
-0.11,-4.83,0.88,-0.11,-0.07,0.0
-0.04,-4.88,0.82,-0.11,-0.07,0.0
0.02,-4.9,0.9,-0.11,-0.07,0.0
0.0,-4.81,0.86,-0.1,-0.07,0.0
0.06,-4.77,0.77,-0.1,-0.07,0.0
0.06,-4.75,0.86,-0.1,-0.06,-0.0
0.15,-4.81,0.8,-0.11,-0.06,-0.0
0.17,-4.75,0.77,-0.11,-0.05,-0.01
0.23,-4.77,0.8,-0.11,-0.05,-0.01
0.17,-4.75,0.84,-0.11,-0.04,-0.01
0.25,-4.75,0.82,-0.12,-0.04,-0.01
0.19,-4.73,0.8,-0.12,-0.04,-0.01
0.27,-4.81,0.82,-0.13,-0.04,-0.01
0.19,-4.81,0.71,-0.13,-0.04,-0.01
0.27,-4.9,0.75,-0.13,-0.04,-0.01
0.19,-4.94,0.8,-0.13,-0.04,-0.01
0.19,-4.96,0.77,-0.13,-0.04,-0.01
0.1,-4.98,0.67,-0.12,-0.04,-0.01
0.13,-5.04,0.69,-0.11,-0.04,-0.01
0.11,-5.0,0.67,-0.1,-0.04,-0.01
0.04,-5.0,0.59,-0.08,-0.04,-0.0
0.08,-4.98,0.69,-0.07,-0.04,-0.0
0.04,-4.96,0.61,-0.06,-0.04,-0.0
-0.04,-4.87,0.63,-0.05,-0.05,0.0
0.08,-4.92,0.56,-0.04,-0.05,0.0
0.0,-4.79,0.4,-0.04,-0.05,0.01
0.04,-4.81,0.57,-0.04,-0.05,0.01
0.02,-4.83,0.52,-0.05,-0.05,0.01
0.0,-4.79,0.56,-0.05,-0.05,0.01
0.06,-4.73,0.54,-0.06,-0.05,0.02
0.04,-4.73,0.54,-0.07,-0.05,0.01
0.0,-4.75,0.57,-0.08,-0.04,0.01
0.06,-4.79,0.57,-0.09,-0.04,0.01
0.08,-4.83,0.59,-0.09,-0.04,0.01
0.13,-4.79,0.5,-0.1,-0.04,0.0
0.1,-4.73,0.54,-0.1,-0.05,0.0
0.08,-4.75,0.59,-0.1,-0.05,-0.0
0.04,-4.81,0.48,-0.1,-0.05,-0.0
0.0,-4.79,0.5,-0.11,-0.05,-0.01
0.08,-4.79,0.52,-0.11,-0.05,-0.01
0.1,-4.87,0.57,-0.11,-0.05,-0.01
0.02,-4.83,0.48,-0.11,-0.05,-0.01
0.02,-4.87,0.46,-0.11,-0.05,-0.01
0.06,-4.83,0.52,-0.11,-0.04,-0.01
0.08,-4.87,0.5,-0.11,-0.04,-0.01
0.08,-4.85,0.52,-0.11,-0.04,-0.01
0.13,-4.88,0.46,-0.11,-0.03,-0.01
0.08,-5.0,0.36,-0.11,-0.03,-0.01
0.11,-4.83,0.48,-0.11,-0.02,-0.01
0.15,-4.85,0.52,-0.1,-0.01,-0.01
0.15,-4.87,0.57,-0.1,-0.01,-0.01
0.08,-4.81,0.44,-0.1,-0.0,-0.01
0.06,-4.85,0.56,-0.09,0.0,-0.01
0.08,-4.87,0.44,-0.09,0.0,-0.01
0.0,-4.81,0.46,-0.09,0.01,-0.01
0.0,-4.88,0.52,-0.09,0.01,-0.01
-0.02,-4.88,0.48,-0.09,0.01,-0.01
-0.02,-4.88,0.38,-0.09,0.01,-0.01
0.0,-4.81,0.46,-0.09,0.01,-0.01
-0.08,-4.87,0.44,-0.09,0.01,-0.01
-0.08,-4.87,0.42,-0.09,0.01,-0.01
-0.08,-4.88,0.38,-0.09,0.01,-0.01
-0.15,-4.83,0.42,-0.1,0.01,-0.0
-0.15,-4.87,0.36,-0.1,0.01,-0.0
-0.13,-4.87,0.5,-0.1,0.01,-0.0
-0.19,-4.94,0.54,-0.1,0.01,0.0
-0.13,-4.88,0.56,-0.1,0.01,0.0
-0.06,-4.98,0.54,-0.1,0.01,0.0
-0.08,-4.96,0.5,-0.09,0.02,0.01
0.0,-4.88,0.65,-0.08,0.02,0.01
-0.02,-5.0,0.46,-0.07,0.02,0.01
0.0,-4.96,0.5,-0.06,0.02,0.01
0.0,-4.98,0.4,-0.06,0.03,0.01
0.0,-4.96,0.46,-0.05,0.03,0.01
0.0,-4.96,0.52,-0.04,0.03,0.01
0.0,-4.96,0.4,-0.04,0.04,0.01
0.04,-4.92,0.34,-0.03,0.04,0.01
0.08,-4.87,0.36,-0.03,0.04,0.0
0.06,-4.92,0.34,-0.03,0.04,0.0
0.06,-4.92,0.36,-0.03,0.04,0.0
0.1,-4.98,0.33,-0.03,0.04,0.0
0.02,-4.92,0.38,-0.03,0.04,0.0
0.02,-4.92,0.36,-0.03,0.04,0.0
-0.02,-4.92,0.36,-0.03,0.04,0.0
-0.02,-4.94,0.36,-0.04,0.04,0.0
-0.1,-4.94,0.31,-0.03,0.03,0.01
-0.06,-4.98,0.36,-0.03,0.03,0.01
-0.1,-4.94,0.36,-0.03,0.03,0.01
-0.02,-4.94,0.38,-0.02,0.03,0.01
-0.13,-4.96,0.34,-0.02,0.03,0.01
-0.08,-4.94,0.34,-0.01,0.03,0.01
-0.1,-4.92,0.4,-0.01,0.03,0.01
-0.02,-4.87,0.4,-0.0,0.03,0.01
0.0,-4.87,0.31,0.0,0.03,0.01
-0.04,-4.9,0.4,0.0,0.03,0.01
0.02,-4.88,0.38,0.01,0.03,0.01
0.0,-4.94,0.33,0.01,0.03,0.01
0.02,-4.94,0.38,0.01,0.03,0.01
0.0,-4.88,0.4,0.01,0.04,0.01
0.04,-4.9,0.4,0.01,0.04,0.01
0.0,-4.88,0.46,0.01,0.04,0.01
0.1,-4.9,0.36,0.01,0.04,0.01
0.11,-5.0,0.46,0.01,0.04,0.01
0.11,-4.96,0.34,0.01,0.04,0.01
0.1,-5.0,0.42,0.01,0.03,0.01
0.08,-4.98,0.36,0.02,0.03,0.01
0.08,-5.0,0.42,0.02,0.03,0.01
0.02,-5.02,0.36,0.02,0.02,0.01
0.02,-5.02,0.4,0.03,0.02,0.01
-0.04,-5.0,0.33,0.03,0.01,0.01
0.02,-4.9,0.34,0.03,0.01,0.01
0.0,-4.94,0.34,0.03,0.0,0.01
-0.06,-4.87,0.33,0.03,-0.0,0.01
0.02,-4.87,0.38,0.03,-0.0,0.01
-0.02,-4.88,0.36,0.04,-0.0,0.01
-0.02,-4.9,0.4,0.04,-0.0,0.01
-0.04,-4.85,0.38,0.04,-0.0,0.01
0.0,-4.81,0.36,0.04,0.0,0.01
-0.1,-4.81,0.4,0.04,0.0,0.01
-0.08,-4.87,0.38,0.04,0.01,0.01
-0.04,-4.83,0.38,0.04,0.01,0.01
-0.04,-4.88,0.42,0.04,0.01,0.01
-0.06,-4.87,0.44,0.03,0.01,0.01
-0.04,-4.85,0.44,0.03,0.02,0.0
-0.04,-4.94,0.46,0.03,0.02,0.0
-0.08,-4.88,0.4,0.03,0.02,0.0
-0.02,-4.87,0.48,0.03,0.02,0.0
-0.04,-4.92,0.44,0.03,0.02,0.0
-0.1,-4.9,0.46,0.03,0.03,0.0
0.0,-4.88,0.5,0.04,0.03,0.0
-0.06,-4.87,0.5,0.04,0.03,0.0
-0.04,-4.96,0.48,0.04,0.03,0.0
0.0,-4.96,0.54,0.05,0.03,0.0
-0.08,-4.88,0.46,0.05,0.03,0.0
-0.02,-4.9,0.5,0.04,0.03,0.0
-0.13,-4.9,0.56,0.04,0.03,0.0
0.0,-4.88,0.54,0.05,0.02,0.0
-0.06,-4.92,0.54,0.04,0.02,0.0
0.0,-4.92,0.48,0.04,0.02,0.0
0.0,-4.94,0.5,0.04,0.02,-0.0
-0.11,-4.88,0.5,0.05,0.03,-0.0
-0.08,-4.87,0.44,0.05,0.02,-0.0
-0.1,-4.96,0.52,0.05,0.03,-0.0
-0.06,-4.87,0.48,0.06,0.03,-0.0
-0.08,-4.83,0.48,0.06,0.03,-0.0
0.0,-4.9,0.46,0.07,0.03,-0.0
-0.06,-4.85,0.5,0.07,0.03,-0.0
0.0,-4.81,0.54,0.07,0.03,-0.0
0.0,-4.87,0.44,0.07,0.03,-0.0
0.02,-4.85,0.44,0.07,0.03,-0.0
0.0,-4.83,0.52,0.06,0.03,-0.0
-0.02,-4.85,0.46,0.06,0.03,-0.0
-0.06,-4.87,0.56,0.06,0.03,-0.0
0.02,-4.83,0.56,0.05,0.03,-0.0
0.0,-4.83,0.57,0.05,0.03,-0.0
-0.04,-4.81,0.59,0.05,0.03,-0.0
0.13,-4.83,0.59,0.05,0.03,-0.0
-0.04,-4.81,0.59,0.05,0.03,-0.0
0.0,-4.88,0.61,0.05,0.03,-0.0
-0.02,-4.83,0.54,0.04,0.03,-0.0
0.04,-4.85,0.57,0.04,0.03,-0.0
-0.04,-4.83,0.61,0.04,0.03,-0.0
0.0,-4.77,0.65,0.04,0.03,-0.0
-0.04,-4.85,0.63,0.04,0.02,-0.0
-0.02,-4.85,0.56,0.04,0.02,-0.0
0.0,-4.83,0.57,0.03,0.02,-0.0
-0.04,-4.85,0.67,0.03,0.02,-0.0
0.0,-4.87,0.61,0.03,0.02,-0.0
-0.04,-4.85,0.57,0.03,0.03,-0.0
0.0,-4.94,0.65,0.03,0.03,-0.0
-0.02,-4.88,0.69,0.03,0.03,-0.0
-0.02,-4.88,0.71,0.03,0.03,-0.0
0.0,-4.87,0.69,0.04,0.03,-0.0
-0.02,-4.87,0.65,0.04,0.03,-0.0
-0.1,-4.87,0.69,0.04,0.02,-0.0
-0.1,-4.87,0.63,0.04,0.02,-0.0
-0.04,-4.85,0.59,0.05,0.02,-0.0
-0.13,-4.79,0.67,0.05,0.02,-0.0
-0.1,-4.83,0.69,0.05,0.02,-0.0
-0.04,-4.87,0.59,0.05,0.01,-0.0
-0.08,-4.85,0.63,0.04,0.01,-0.0
-0.06,-4.83,0.67,0.04,0.01,-0.0
-0.06,-4.87,0.61,0.04,0.01,-0.0
-0.06,-4.87,0.59,0.04,0.01,-0.0
-0.04,-4.87,0.67,0.04,0.01,-0.0
-0.1,-4.87,0.63,0.04,0.02,-0.0
-0.08,-4.73,0.67,0.04,0.02,-0.0
-0.02,-4.79,0.69,0.04,0.02,-0.0
-0.08,-4.85,0.63,0.04,0.02,-0.0
-0.06,-4.83,0.61,0.03,0.02,-0.0
-0.02,-4.81,0.67,0.03,0.02,-0.0
-0.04,-4.79,0.69,0.03,0.02,-0.01
-0.1,-4.81,0.75,0.03,0.03,-0.01
-0.08,-4.83,0.67,0.03,0.03,-0.0
-0.02,-4.81,0.65,0.02,0.03,-0.0
-0.02,-4.83,0.65,0.02,0.03,-0.0
-0.02,-4.83,0.63,0.02,0.03,-0.0
-0.02,-4.85,0.63,0.02,0.03,-0.0
-0.06,-4.85,0.67,0.02,0.04,-0.0
0.02,-4.94,0.65,0.02,0.04,-0.0
0.02,-4.87,0.59,0.02,0.04,-0.0
-0.02,-4.81,0.69,0.03,0.04,-0.0
0.0,-4.85,0.65,0.03,0.04,-0.01
0.0,-4.83,0.73,0.03,0.04,-0.0
0.0,-4.83,0.65,0.03,0.04,-0.01
0.0,-4.88,0.63,0.03,0.04,-0.01
0.02,-4.83,0.63,0.03,0.04,-0.01
0.0,-4.83,0.65,0.03,0.04,-0.01
0.0,-4.77,0.71,0.02,0.04,-0.01
0.0,-4.83,0.69,0.02,0.04,-0.01
0.0,-4.83,0.69,0.02,0.04,-0.01
-0.04,-4.85,0.65,0.02,0.04,-0.01
0.0,-4.81,0.63,0.02,0.04,-0.01
0.04,-4.81,0.67,0.02,0.04,-0.01
0.02,-4.85,0.69,0.02,0.04,-0.01
0.0,-4.83,0.65,0.02,0.04,-0.01
0.06,-4.85,0.71,0.02,0.04,-0.01
0.04,-4.83,0.75,0.02,0.04,-0.01
0.06,-4.83,0.67,0.02,0.04,-0.01
0.06,-4.83,0.67,0.02,0.04,-0.01
0.02,-4.85,0.67,0.02,0.04,-0.01
0.04,-4.83,0.61,0.02,0.04,-0.01
0.02,-4.77,0.71,0.02,0.04,-0.01
0.0,-4.85,0.65,0.02,0.04,-0.0
0.0,-4.85,0.77,0.02,0.04,-0.0
0.02,-4.87,0.73,0.02,0.04,-0.0
0.02,-4.87,0.67,0.02,0.04,-0.0
0.04,-4.88,0.67,0.02,0.04,-0.0
0.0,-4.85,0.73,0.03,0.04,-0.0
0.02,-4.87,0.71,0.03,0.04,-0.0
0.0,-4.83,0.75,0.03,0.04,-0.0
0.0,-4.83,0.71,0.03,0.04,-0.0
-0.08,-4.85,0.82,0.03,0.04,-0.01
0.0,-4.83,0.73,0.03,0.04,-0.01
-0.02,-4.83,0.71,0.03,0.04,-0.01
-0.04,-4.81,0.67,0.03,0.05,-0.01
0.0,-4.87,0.69,0.03,0.04,-0.01
-0.04,-4.81,0.79,0.02,0.05,-0.01
0.0,-4.81,0.75,0.02,0.04,-0.01
-0.06,-4.85,0.77,0.02,0.04,-0.01
0.0,-4.83,0.79,0.02,0.04,-0.01
-0.04,-4.81,0.77,0.02,0.04,-0.01
-0.06,-4.83,0.73,0.02,0.04,-0.01
-0.04,-4.87,0.79,0.02,0.04,-0.0
-0.1,-4.81,0.77,0.02,0.04,-0.0
-0.08,-4.79,0.75,0.02,0.04,-0.0
-0.04,-4.81,0.8,0.02,0.04,-0.0
-0.04,-4.81,0.82,0.02,0.04,-0.0
-0.04,-4.79,0.79,0.01,0.04,-0.0
-0.06,-4.83,0.79,0.01,0.04,-0.0
-0.04,-4.85,0.8,0.01,0.04,-0.0
-0.06,-4.81,0.77,0.01,0.04,-0.0
0.0,-4.81,0.71,0.01,0.04,-0.0
-0.04,-4.85,0.75,0.01,0.04,-0.0
0.0,-4.77,0.75,0.01,0.04,-0.0
0.0,-4.83,0.69,0.01,0.04,-0.0
0.0,-4.83,0.75,0.01,0.04,-0.0
0.0,-4.88,0.73,0.02,0.04,-0.0
0.02,-4.81,0.8,0.02,0.04,-0.0
-0.02,-4.79,0.77,0.02,0.04,-0.01
-0.02,-4.79,0.79,0.02,0.04,-0.0
0.0,-4.77,0.79,0.02,0.04,-0.0
0.0,-4.75,0.8,0.02,0.04,-0.01
0.0,-4.85,0.8,0.02,0.04,-0.0
0.0,-4.81,0.75,0.01,0.04,-0.01
-0.04,-4.77,0.77,0.01,0.04,-0.01
-0.04,-4.83,0.73,0.01,0.04,-0.01
0.0,-4.83,0.75,0.01,0.04,-0.01
-0.04,-4.83,0.8,0.01,0.04,-0.01
-0.08,-4.81,0.67,0.01,0.04,-0.01
-0.02,-4.87,0.67,0.01,0.04,-0.01
0.0,-4.83,0.71,0.01,0.04,-0.0
0.0,-4.87,0.59,0.01,0.03,-0.0
0.04,-4.81,0.75,0.02,0.03,-0.0
0.0,-4.87,0.73,0.02,0.03,-0.0
-0.04,-4.87,0.71,0.02,0.03,-0.0
-0.04,-4.87,0.65,0.02,0.03,-0.0
-0.02,-4.83,0.71,0.02,0.03,-0.0
0.0,-4.79,0.79,0.02,0.03,-0.0
0.0,-4.85,0.73,0.01,0.03,-0.0
-0.02,-4.81,0.79,0.01,0.03,-0.0
0.0,-4.85,0.8,0.01,0.02,0.0
0.0,-4.79,0.8,0.01,0.03,-0.0
-0.04,-4.77,0.82,0.01,0.03,-0.0
-0.08,-4.85,0.77,0.01,0.03,-0.0
-0.06,-4.79,0.84,0.01,0.03,-0.0
-0.13,-4.71,0.77,0.02,0.03,-0.0
-0.04,-4.81,0.79,0.02,0.03,-0.0
0.02,-4.81,0.8,0.02,0.03,-0.01
0.0,-4.83,0.84,0.02,0.02,-0.01
0.0,-4.81,0.84,0.02,0.02,-0.01
0.0,-4.81,0.8,0.02,0.02,-0.01
-0.02,-4.77,0.8,0.02,0.02,-0.01
0.0,-4.85,0.79,0.02,0.02,-0.01
0.0,-4.83,0.75,0.02,0.02,-0.01
0.0,-4.88,0.8,0.01,0.02,-0.01
-0.06,-4.9,0.82,0.01,0.02,-0.01
0.02,-4.88,0.77,0.01,0.02,-0.01
-0.04,-4.85,0.8,0.01,0.02,-0.01
0.02,-4.81,0.75,0.02,0.02,-0.01
-0.02,-4.75,0.82,0.02,0.02,-0.01
0.06,-4.83,0.77,0.02,0.03,-0.01
0.06,-4.87,0.82,0.02,0.03,-0.01
0.02,-4.83,0.82,0.02,0.03,-0.01
0.04,-4.79,0.82,0.02,0.02,-0.01
0.04,-4.83,0.8,0.02,0.02,-0.01
0.04,-4.77,0.8,0.02,0.02,-0.01
0.04,-4.81,0.86,0.02,0.02,-0.01
0.08,-4.81,0.77,0.02,0.03,-0.01
0.04,-4.77,0.77,0.02,0.03,-0.01
0.06,-4.79,0.8,0.02,0.03,-0.01
0.06,-4.77,0.82,0.02,0.03,-0.01
0.04,-4.73,0.79,0.01,0.03,-0.0
0.0,-4.73,0.82,0.01,0.03,-0.0
0.06,-4.75,0.82,0.01,0.03,-0.0
0.0,-4.73,0.84,0.0,0.03,-0.0
0.02,-4.77,0.8,0.0,0.03,-0.0
-0.04,-4.77,0.84,-0.0,0.03,-0.0
0.0,-4.85,0.82,-0.0,0.03,-0.0
0.0,-4.77,0.8,-0.0,0.03,-0.0
0.02,-4.81,0.84,-0.0,0.03,-0.0
0.04,-4.83,0.86,-0.0,0.03,-0.0
0.0,-4.85,0.8,0.0,0.03,-0.0
0.02,-4.87,0.73,0.0,0.03,-0.0
0.02,-4.79,0.82,0.0,0.04,-0.0
0.0,-4.87,0.82,0.0,0.04,-0.0
0.02,-4.85,0.8,0.0,0.04,-0.0
0.0,-4.77,0.79,0.0,0.04,-0.0
0.02,-4.83,0.86,0.0,0.04,-0.0
0.0,-4.75,0.75,0.0,0.04,-0.0
0.02,-4.83,0.82,-0.0,0.04,-0.0
0.0,-4.83,0.82,-0.0,0.04,-0.0
0.0,-4.77,0.79,-0.0,0.03,-0.0
0.0,-4.83,0.84,-0.0,0.03,-0.0
-0.04,-4.85,0.84,-0.0,0.03,-0.0
0.0,-4.79,0.84,-0.0,0.03,-0.0
0.02,-4.81,0.84,-0.0,0.03,-0.0
-0.04,-4.85,0.82,0.0,0.03,-0.0
0.0,-4.81,0.77,0.0,0.03,-0.0
-0.02,-4.81,0.75,0.0,0.03,-0.0
-0.02,-4.81,0.84,0.0,0.03,-0.0
0.0,-4.79,0.8,0.0,0.03,-0.0
0.0,-4.79,0.84,0.0,0.03,-0.0
0.0,-4.79,0.79,-0.0,0.03,-0.0
0.0,-4.81,0.82,-0.0,0.02,-0.0
-0.02,-4.79,0.88,-0.0,0.02,-0.0
-0.04,-4.83,0.82,-0.0,0.02,-0.0
-0.02,-4.81,0.82,-0.0,0.02,-0.0
0.0,-4.81,0.84,-0.0,0.02,-0.0
0.02,-4.85,0.84,-0.0,0.03,-0.0
0.02,-4.79,0.84,0.0,0.03,-0.0
0.06,-4.81,0.8,0.0,0.03,-0.0
0.13,-4.79,0.92,0.0,0.03,-0.0
0.02,-4.79,0.82,0.0,0.03,-0.0
0.04,-4.79,0.8,0.0,0.03,-0.0
0.02,-4.79,0.84,0.0,0.03,-0.0
0.04,-4.79,0.8,0.0,0.03,-0.0
0.06,-4.79,0.8,0.0,0.03,-0.01
0.04,-4.75,0.84,0.0,0.03,-0.01
0.06,-4.81,0.82,0.0,0.03,-0.01
0.0,-4.81,0.79,0.0,0.04,-0.01
0.02,-4.79,0.82,0.0,0.04,-0.01
0.04,-4.81,0.79,0.0,0.04,-0.01
0.0,-4.81,0.84,0.0,0.04,-0.01
0.02,-4.75,0.82,0.0,0.04,-0.01
-0.02,-4.85,0.8,0.0,0.04,-0.01
0.0,-4.79,0.77,0.0,0.04,-0.01
0.0,-4.81,0.86,-0.0,0.04,-0.01
-0.08,-4.77,0.82,-0.0,0.03,-0.01
-0.04,-4.81,0.82,-0.0,0.03,-0.0
-0.06,-4.81,0.82,-0.0,0.03,-0.0
-0.06,-4.77,0.79,-0.0,0.03,-0.0
-0.08,-4.81,0.84,-0.0,0.03,-0.0
-0.04,-4.79,0.79,-0.0,0.03,0.0
-0.06,-4.75,0.8,-0.0,0.03,0.0
0.02,-4.83,0.88,-0.0,0.03,0.0
0.0,-4.77,0.86,-0.0,0.03,0.0
0.02,-4.87,0.84,-0.0,0.03,0.0
-0.02,-4.79,0.86,-0.0,0.03,0.0
0.0,-4.87,0.86,0.0,0.03,0.0
0.04,-4.85,0.92,0.0,0.03,-0.0
0.04,-4.87,0.84,0.0,0.03,-0.0
0.02,-4.85,0.8,0.01,0.03,-0.0
0.04,-4.81,0.8,0.01,0.03,-0.0
0.04,-4.83,0.84,0.01,0.03,-0.0
0.08,-4.83,0.86,0.01,0.03,-0.0
0.08,-4.75,0.82,0.01,0.04,-0.01
0.02,-4.77,0.82,0.01,0.04,-0.01
0.04,-4.75,0.82,0.01,0.04,-0.01
0.06,-4.81,0.84,0.01,0.04,-0.01
0.08,-4.77,0.84,0.01,0.04,-0.01
0.02,-4.75,0.77,0.01,0.04,-0.01
0.0,-4.79,0.86,0.0,0.04,-0.01
0.04,-4.77,0.84,-0.0,0.04,-0.01
0.0,-4.81,0.8,-0.01,0.04,-0.0
0.04,-4.81,0.88,-0.01,0.04,-0.0
0.0,-4.79,0.86,-0.01,0.04,-0.0
0.0,-4.79,0.84,-0.01,0.04,-0.0
-0.06,-4.77,0.9,-0.01,0.04,-0.0
0.0,-4.79,0.88,-0.01,0.04,-0.0
