accX,accY,accZ,gyroX,gyroY,gyroZ
-0.17,-4.37,2.18,-0.01,0.04,0.0
-0.11,-4.37,2.18,-0.01,0.04,0.0
-0.19,-4.33,2.11,-0.01,0.04,0.0
-0.19,-4.35,2.15,-0.01,0.04,0.0
-0.15,-4.39,2.13,-0.01,0.04,-0.0
-0.13,-4.29,2.18,-0.01,0.04,-0.0
-0.19,-4.27,2.22,-0.01,0.04,0.0
-0.19,-4.35,2.24,-0.01,0.04,0.0
-0.13,-4.33,2.2,-0.01,0.04,0.0
-0.11,-4.29,2.16,-0.01,0.04,0.0
-0.13,-4.27,2.11,-0.01,0.04,0.0
-0.17,-4.35,2.16,-0.01,0.04,0.0
-0.13,-4.41,2.16,-0.01,0.04,0.0
-0.21,-4.23,2.09,-0.01,0.04,0.0
-0.11,-4.39,2.18,-0.01,0.04,-0.0
-0.06,-4.33,2.18,-0.01,0.04,-0.0
-0.15,-4.35,2.16,-0.01,0.04,-0.0
-0.19,-4.29,2.13,-0.01,0.04,-0.0
-0.17,-4.33,2.16,-0.0,0.04,-0.0
-0.11,-4.31,2.15,-0.0,0.04,-0.0
-0.13,-4.33,2.22,-0.0,0.04,-0.0
-0.15,-4.33,2.2,-0.0,0.04,-0.0
-0.11,-4.37,2.15,-0.0,0.04,-0.0
-0.15,-4.35,2.18,-0.01,0.04,-0.0
-0.15,-4.35,2.2,-0.01,0.04,-0.0
-0.15,-4.39,2.18,-0.01,0.03,0.0
-0.17,-4.27,2.18,-0.0,0.04,-0.0
-0.11,-4.37,2.18,-0.0,0.04,-0.0
-0.19,-4.29,2.2,-0.0,0.03,-0.0
-0.04,-4.33,2.15,-0.0,0.03,-0.0
-0.11,-4.33,2.16,-0.0,0.04,-0.0
-0.15,-4.25,2.15,-0.0,0.04,-0.0
-0.11,-4.27,2.15,-0.0,0.04,-0.0
-0.15,-4.29,2.13,-0.01,0.04,-0.0
-0.13,-4.31,2.26,-0.01,0.03,-0.0
-0.13,-4.29,2.16,-0.01,0.04,-0.0
-0.17,-4.25,2.18,-0.01,0.04,-0.0
-0.17,-4.35,2.2,-0.01,0.04,-0.0
-0.11,-4.31,2.18,-0.01,0.04,-0.0
-0.11,-4.33,2.18,-0.01,0.04,-0.0
-0.21,-4.29,2.15,-0.01,0.04,-0.0
-0.17,-4.27,2.2,-0.01,0.04,-0.0
-0.1,-4.37,2.07,-0.01,0.04,-0.0
-0.15,-4.31,2.18,-0.01,0.04,-0.0
-0.17,-4.35,2.13,-0.01,0.04,-0.0
-0.1,-4.27,2.15,-0.01,0.04,-0.0
-0.17,-4.23,2.2,-0.01,0.04,-0.0
-0.31,-4.29,1.92,-0.01,0.04,-0.0
-0.13,-4.33,2.18,-0.0,0.04,-0.0
-0.1,-4.29,2.16,-0.0,0.04,-0.0
-0.15,-4.29,2.16,-0.0,0.04,-0.0
-0.13,-4.27,2.18,-0.0,0.04,0.0
-0.06,-4.35,2.18,-0.0,0.04,-0.0
-0.13,-4.29,2.16,-0.0,0.04,-0.0
-0.11,-4.33,2.15,-0.0,0.04,-0.0
-0.13,-4.31,2.2,-0.0,0.04,-0.0
-0.15,-4.27,2.22,-0.01,0.04,-0.0
-0.13,-4.27,2.09,-0.01,0.04,-0.0
-0.13,-4.31,2.18,-0.01,0.04,0.0
-0.08,-4.35,2.13,-0.01,0.04,-0.0
-0.11,-4.35,2.15,-0.01,0.04,-0.0
-0.17,-4.31,2.16,-0.01,0.04,0.0
-0.17,-4.31,2.11,-0.01,0.04,0.0
-0.1,-4.35,2.18,-0.01,0.03,0.0
-0.13,-4.31,2.18,-0.01,0.04,0.0
-0.13,-4.33,2.11,-0.01,0.04,0.0
-0.15,-4.33,2.09,-0.0,0.03,-0.0
-0.19,-4.33,2.13,-0.0,0.04,0.0
-0.13,-4.31,2.16,-0.0,0.04,-0.0
-0.19,-4.35,2.18,-0.0,0.04,0.0
-0.19,-4.31,2.22,-0.0,0.04,-0.0
-0.15,-4.31,2.16,-0.0,0.04,-0.0
-0.15,-4.29,2.11,-0.0,0.04,-0.0
-0.15,-4.33,2.18,-0.0,0.04,-0.0
-0.19,-4.33,2.13,-0.0,0.04,-0.0
-0.15,-4.29,2.18,-0.0,0.04,-0.0
-0.17,-4.29,2.16,-0.0,0.04,-0.0
-0.13,-4.31,2.15,-0.0,0.04,-0.0
-0.13,-4.31,2.18,-0.0,0.04,0.0
-0.11,-4.29,2.13,-0.0,0.04,-0.0
-0.1,-4.31,2.16,-0.01,0.04,0.0
-0.13,-4.35,2.15,-0.01,0.04,0.0
-0.13,-4.33,2.11,-0.0,0.04,0.0
-0.15,-4.35,2.2,-0.0,0.04,-0.0
-0.1,-4.33,2.16,-0.0,0.03,0.0
-0.11,-4.31,2.18,-0.0,0.04,0.0
-0.13,-4.29,2.24,-0.0,0.03,-0.0
-0.15,-4.33,2.16,-0.0,0.04,-0.0
-0.17,-4.27,2.18,-0.0,0.03,-0.0
-0.17,-4.37,2.15,-0.01,0.04,-0.0
-0.13,-4.27,2.18,-0.01,0.04,-0.0
-0.23,-4.23,2.15,-0.01,0.04,-0.0
-0.15,-4.31,2.11,-0.01,0.04,-0.0
-0.15,-4.33,2.09,-0.0,0.04,-0.0
-0.11,-4.35,2.18,-0.0,0.04,-0.0
-0.08,-4.29,2.18,-0.0,0.04,-0.0
-0.13,-4.35,2.18,-0.0,0.04,-0.0
-0.17,-4.33,2.18,-0.0,0.04,-0.0
-0.15,-4.29,2.2,-0.0,0.04,-0.0
-0.17,-4.27,2.15,-0.0,0.04,-0.0
-0.15,-4.31,2.11,-0.0,0.04,-0.0
-0.08,-4.33,2.13,-0.01,0.04,-0.0
-0.25,-4.29,2.2,-0.0,0.04,-0.0
-0.17,-4.35,2.16,-0.01,0.04,-0.0
-0.08,-4.35,2.11,-0.01,0.04,-0.0
-0.13,-4.31,2.2,-0.01,0.04,-0.0
-0.17,-4.35,2.16,-0.01,0.04,-0.0
-0.13,-4.23,2.15,-0.01,0.04,-0.0
-0.08,-4.35,2.18,-0.01,0.04,-0.0
-0.17,-4.25,2.2,-0.01,0.04,-0.0
-0.19,-4.29,2.2,-0.01,0.04,-0.0
-0.13,-4.31,2.24,-0.01,0.04,-0.0
-0.13,-4.31,2.15,-0.01,0.04,-0.0
-0.1,-4.29,2.11,-0.01,0.04,-0.0
-0.1,-4.29,2.15,-0.01,0.04,-0.0
-0.13,-4.29,2.16,-0.01,0.04,-0.0
-0.15,-4.25,2.18,-0.01,0.04,-0.0
-0.19,-4.33,2.16,-0.01,0.04,-0.0
-0.17,-4.29,2.22,-0.01,0.04,-0.0
-0.17,-4.29,2.13,-0.01,0.04,-0.0
-0.1,-4.29,2.13,-0.01,0.04,-0.0
-0.11,-4.29,2.09,-0.01,0.04,-0.0
-0.17,-4.29,2.15,-0.01,0.04,-0.0
-0.13,-4.33,2.22,-0.01,0.04,-0.0
-0.13,-4.33,2.2,-0.01,0.04,-0.0
-0.15,-4.37,2.18,-0.01,0.04,-0.0
-0.1,-4.39,2.11,-0.01,0.04,-0.0
-0.13,-4.31,2.16,-0.01,0.04,-0.0
-0.19,-4.29,2.13,-0.01,0.04,-0.0
-0.13,-4.33,2.18,-0.01,0.04,-0.0
-0.17,-4.31,2.13,-0.01,0.04,-0.0
-0.19,-4.25,2.15,-0.01,0.04,-0.0
-0.21,-4.33,2.16,-0.01,0.04,-0.0
-0.15,-4.25,2.15,-0.01,0.04,-0.0
-0.08,-4.41,2.2,-0.01,0.04,-0.0
-0.19,-4.25,2.16,-0.01,0.04,-0.0
-0.17,-4.31,2.15,-0.01,0.04,-0.0
-0.11,-4.29,2.2,-0.01,0.04,-0.0
-0.13,-4.29,2.15,-0.01,0.04,-0.0
-0.19,-4.31,2.16,-0.01,0.04,-0.0
-0.11,-4.29,2.22,-0.01,0.04,-0.0
-0.11,-4.29,2.16,-0.01,0.04,-0.0
-0.17,-4.27,2.18,-0.01,0.04,-0.0
-0.19,-4.35,2.16,-0.01,0.04,-0.0
-0.15,-4.41,2.16,-0.01,0.04,-0.0
-0.13,-4.31,2.18,-0.01,0.04,-0.0
-0.11,-4.33,2.2,-0.01,0.04,-0.0
-0.11,-4.35,2.18,-0.01,0.04,-0.0
-0.11,-4.33,2.15,-0.01,0.04,-0.0
-0.21,-4.27,2.16,-0.01,0.04,-0.0
-0.13,-4.33,2.18,-0.01,0.04,-0.0
-0.11,-4.29,2.15,-0.01,0.04,-0.0
-0.13,-4.31,2.2,-0.01,0.04,-0.0
-0.13,-4.31,2.16,-0.01,0.04,-0.0
-0.15,-4.29,2.2,-0.01,0.04,-0.0
-0.13,-4.29,2.2,-0.01,0.04,-0.0
-0.17,-4.23,2.18,-0.01,0.04,-0.0
-0.13,-4.31,2.13,-0.01,0.04,-0.0
-0.1,-4.29,2.16,-0.01,0.04,-0.0
-0.17,-4.27,2.16,-0.01,0.04,-0.0
-0.17,-4.29,2.15,-0.01,0.04,-0.0
-0.17,-4.31,2.16,-0.01,0.04,-0.0
-0.1,-4.37,2.18,-0.01,0.04,-0.0
-0.13,-4.33,2.16,-0.01,0.04,-0.0
-0.1,-4.39,2.2,-0.01,0.04,-0.0
-0.11,-4.33,2.18,-0.01,0.04,-0.0
-0.17,-4.31,2.13,-0.01,0.04,-0.0
-0.17,-4.39,2.24,-0.01,0.04,-0.0
-0.15,-4.33,2.18,-0.01,0.04,-0.0
-0.17,-4.31,2.09,-0.01,0.04,-0.0
-0.13,-4.29,2.13,-0.01,0.04,-0.0
-0.1,-4.29,2.16,-0.01,0.04,-0.0
-0.13,-4.27,2.18,-0.01,0.04,-0.0
-0.13,-4.33,2.11,-0.01,0.04,-0.0
-0.17,-4.33,2.16,-0.01,0.04,-0.0
-0.15,-4.31,2.18,-0.01,0.04,-0.0
-0.17,-4.35,2.16,-0.01,0.04,-0.0
-0.15,-4.29,2.2,-0.01,0.04,-0.0
-0.06,-4.27,2.16,-0.01,0.04,-0.0
-0.17,-4.35,2.16,-0.01,0.04,-0.0
-0.13,-4.37,2.16,-0.01,0.03,-0.0
-0.11,-4.21,2.2,-0.01,0.04,-0.0
-0.08,-4.35,2.15,-0.01,0.04,-0.0
-0.17,-4.33,2.13,-0.01,0.04,-0.0
-0.17,-4.27,2.16,-0.01,0.04,-0.0
-0.15,-4.35,2.2,-0.01,0.04,-0.0
-0.15,-4.31,2.13,-0.01,0.04,-0.0
-0.19,-4.35,2.18,-0.01,0.04,-0.0
-0.21,-4.35,2.16,-0.01,0.04,-0.0
-0.23,-4.29,2.07,-0.01,0.04,-0.0
-0.15,-4.35,2.15,-0.01,0.04,-0.0
-0.11,-4.29,2.18,-0.01,0.04,-0.0
-0.13,-4.29,2.13,-0.01,0.04,-0.0
-0.1,-4.29,2.11,-0.01,0.04,-0.0
-0.15,-4.33,2.15,-0.01,0.04,-0.0
-0.23,-4.25,2.11,-0.01,0.03,-0.0
-0.15,-4.33,2.11,-0.01,0.03,-0.0
-0.15,-4.33,2.16,-0.01,0.03,-0.0
-0.17,-4.37,2.13,-0.01,0.03,-0.0
-0.06,-4.37,2.18,-0.0,0.04,-0.0
-0.17,-4.35,2.2,-0.0,0.04,-0.0
-0.17,-4.35,2.18,-0.0,0.04,-0.0
-0.1,-4.29,2.15,-0.0,0.04,-0.0
-0.06,-4.29,2.16,-0.0,0.04,-0.0
-0.11,-4.31,2.18,-0.0,0.04,-0.0
-0.15,-4.25,2.2,-0.0,0.04,-0.0
-0.11,-4.29,2.15,-0.01,0.04,-0.0
-0.13,-4.31,2.22,-0.01,0.04,-0.0
-0.08,-4.35,2.18,-0.01,0.04,-0.0
-0.1,-4.29,2.15,-0.01,0.04,-0.0
-0.13,-4.27,2.18,-0.01,0.04,0.0
-0.13,-4.33,2.24,-0.01,0.04,0.0
-0.13,-4.29,2.15,-0.01,0.04,0.0
-0.17,-4.27,2.16,-0.01,0.04,0.0
-0.15,-4.33,2.13,-0.01,0.04,-0.0
-0.15,-4.31,2.13,-0.01,0.04,-0.0
-0.11,-4.29,2.18,-0.01,0.04,0.0
-0.19,-4.33,2.09,-0.01,0.04,-0.0
-0.13,-4.35,2.13,-0.01,0.04,-0.0
-0.19,-4.31,2.24,-0.01,0.04,-0.0
-0.13,-4.31,2.18,-0.01,0.04,-0.0
-0.36,-4.46,2.24,-0.0,0.04,-0.0
-0.17,-4.31,2.18,-0.01,0.04,-0.0
-0.1,-4.33,2.13,-0.01,0.04,-0.0
-0.15,-4.25,2.15,-0.01,0.04,-0.0
-0.1,-4.33,2.18,-0.01,0.04,-0.0
-0.19,-4.31,2.18,-0.01,0.04,-0.0
-0.13,-4.31,2.18,-0.01,0.04,-0.0
-0.11,-4.35,2.2,-0.01,0.04,0.0
-0.11,-4.29,2.16,-0.01,0.04,-0.0
-0.15,-4.29,2.18,-0.01,0.04,-0.0
-0.17,-4.29,2.15,-0.01,0.04,-0.0
-0.21,-4.25,2.15,-0.01,0.04,-0.0
-0.19,-4.31,2.2,-0.01,0.04,-0.0
-0.17,-4.31,2.18,-0.01,0.04,-0.0
-0.17,-4.29,2.22,-0.01,0.04,-0.0
-0.19,-4.27,2.2,-0.01,0.04,-0.0
-0.15,-4.29,2.16,-0.01,0.04,-0.0
-0.13,-4.31,2.16,-0.01,0.04,-0.0
-0.11,-4.25,2.2,-0.01,0.04,-0.0
-0.17,-4.29,2.16,-0.01,0.04,-0.0
-0.19,-4.35,2.16,-0.01,0.04,-0.0
-0.15,-4.31,2.18,-0.01,0.04,-0.0
-0.17,-4.25,2.2,-0.01,0.04,-0.0
-0.19,-4.29,2.09,-0.01,0.04,-0.0
-0.19,-4.31,2.09,-0.01,0.04,-0.0
-0.17,-4.35,2.2,-0.01,0.04,-0.0
-0.15,-4.31,2.15,-0.0,0.04,-0.0
-0.19,-4.29,2.16,-0.0,0.04,-0.0
-0.15,-4.33,2.16,-0.0,0.04,-0.0
-0.11,-4.31,2.2,-0.0,0.04,-0.0
-0.15,-4.31,2.13,-0.0,0.04,-0.0
-0.08,-4.31,2.13,-0.0,0.04,-0.0
-0.17,-4.25,2.11,-0.0,0.04,-0.0
-0.15,-4.31,2.16,-0.0,0.04,-0.0
-0.15,-4.27,2.28,-0.01,0.04,-0.0
-0.11,-4.35,2.22,-0.01,0.04,-0.0
-0.13,-4.29,2.2,-0.0,0.04,-0.0
-0.08,-4.31,2.18,-0.0,0.04,-0.0
-0.1,-4.29,2.2,-0.0,0.04,-0.0
-0.15,-4.27,2.15,-0.0,0.04,-0.0
-0.15,-4.23,2.11,-0.01,0.04,-0.0
-0.15,-4.35,2.16,-0.01,0.04,-0.0
-0.17,-4.33,2.16,-0.01,0.04,-0.0
-0.11,-4.31,2.16,-0.01,0.04,-0.0
-0.06,-4.31,2.13,-0.01,0.04,-0.0
-0.13,-4.29,2.13,-0.01,0.04,-0.0
-0.13,-4.35,2.13,-0.01,0.04,-0.0
-0.11,-4.27,2.13,-0.01,0.04,-0.0
-0.17,-4.25,2.18,-0.01,0.04,-0.0
-0.1,-4.33,2.11,-0.01,0.04,-0.0
-0.11,-4.33,2.15,-0.01,0.04,-0.0
-0.15,-4.31,2.15,-0.01,0.04,-0.0
-0.08,-4.31,2.2,-0.01,0.04,-0.0
-0.11,-4.27,2.15,-0.01,0.04,-0.0
-0.1,-4.35,2.24,-0.01,0.04,-0.0
-0.11,-4.35,2.15,-0.01,0.04,-0.0
-0.11,-4.33,2.18,-0.01,0.04,-0.0
-0.19,-4.27,2.16,-0.01,0.04,-0.0
-0.15,-4.31,2.2,-0.01,0.04,-0.0
-0.13,-4.35,2.18,-0.01,0.04,-0.0
-0.15,-4.31,2.18,-0.01,0.04,-0.0
-0.15,-4.29,2.09,-0.01,0.04,-0.0
-0.13,-4.29,2.2,-0.01,0.04,-0.0
-0.17,-4.29,2.16,-0.01,0.04,-0.0
-0.13,-4.35,2.16,-0.01,0.04,-0.0
-0.08,-4.33,2.16,-0.01,0.04,-0.0
-0.15,-4.31,2.22,-0.01,0.04,-0.0
-0.15,-4.31,2.16,-0.01,0.04,-0.0
-0.19,-4.33,2.16,-0.01,0.04,-0.0
-0.11,-4.29,2.22,-0.01,0.04,-0.0
-0.19,-4.33,2.16,-0.01,0.04,-0.0
-0.15,-4.33,2.18,-0.01,0.04,-0.0
-0.15,-4.27,2.18,-0.01,0.04,-0.0
-0.11,-4.31,2.15,-0.01,0.04,-0.0
-0.1,-4.37,2.18,-0.01,0.04,-0.0
-0.17,-4.33,2.18,-0.01,0.04,-0.0
-0.13,-4.35,2.15,-0.01,0.04,-0.0
-0.17,-4.33,2.15,-0.01,0.04,-0.0
-0.1,-4.33,2.11,-0.01,0.04,-0.0
-0.17,-4.29,2.16,-0.01,0.04,-0.0
-0.11,-4.33,2.15,-0.01,0.04,-0.0
-0.15,-4.35,2.15,-0.01,0.04,-0.0
-0.13,-4.33,2.16,-0.01,0.04,-0.0
-0.19,-4.35,2.15,-0.01,0.04,-0.0
-0.17,-4.31,2.13,-0.01,0.04,-0.0
-0.13,-4.35,2.24,-0.01,0.04,-0.0
-0.1,-4.33,2.13,-0.01,0.04,-0.0
-0.08,-4.31,2.16,-0.01,0.04,-0.0
-0.11,-4.21,2.22,-0.01,0.04,-0.0
-0.11,-4.31,2.18,-0.01,0.04,-0.0
-0.08,-4.33,2.15,-0.01,0.03,-0.0
-0.13,-4.31,2.15,-0.01,0.04,-0.0
-0.15,-4.37,2.09,-0.01,0.04,-0.0
-0.17,-4.29,2.18,-0.01,0.04,-0.0
-0.15,-4.29,2.13,-0.01,0.03,-0.0
-0.1,-4.27,2.2,-0.01,0.04,-0.0
-0.1,-4.31,2.16,-0.01,0.04,-0.0
-0.15,-4.33,2.2,-0.01,0.04,-0.0
-0.13,-4.35,2.11,-0.01,0.04,-0.0
-0.15,-4.31,2.16,-0.01,0.04,-0.0
-0.15,-4.35,2.11,-0.01,0.04,-0.0
-0.13,-4.35,2.15,-0.01,0.04,-0.0
-0.1,-4.35,2.13,-0.01,0.04,-0.0
-0.11,-4.27,2.15,-0.01,0.04,-0.0
-0.15,-4.33,2.2,-0.01,0.04,-0.0
-0.25,-4.29,2.16,-0.01,0.04,-0.0
-0.08,-4.31,2.18,-0.01,0.04,-0.0
-0.15,-4.31,2.13,-0.01,0.04,-0.0
-0.13,-4.31,2.11,-0.01,0.04,-0.0
-0.11,-4.42,2.3,-0.01,0.04,-0.0
-0.15,-4.37,2.13,-0.01,0.04,-0.0
-0.15,-4.33,2.16,-0.01,0.04,-0.0
-0.19,-4.35,2.16,-0.01,0.04,-0.0
-0.11,-4.31,2.13,-0.01,0.04,0.0
-0.13,-4.39,2.13,-0.01,0.04,-0.0
-0.19,-4.33,2.16,-0.01,0.04,-0.0
-0.15,-4.33,2.16,-0.01,0.04,-0.0
-0.13,-4.29,2.13,-0.01,0.04,-0.0
-0.1,-4.29,2.18,-0.01,0.04,-0.0
-0.13,-4.27,2.13,-0.01,0.04,-0.0
-0.21,-4.33,2.13,-0.01,0.04,-0.0
-0.17,-4.37,2.18,-0.01,0.04,-0.0
-0.17,-4.31,2.22,-0.01,0.04,-0.0
-0.11,-4.31,2.2,-0.01,0.04,-0.0
-0.19,-4.31,2.2,-0.01,0.04,-0.0
-0.15,-4.35,2.15,-0.01,0.03,-0.0
-0.19,-4.35,2.16,-0.01,0.03,-0.0
-0.15,-4.35,2.18,-0.01,0.03,-0.0
-0.17,-4.31,2.11,-0.01,0.04,-0.0
-0.19,-4.33,2.16,-0.01,0.04,-0.0
-0.15,-4.31,2.15,-0.01,0.03,-0.0
-0.13,-4.35,2.15,-0.01,0.03,-0.0
-0.15,-4.29,2.11,-0.01,0.04,-0.0
-0.15,-4.31,2.18,-0.01,0.04,-0.0
-0.1,-4.31,2.2,-0.01,0.04,-0.0
-0.13,-4.35,2.15,-0.01,0.04,-0.0
-0.17,-4.35,2.16,-0.01,0.04,-0.0
-0.13,-4.39,2.18,-0.0,0.04,-0.0
-0.13,-4.31,2.13,-0.0,0.04,-0.0
-0.11,-4.27,2.16,-0.01,0.04,-0.0
-0.11,-4.31,2.18,-0.01,0.04,-0.0
-0.13,-4.33,2.2,-0.01,0.04,-0.0
-0.06,-4.31,2.15,-0.01,0.04,-0.0
-0.15,-4.31,2.15,-0.01,0.04,-0.0
-0.13,-4.29,2.18,-0.01,0.04,-0.0
-0.11,-4.39,2.2,-0.01,0.04,-0.0
-0.17,-4.27,2.15,-0.01,0.04,-0.0
-0.13,-4.27,2.15,-0.01,0.04,-0.0
-0.13,-4.39,2.13,-0.01,0.04,0.0
-0.13,-4.29,2.13,-0.01,0.04,0.0
-0.19,-4.31,2.09,-0.01,0.04,-0.0
-0.15,-4.33,2.2,-0.01,0.04,-0.0
-0.19,-4.29,2.15,-0.01,0.04,-0.0
-0.15,-4.35,2.22,-0.01,0.04,-0.0
-0.21,-4.31,2.13,-0.01,0.04,-0.0
-0.13,-4.33,2.15,-0.01,0.04,-0.0
-0.15,-4.33,2.09,-0.01,0.04,-0.0
-0.13,-4.29,2.13,-0.01,0.04,-0.0
-0.11,-4.29,2.16,-0.01,0.04,-0.0
-0.19,-4.29,2.22,-0.01,0.04,-0.0
-0.19,-4.27,2.16,-0.01,0.04,-0.0
-0.15,-4.33,2.16,-0.01,0.04,-0.0
-0.13,-4.35,2.2,-0.01,0.04,-0.0
-0.1,-4.31,2.15,-0.01,0.04,-0.0
-0.13,-4.31,2.15,-0.01,0.04,-0.0
-0.21,-4.31,2.16,-0.01,0.04,-0.0
-0.15,-4.31,2.18,-0.01,0.04,-0.0
-0.13,-4.29,2.2,-0.01,0.04,-0.0
-0.19,-4.33,2.18,-0.01,0.04,-0.0
-0.13,-4.33,2.13,-0.01,0.04,-0.0
-0.19,-4.35,2.15,-0.01,0.04,-0.0
-0.15,-4.33,2.15,-0.01,0.04,-0.0
-0.11,-4.37,2.16,-0.01,0.04,-0.0
-0.15,-4.27,2.11,-0.01,0.04,-0.0
-0.17,-4.33,2.18,-0.01,0.04,-0.0
-0.08,-4.35,2.2,-0.01,0.04,-0.0
-0.15,-4.27,2.18,-0.01,0.04,-0.0
-0.13,-4.37,2.15,-0.01,0.04,-0.0
-0.06,-4.33,2.09,-0.01,0.04,-0.0
-0.15,-4.35,2.13,-0.01,0.04,-0.0
-0.13,-4.33,2.24,-0.01,0.04,-0.0
-0.13,-4.33,2.16,-0.01,0.04,-0.0
-0.15,-4.29,2.11,-0.01,0.04,-0.0
-0.13,-4.31,2.16,-0.01,0.04,-0.0
-0.11,-4.35,2.09,-0.01,0.04,-0.0
-0.17,-4.29,2.18,-0.01,0.04,-0.0
-0.15,-4.29,2.13,-0.01,0.04,-0.0
-0.15,-4.27,2.16,-0.01,0.04,-0.0
-0.06,-4.33,2.15,-0.01,0.04,-0.0
-0.13,-4.31,2.15,-0.0,0.04,-0.0
-0.11,-4.33,2.16,-0.0,0.04,-0.0
-0.11,-4.35,2.15,-0.01,0.04,-0.0
-0.17,-4.33,2.16,-0.0,0.04,-0.0
-0.13,-4.27,2.2,-0.0,0.04,-0.0
-0.17,-4.29,2.15,-0.0,0.04,-0.0
-0.15,-4.29,2.09,-0.0,0.04,-0.0
-0.19,-4.31,2.11,-0.0,0.04,-0.0
-0.11,-4.35,2.2,-0.0,0.04,-0.0
-0.1,-4.39,2.11,-0.01,0.04,-0.0
-0.21,-4.35,2.13,-0.0,0.04,-0.0
-0.1,-4.33,2.2,-0.01,0.04,-0.0
-0.17,-4.31,2.18,-0.01,0.04,-0.0
-0.11,-4.33,2.18,-0.01,0.04,-0.0
-0.13,-4.27,2.2,-0.0,0.04,-0.0
-0.13,-4.39,2.13,-0.01,0.04,-0.0
-0.13,-4.37,2.09,-0.01,0.04,-0.0
-0.17,-4.35,2.2,-0.0,0.04,-0.0
-0.13,-4.31,2.2,-0.0,0.04,-0.0
-0.13,-4.33,2.16,-0.01,0.04,-0.0
-0.1,-4.35,2.11,-0.01,0.04,-0.0
-0.15,-4.33,2.16,-0.01,0.04,-0.0
-0.1,-4.29,2.16,-0.0,0.04,-0.0
-0.13,-4.31,2.22,-0.0,0.04,-0.0
-0.15,-4.35,2.15,-0.0,0.04,-0.0
-0.11,-4.37,2.11,-0.01,0.04,-0.0
-0.15,-4.27,2.18,-0.0,0.04,-0.0
-0.13,-4.33,2.13,-0.01,0.04,0.0
-0.17,-4.29,2.22,-0.0,0.04,-0.0
-0.17,-4.29,2.16,-0.0,0.04,-0.0
-0.13,-4.35,2.2,-0.01,0.04,-0.0
-0.15,-4.33,2.2,-0.0,0.04,-0.0
-0.15,-4.33,2.11,-0.01,0.04,-0.0
-0.08,-4.33,2.18,-0.01,0.04,-0.0
-0.13,-4.29,2.2,-0.01,0.04,-0.0
-0.11,-4.31,2.18,-0.01,0.04,-0.0
-0.15,-4.33,2.18,-0.01,0.04,-0.0
-0.13,-4.27,2.15,-0.01,0.04,-0.0
-0.1,-4.31,2.16,-0.01,0.04,-0.0
-0.15,-4.35,2.07,-0.01,0.04,-0.0
-0.11,-4.33,2.15,-0.01,0.04,-0.0
-0.13,-4.35,2.16,-0.01,0.04,-0.0
-0.13,-4.29,2.2,-0.01,0.04,-0.0
-0.1,-4.31,2.16,-0.01,0.04,-0.0
-0.13,-4.35,2.16,-0.01,0.04,-0.0
-0.1,-4.29,2.16,-0.01,0.04,-0.0
-0.15,-4.27,2.16,-0.01,0.04,-0.0
-0.11,-4.31,2.13,-0.01,0.04,-0.0
-0.15,-4.31,2.16,-0.01,0.04,-0.0
-0.11,-4.33,2.18,-0.01,0.04,0.0
-0.1,-4.31,2.15,-0.01,0.04,-0.0
-0.1,-4.29,2.16,-0.01,0.04,-0.0
-0.17,-4.29,2.2,-0.01,0.04,-0.0
-0.13,-4.31,2.15,-0.01,0.04,-0.0
-0.15,-4.31,2.13,-0.01,0.04,-0.0
-0.15,-4.27,2.11,-0.01,0.04,-0.0
-0.21,-4.35,2.11,-0.01,0.04,-0.0
-0.15,-4.31,2.15,-0.01,0.04,-0.0
-0.17,-4.31,2.15,-0.01,0.04,-0.0
-0.15,-4.31,2.15,-0.01,0.04,-0.0
-0.11,-4.29,2.18,-0.01,0.04,-0.0
-0.15,-4.35,2.15,-0.01,0.04,-0.0
-0.15,-4.27,2.11,-0.01,0.04,-0.0
-0.13,-4.29,2.16,-0.01,0.04,-0.0
-0.17,-4.31,2.18,-0.01,0.04,-0.0
-0.13,-4.33,2.15,-0.01,0.04,-0.0
-0.17,-4.27,2.15,-0.01,0.04,-0.0
-0.15,-4.31,2.22,-0.01,0.04,-0.0
-0.11,-4.33,2.22,-0.01,0.04,-0.0
-0.13,-4.29,2.13,-0.01,0.04,-0.0
-0.15,-4.35,2.18,-0.01,0.04,-0.0
-0.13,-4.27,2.15,-0.01,0.04,-0.0
-0.19,-4.31,2.16,-0.01,0.04,-0.0
-0.1,-4.42,2.16,-0.01,0.04,-0.0
-0.11,-4.31,2.22,-0.01,0.04,-0.0
-0.04,-4.27,2.15,-0.01,0.04,-0.0
-0.08,-4.27,2.15,-0.01,0.04,-0.0
-0.17,-4.37,2.18,-0.01,0.04,-0.0
-0.19,-4.37,2.18,-0.01,0.03,-0.0
-0.1,-4.29,2.15,-0.01,0.03,-0.0
-0.15,-4.31,2.15,-0.01,0.04,-0.0
-0.11,-4.39,2.15,-0.01,0.04,-0.0
-0.08,-4.39,2.18,-0.01,0.04,-0.0
-0.11,-4.29,2.22,-0.01,0.04,-0.0
-0.1,-4.29,2.15,-0.01,0.04,-0.0
-0.1,-4.41,2.09,-0.01,0.04,-0.0
-0.15,-4.27,2.11,-0.01,0.04,-0.0
-0.19,-4.31,2.15,-0.01,0.04,-0.0
-0.11,-4.37,2.13,-0.01,0.04,-0.0
-0.19,-4.35,2.18,-0.01,0.04,-0.0
-0.19,-4.29,2.15,-0.01,0.04,-0.0
-0.17,-4.33,2.15,-0.01,0.04,-0.0
-0.17,-4.27,2.09,-0.01,0.04,-0.0
-0.17,-4.31,2.18,-0.01,0.04,-0.0
-0.15,-4.35,2.38,-0.01,0.04,-0.0
-0.15,-4.33,2.22,-0.01,0.04,-0.0
-0.13,-4.37,2.15,-0.01,0.04,-0.0
-0.11,-4.35,2.11,-0.01,0.04,-0.0
-0.13,-4.37,2.18,-0.01,0.04,-0.0
-0.13,-4.33,2.13,-0.01,0.04,-0.0
-0.15,-4.27,2.13,-0.01,0.04,-0.0
-0.11,-4.31,2.11,-0.01,0.04,-0.0
-0.15,-4.27,2.15,-0.01,0.04,-0.0
-0.19,-4.27,2.09,-0.01,0.04,-0.0
-0.17,-4.35,2.16,-0.01,0.04,-0.0
-0.13,-4.37,2.16,-0.01,0.04,-0.0
-0.13,-4.33,2.18,-0.01,0.04,-0.0
-0.13,-4.33,2.15,-0.01,0.04,-0.0
-0.17,-4.29,2.15,-0.01,0.04,-0.0
-0.15,-4.25,2.24,-0.01,0.04,-0.0
-0.15,-4.29,2.15,-0.01,0.04,-0.0
-0.13,-4.33,2.09,-0.01,0.04,-0.0
-0.11,-4.35,2.18,-0.01,0.04,-0.0
-0.13,-4.31,2.15,-0.01,0.04,0.0
-0.15,-4.29,2.13,-0.01,0.04,-0.0
-0.17,-4.35,2.13,-0.01,0.04,0.0
-0.11,-4.31,2.18,-0.01,0.04,-0.0
-0.06,-4.33,2.2,-0.01,0.04,0.0
-0.15,-4.35,2.16,-0.01,0.04,0.0
-0.11,-4.29,2.13,-0.01,0.04,0.0
-0.19,-4.31,2.13,-0.01,0.04,0.0
-0.13,-4.31,2.13,-0.01,0.04,0.0
-0.15,-4.31,2.11,-0.01,0.04,0.0
-0.15,-4.29,2.07,-0.01,0.04,0.0
-0.13,-4.35,2.2,-0.01,0.04,0.0
-0.13,-4.31,2.24,-0.01,0.04,0.0
-0.17,-4.35,2.15,-0.01,0.04,-0.0
-0.21,-4.29,2.13,-0.01,0.04,0.0
-0.1,-4.37,2.13,-0.01,0.04,-0.0
-0.23,-4.33,2.13,-0.01,0.04,-0.0
-0.21,-4.29,2.16,-0.01,0.04,-0.0
-0.15,-4.31,2.15,-0.01,0.04,0.0
-0.15,-4.33,2.18,-0.01,0.04,0.0
-0.11,-4.35,2.13,-0.01,0.04,0.0
-0.19,-4.27,2.13,-0.01,0.04,0.0
-0.13,-4.31,2.16,-0.01,0.04,0.0
-0.17,-4.37,2.11,-0.01,0.04,0.0
-0.15,-4.23,2.2,-0.01,0.04,0.0
-0.13,-4.27,2.09,-0.01,0.03,0.0
-0.19,-4.33,2.16,-0.01,0.04,-0.0
-0.11,-4.29,2.15,-0.01,0.04,-0.0
-0.1,-4.29,2.09,-0.01,0.04,-0.0
-0.15,-4.33,2.15,-0.01,0.04,-0.0
-0.1,-4.31,2.15,-0.01,0.04,-0.0
-0.1,-4.35,2.13,-0.01,0.04,-0.0
-0.21,-4.33,2.15,-0.01,0.04,-0.0
-0.15,-4.37,2.11,-0.01,0.04,-0.0
-0.15,-4.31,2.15,-0.01,0.03,-0.0
-0.13,-4.31,2.18,-0.01,0.03,-0.0
-0.11,-4.35,2.11,-0.01,0.03,-0.0
-0.19,-4.31,2.15,-0.01,0.04,-0.0
-0.17,-4.35,2.13,-0.01,0.03,0.0
-0.15,-4.33,2.24,-0.01,0.03,-0.0
-0.17,-4.33,2.11,-0.01,0.03,0.0
-0.13,-4.31,2.26,-0.01,0.03,0.0
-0.13,-4.35,2.16,-0.01,0.03,0.0
-0.15,-4.31,2.18,-0.01,0.03,-0.0
-0.15,-4.27,2.11,-0.01,0.03,-0.0
-0.17,-4.29,2.15,-0.01,0.04,0.0
-0.1,-4.31,2.15,-0.01,0.04,0.0
-0.08,-4.33,2.09,-0.01,0.04,0.0
-0.13,-4.33,2.11,-0.01,0.04,-0.0
-0.19,-4.33,2.15,-0.01,0.04,-0.0
-0.17,-4.37,2.16,-0.01,0.04,-0.0
-0.11,-4.29,2.18,-0.01,0.04,-0.0
-0.19,-4.27,2.16,-0.01,0.04,-0.0
-0.11,-4.35,2.13,-0.01,0.04,-0.0
-0.15,-4.41,2.18,-0.01,0.04,-0.0
-0.13,-4.37,2.18,-0.01,0.04,-0.0
-0.17,-4.39,2.13,-0.01,0.04,-0.0
-0.13,-4.31,2.16,-0.01,0.04,-0.0
-0.13,-4.35,2.13,-0.01,0.04,-0.0
-0.15,-4.35,2.15,-0.01,0.04,-0.0
-0.17,-4.37,2.15,-0.01,0.04,-0.0
-0.11,-4.35,2.11,-0.01,0.04,-0.0
-0.1,-4.39,2.16,-0.01,0.04,-0.0
-0.13,-4.35,2.11,-0.01,0.04,-0.0
-0.15,-4.35,2.13,-0.01,0.04,-0.0
-0.06,-4.37,2.15,-0.01,0.03,-0.0
-0.17,-4.29,2.11,-0.01,0.03,-0.0
-0.21,-4.37,2.05,-0.01,0.03,-0.0
-0.17,-4.25,2.03,-0.01,0.04,-0.0
-0.08,-4.29,2.13,-0.01,0.04,-0.0
-0.15,-4.29,2.11,-0.01,0.04,-0.0
-0.17,-4.31,2.15,-0.01,0.04,-0.0
-0.13,-4.33,2.15,-0.01,0.04,-0.0
-0.19,-4.29,2.15,-0.01,0.04,-0.0
-0.19,-4.33,2.15,-0.01,0.04,-0.0
-0.1,-4.35,2.13,-0.01,0.03,-0.0
-0.19,-4.31,2.11,-0.01,0.04,-0.0
-0.25,-4.37,2.16,-0.01,0.04,-0.0
-0.06,-4.37,2.13,-0.01,0.04,-0.0
-0.21,-4.35,2.16,-0.01,0.04,-0.0
-0.17,-4.33,2.11,-0.01,0.04,-0.0
-0.23,-4.35,2.09,-0.0,0.04,-0.0
-0.13,-4.35,2.09,-0.0,0.04,-0.0
-0.19,-4.29,2.18,-0.0,0.04,-0.0
-0.11,-4.31,2.15,-0.0,0.04,-0.0
-0.19,-4.29,2.18,-0.0,0.04,-0.0
-0.15,-4.33,2.11,-0.0,0.04,-0.0
-0.15,-4.39,2.15,-0.0,0.04,-0.0
-0.11,-4.35,2.2,-0.0,0.04,-0.0
-0.11,-4.39,2.15,-0.01,0.04,-0.0
-0.11,-4.31,2.18,-0.01,0.04,-0.0
-0.13,-4.37,2.03,-0.0,0.04,-0.0
-0.13,-4.37,2.16,-0.01,0.04,-0.0
-0.08,-4.31,2.15,-0.0,0.04,-0.0
-0.19,-4.35,2.22,-0.01,0.04,-0.0
-0.15,-4.37,2.13,-0.0,0.03,-0.0
-0.17,-4.35,2.11,-0.0,0.03,-0.0
-0.11,-4.33,2.15,-0.0,0.03,-0.0
-0.19,-4.35,2.13,-0.0,0.04,-0.0
-0.17,-4.35,2.16,-0.0,0.04,-0.0
-0.13,-4.33,2.13,-0.0,0.04,-0.0
-0.13,-4.35,2.16,-0.0,0.04,-0.0
-0.13,-4.29,2.16,-0.0,0.03,-0.0
-0.21,-4.31,2.11,-0.0,0.04,-0.0
-0.13,-4.39,2.18,-0.0,0.04,-0.0
-0.08,-4.33,2.07,-0.0,0.04,-0.0
-0.19,-4.33,2.09,-0.0,0.04,-0.0
-0.13,-4.35,2.16,-0.0,0.04,-0.0
-0.17,-4.31,2.09,-0.0,0.04,-0.0
-0.15,-4.33,2.15,-0.0,0.04,-0.0
-0.19,-4.31,2.15,-0.0,0.04,-0.0
-0.13,-4.31,2.09,-0.0,0.04,-0.0
-0.04,-4.35,2.22,-0.0,0.04,-0.0
-0.11,-4.31,2.13,-0.0,0.04,-0.0
-0.15,-4.31,2.16,-0.0,0.04,-0.0
-0.17,-4.33,2.18,-0.0,0.03,-0.0
-0.15,-4.33,2.13,-0.01,0.03,-0.0
-0.13,-4.35,2.13,-0.01,0.03,-0.0
-0.17,-4.33,2.15,-0.01,0.03,-0.0
-0.13,-4.39,2.16,-0.01,0.03,-0.0
-0.17,-4.35,2.07,-0.0,0.03,-0.0
-0.17,-4.31,2.11,-0.0,0.03,-0.0
-0.17,-4.37,2.2,-0.0,0.03,-0.0
-0.19,-4.31,2.15,-0.0,0.04,-0.0
-0.13,-4.33,2.16,-0.0,0.04,-0.0
-0.13,-4.39,2.13,-0.0,0.04,-0.0
-0.13,-4.33,2.15,-0.0,0.03,-0.0
-0.13,-4.35,2.11,-0.0,0.03,-0.0
-0.13,-4.37,2.18,-0.01,0.03,-0.0
-0.19,-4.33,2.11,-0.01,0.03,-0.0
-0.13,-4.35,2.18,-0.01,0.03,-0.0
-0.17,-4.29,2.18,-0.01,0.03,-0.0
-0.13,-4.35,2.13,-0.01,0.03,-0.0
-0.13,-4.35,2.13,-0.01,0.03,-0.0
-0.21,-4.27,2.18,-0.01,0.03,-0.0
-0.15,-4.39,2.2,-0.01,0.03,-0.0
-0.13,-4.31,2.18,-0.01,0.03,-0.0
-0.13,-4.29,2.2,-0.01,0.03,-0.0
-0.21,-4.35,2.13,-0.01,0.03,0.0
-0.13,-4.37,2.18,-0.02,0.03,0.0
-0.13,-4.39,2.15,-0.02,0.02,-0.0
-0.15,-4.37,2.16,-0.02,0.02,-0.0
-0.19,-4.35,2.18,-0.01,0.03,-0.01
-0.21,-4.35,2.18,-0.01,0.03,-0.01
-0.15,-4.39,2.11,-0.01,0.03,-0.01
-0.19,-4.37,2.09,-0.0,0.04,-0.01
-0.13,-4.35,2.13,-0.0,0.04,-0.01
-0.15,-4.35,2.11,-0.0,0.04,-0.01
-0.15,-4.31,2.13,-0.0,0.04,-0.01
-0.15,-4.33,2.15,-0.0,0.04,-0.0
-0.15,-4.29,2.16,-0.01,0.04,0.0
-0.1,-4.37,2.22,-0.01,0.04,0.0
-0.19,-4.31,2.38,-0.02,0.03,0.01
-0.25,-4.31,2.3,-0.02,0.03,0.01
-0.21,-4.33,2.24,-0.02,0.03,0.0
-0.21,-4.37,2.26,-0.02,0.03,0.0
-0.17,-4.25,2.11,-0.02,0.03,-0.0
-0.19,-4.35,2.22,-0.02,0.03,-0.01
-0.15,-4.33,2.16,-0.02,0.03,-0.01
-0.17,-4.31,2.09,-0.02,0.04,-0.01
-0.21,-4.31,2.09,-0.02,0.04,-0.01
-0.17,-4.27,2.09,-0.03,0.04,-0.01
-0.23,-4.23,2.09,-0.03,0.04,-0.0
-0.23,-4.25,2.11,-0.03,0.04,-0.0
-0.27,-4.21,2.11,-0.04,0.04,0.0
-0.21,-4.25,2.16,-0.04,0.04,0.0
-0.21,-4.21,2.24,-0.04,0.04,0.01
-0.29,-4.25,2.26,-0.05,0.04,0.01
-0.27,-4.31,2.24,-0.05,0.04,0.02
-0.27,-4.33,2.24,-0.05,0.04,0.02
-0.25,-4.41,2.18,-0.05,0.03,0.02
-0.21,-4.37,2.13,-0.06,0.04,0.03
-0.21,-4.35,2.11,-0.06,0.04,0.03
-0.25,-4.33,2.07,-0.06,0.04,0.03
-0.31,-4.29,2.09,-0.07,0.04,0.04
-0.29,-4.25,2.07,-0.07,0.04,0.04
-0.23,-4.31,2.09,-0.07,0.04,0.04
-0.25,-4.25,2.11,-0.07,0.04,0.05
-0.27,-4.27,2.15,-0.07,0.04,0.05
-0.31,-4.25,2.15,-0.07,0.04,0.06
-0.33,-4.23,2.18,-0.07,0.04,0.06
-0.25,-4.25,2.09,-0.08,0.05,0.07
-0.21,-4.31,2.09,-0.08,0.05,0.07
-0.15,-4.31,2.07,-0.08,0.05,0.08
-0.19,-4.31,2.07,-0.08,0.05,0.08
-0.17,-4.33,1.97,-0.08,0.05,0.09
-0.17,-4.33,2.03,-0.08,0.05,0.09
-0.17,-4.33,2.09,-0.08,0.05,0.09
-0.1,-4.39,2.05,-0.08,0.05,0.1
-0.15,-4.33,2.05,-0.08,0.05,0.1
-0.17,-4.39,2.09,-0.07,0.06,0.1
-0.15,-4.46,2.13,-0.07,0.06,0.11
-0.08,-4.46,2.09,-0.06,0.06,0.11
-0.04,-4.52,2.07,-0.06,0.06,0.11
0.0,-4.46,2.13,-0.05,0.06,0.12
0.0,-4.46,2.13,-0.05,0.07,0.12
0.02,-4.42,2.07,-0.05,0.08,0.12
0.02,-4.41,2.01,-0.05,0.09,0.12
0.0,-4.42,2.03,-0.05,0.1,0.13
0.06,-4.31,1.9,-0.06,0.1,0.13
0.04,-4.37,2.05,-0.06,0.11,0.13
0.02,-4.37,2.05,-0.07,0.11,0.13
0.02,-4.35,2.03,-0.07,0.12,0.13
-0.04,-4.41,2.07,-0.08,0.13,0.13
-0.06,-4.42,2.01,-0.08,0.13,0.14
0.0,-4.42,2.07,-0.08,0.14,0.14
-0.02,-4.46,2.03,-0.08,0.15,0.14
0.0,-4.42,2.07,-0.08,0.17,0.14
0.0,-4.5,2.07,-0.09,0.18,0.14
0.04,-4.56,2.03,-0.09,0.19,0.15
0.17,-4.48,1.99,-0.09,0.22,0.15
-0.1,-4.48,2.09,-0.1,0.24,0.16
-0.02,-4.52,1.99,-0.1,0.24,0.16
0.0,-4.42,1.88,-0.1,0.24,0.17
-0.08,-4.48,1.88,-0.11,0.24,0.17
-0.06,-4.48,1.97,-0.11,0.25,0.18
0.02,-4.62,1.86,-0.11,0.26,0.18
-0.13,-4.6,2.07,-0.12,0.27,0.19
-0.13,-4.67,2.07,-0.11,0.28,0.19
-0.1,-4.73,2.07,-0.11,0.29,0.19
-0.04,-4.65,2.05,-0.11,0.29,0.2
-0.17,-4.62,2.01,-0.11,0.29,0.2
-0.08,-4.54,2.05,-0.11,0.3,0.21
-0.21,-4.54,1.97,-0.12,0.3,0.21
-0.17,-4.44,1.99,-0.12,0.3,0.21
-0.27,-4.42,1.97,-0.13,0.3,0.21
-0.19,-4.46,1.93,-0.13,0.31,0.21
-0.25,-4.5,1.92,-0.13,0.32,0.21
-0.34,-4.44,1.93,-0.13,0.32,0.21
-0.36,-4.48,1.99,-0.13,0.33,0.21
-0.25,-4.46,1.99,-0.12,0.32,0.21
-0.27,-4.42,1.84,-0.11,0.34,0.21
-0.42,-4.41,1.95,-0.1,0.36,0.21
-0.4,-4.39,1.9,-0.1,0.36,0.21
-0.42,-4.39,1.92,-0.1,0.35,0.22
-0.4,-4.39,1.95,-0.11,0.36,0.22
-0.48,-4.31,1.97,-0.12,0.37,0.23
-0.59,-4.35,1.99,-0.13,0.37,0.23
-0.57,-4.44,2.01,-0.14,0.37,0.24
-0.61,-4.42,2.07,-0.14,0.36,0.24
-0.73,-4.5,2.01,-0.14,0.36,0.25
-0.65,-4.41,2.01,-0.13,0.35,0.25
-0.67,-4.48,1.99,-0.14,0.35,0.26
-0.79,-4.69,1.9,-0.14,0.35,0.27
-0.79,-4.69,1.99,-0.15,0.34,0.27
-0.84,-4.77,1.99,-0.15,0.35,0.28
-0.88,-4.79,1.95,-0.16,0.35,0.3
-0.92,-4.87,2.05,-0.17,0.36,0.31
-1.05,-4.64,1.93,-0.17,0.37,0.32
-1.0,-4.5,1.92,-0.16,0.36,0.32
-0.69,-4.42,1.93,-0.15,0.36,0.31
-0.75,-4.41,1.76,-0.14,0.37,0.31
-0.63,-4.29,1.93,-0.13,0.39,0.31
-0.61,-4.12,1.84,-0.14,0.41,0.32
-0.69,-4.27,1.84,-0.15,0.42,0.32
-0.9,-4.23,1.88,-0.17,0.43,0.32
-0.84,-4.37,1.86,-0.2,0.44,0.33
-1.07,-4.44,1.92,-0.23,0.44,0.34
-1.24,-4.44,1.88,-0.24,0.45,0.35
-1.4,-4.5,1.93,-0.25,0.44,0.36
-1.36,-4.62,1.78,-0.26,0.44,0.37
-1.49,-4.67,1.74,-0.26,0.45,0.38
-1.57,-4.67,1.84,-0.26,0.45,0.38
-1.63,-4.64,1.72,-0.26,0.44,0.4
-1.63,-4.5,1.74,-0.28,0.44,0.41
-1.67,-4.54,1.69,-0.3,0.43,0.43
-1.61,-4.6,1.67,-0.34,0.41,0.45
-1.59,-4.62,1.65,-0.37,0.41,0.46
-1.55,-4.71,1.55,-0.39,0.42,0.47
-1.46,-4.65,1.65,-0.4,0.43,0.47
-1.32,-4.69,1.74,-0.4,0.43,0.48
-1.24,-4.67,1.78,-0.39,0.45,0.49
-1.09,-4.58,1.88,-0.36,0.46,0.5
-1.11,-4.48,1.78,-0.33,0.48,0.51
-1.17,-4.48,1.69,-0.32,0.5,0.51
-1.26,-4.44,1.42,-0.31,0.51,0.52
-1.44,-4.56,1.17,-0.32,0.5,0.53
-1.53,-4.65,1.05,-0.31,0.47,0.54
-1.53,-4.77,1.02,-0.3,0.44,0.55
-1.67,-4.81,1.07,-0.26,0.43,0.57
-1.74,-4.73,1.17,-0.23,0.41,0.59
-1.9,-4.71,1.26,-0.2,0.4,0.6
-1.95,-4.6,1.23,-0.2,0.4,0.62
-1.95,-4.58,1.4,-0.2,0.4,0.63
-1.97,-4.46,1.36,-0.22,0.4,0.63
-1.97,-4.54,1.26,-0.22,0.39,0.64
-2.09,-4.46,1.19,-0.23,0.38,0.64
-2.22,-4.46,1.28,-0.22,0.37,0.65
-2.09,-4.44,1.34,-0.21,0.36,0.66
-2.15,-4.41,1.32,-0.19,0.34,0.67
-2.11,-4.29,1.17,-0.17,0.33,0.68
-2.16,-4.33,1.05,-0.15,0.31,0.68
-2.24,-4.14,0.96,-0.13,0.3,0.69
-2.3,-4.1,0.92,-0.12,0.29,0.69
-2.32,-3.98,0.9,-0.12,0.26,0.7
-2.34,-3.95,0.86,-0.12,0.24,0.7
-2.3,-3.98,0.94,-0.13,0.23,0.7
-2.32,-4.12,0.88,-0.13,0.22,0.71
-2.34,-4.12,0.79,-0.14,0.21,0.71
-2.36,-4.14,0.86,-0.14,0.2,0.71
-2.41,-4.18,1.02,-0.14,0.18,0.72
-2.49,-4.12,0.92,-0.13,0.18,0.72
-2.6,-4.06,0.86,-0.12,0.18,0.73
-2.64,-4.06,0.82,-0.13,0.16,0.73
-2.64,-4.04,0.67,-0.14,0.13,0.74
-2.64,-3.96,0.63,-0.14,0.11,0.75
-2.74,-3.98,0.63,-0.14,0.09,0.76
-2.68,-4.0,0.61,-0.14,0.07,0.76
-2.76,-3.96,0.54,-0.14,0.06,0.76
-2.83,-3.83,0.52,-0.14,0.07,0.77
-2.83,-3.81,0.4,-0.14,0.07,0.78
-2.95,-3.72,0.33,-0.13,0.06,0.79
-2.89,-3.73,0.23,-0.13,0.07,0.79
-2.89,-3.62,0.1,-0.13,0.08,0.79
-2.93,-3.64,-0.06,-0.14,0.09,0.8
-2.99,-3.56,-0.04,-0.16,0.11,0.81
-2.95,-3.54,-0.15,-0.17,0.11,0.81
-2.97,-3.47,-0.1,-0.18,0.11,0.8
-2.85,-3.45,0.06,-0.2,0.1,0.8
-2.91,-3.41,0.19,-0.22,0.1,0.8
-3.08,-3.41,0.02,-0.22,0.11,0.8
-3.12,-3.37,-0.1,-0.22,0.13,0.8
-3.22,-3.35,-0.19,-0.22,0.14,0.81
-3.2,-3.24,-0.31,-0.22,0.14,0.81
-3.06,-3.31,-0.29,-0.22,0.14,0.82
-3.08,-3.26,-0.34,-0.23,0.13,0.82
-3.08,-3.45,-0.19,-0.25,0.12,0.81
-3.22,-3.43,-0.19,-0.26,0.12,0.81
-3.29,-3.37,-0.02,-0.27,0.11,0.8
-3.45,-3.37,0.0,-0.28,0.1,0.79
-3.49,-3.26,0.0,-0.28,0.1,0.79
-3.62,-3.33,0.13,-0.28,0.08,0.79
-3.56,-3.26,0.19,-0.27,0.06,0.79
-3.58,-3.33,0.08,-0.27,0.06,0.79
-3.7,-3.26,0.15,-0.26,0.04,0.79
-3.72,-3.22,0.17,-0.24,0.03,0.8
-3.7,-3.31,0.17,-0.24,0.0,0.8
-3.68,-3.26,0.23,-0.23,-0.02,0.8
-3.64,-3.22,0.04,-0.22,-0.04,0.8
-3.68,-3.06,-0.04,-0.22,-0.07,0.81
-3.7,-3.06,-0.1,-0.21,-0.09,0.82
-3.62,-3.01,-0.15,-0.21,-0.1,0.83
-3.66,-3.05,0.06,-0.21,-0.11,0.83
-3.62,-2.95,0.11,-0.21,-0.1,0.84
-3.52,-2.91,0.1,-0.2,-0.09,0.84
-3.39,-2.89,0.0,-0.2,-0.08,0.84
-3.37,-2.85,0.1,-0.21,-0.06,0.84
-3.43,-2.78,0.08,-0.22,-0.05,0.84
-3.51,-2.68,0.29,-0.23,-0.03,0.83
-3.47,-2.66,0.34,-0.25,-0.03,0.83
-3.51,-2.68,0.34,-0.27,-0.01,0.83
-3.54,-2.7,0.33,-0.3,0.0,0.82
-3.58,-2.62,0.34,-0.31,0.02,0.82
-3.77,-2.7,0.29,-0.32,0.03,0.82
-3.85,-2.64,0.19,-0.3,0.03,0.82
-3.95,-2.57,0.17,-0.28,0.04,0.83
-4.06,-2.43,0.15,-0.27,0.04,0.83
-4.21,-2.3,0.13,-0.27,0.04,0.84
-4.14,-2.32,0.21,-0.27,0.04,0.85
-4.14,-2.32,0.21,-0.27,0.05,0.86
-4.0,-2.34,0.21,-0.27,0.05,0.87
-3.96,-2.3,0.21,-0.28,0.05,0.88
-3.83,-2.3,0.11,-0.27,0.06,0.88
-3.89,-2.3,0.19,-0.27,0.07,0.89
-3.83,-2.34,0.13,-0.26,0.08,0.9
-3.91,-2.22,0.15,-0.25,0.09,0.91
-3.93,-2.07,0.17,-0.23,0.11,0.93
-3.85,-1.92,0.17,-0.22,0.12,0.94
-3.91,-1.74,0.15,-0.22,0.14,0.96
-4.25,-1.61,0.44,-0.22,0.16,0.97
-4.81,-1.42,0.71,-0.21,0.16,0.99
-4.94,-1.28,0.63,-0.19,0.15,1.02
-4.88,-1.26,0.59,-0.18,0.14,1.03
-4.83,-1.13,0.25,-0.17,0.13,1.05
-4.9,-1.11,-0.34,-0.14,0.12,1.08
-5.0,-0.77,-0.96,-0.09,0.11,1.11
-5.34,-0.04,-0.96,-0.04,0.1,1.13
-5.75,0.77,-0.88,-0.04,0.09,1.13
-5.73,1.3,-0.17,-0.11,0.1,1.09
-6.01,0.96,0.27,-0.23,0.15,1.02
-6.38,0.63,0.61,-0.35,0.19,0.92
-6.82,-0.25,0.27,-0.4,0.18,0.82
-7.49,-1.07,0.19,-0.36,0.09,0.74
-8.27,-1.34,-0.34,-0.25,-0.01,0.64
-9.02,-1.44,-0.92,-0.09,-0.08,0.56
-9.17,-1.03,-1.34,0.08,-0.13,0.48
-9.16,-0.1,-1.23,0.21,-0.21,0.41
-8.66,1.07,-0.88,0.27,-0.3,0.35
-7.7,2.49,-0.44,0.27,-0.36,0.3
-6.74,3.29,-0.56,0.2,-0.38,0.25
-5.73,3.91,-0.13,0.1,-0.32,0.18
-5.44,4.0,-0.17,-0.02,-0.22,0.12
-5.09,4.02,-0.04,-0.13,-0.12,0.09
-4.81,3.98,-0.38,-0.23,-0.07,0.06
-4.46,3.16,-0.23,-0.32,-0.08,0.04
-4.02,2.72,-0.5,-0.38,-0.12,0.05
-3.96,2.18,-0.54,-0.43,-0.14,0.05
-3.98,1.42,-0.27,-0.47,-0.15,0.06
-4.16,0.8,0.27,-0.47,-0.16,0.09
-4.06,0.52,0.75,-0.43,-0.18,0.11
-4.19,0.19,1.34,-0.39,-0.2,0.12
-4.1,0.38,1.55,-0.35,-0.22,0.12
-4.21,0.61,1.55,-0.32,-0.23,0.11
-4.25,0.65,1.19,-0.3,-0.25,0.11
-4.14,0.94,0.94,-0.27,-0.27,0.1
-4.48,0.56,0.96,-0.24,-0.29,0.08
-3.96,0.75,0.5,-0.22,-0.32,0.06
-4.08,0.84,0.88,-0.2,-0.32,0.04
-4.27,0.96,1.15,-0.2,-0.3,0.02
-4.37,0.79,1.0,-0.19,-0.28,-0.0
-4.35,0.48,1.07,-0.19,-0.27,-0.02
-4.19,0.44,0.77,-0.19,-0.26,-0.04
-4.14,0.13,0.94,-0.2,-0.26,-0.06
-4.58,0.02,0.86,-0.21,-0.26,-0.08
-4.42,-0.48,0.71,-0.2,-0.26,-0.09
-4.41,-0.48,1.32,-0.18,-0.26,-0.09
-4.37,-0.61,1.3,-0.16,-0.26,-0.09
-4.39,-0.63,1.44,-0.13,-0.25,-0.09
-4.44,-0.54,1.47,-0.11,-0.23,-0.09
-4.62,-0.54,1.26,-0.1,-0.2,-0.1
-4.77,-0.29,1.15,-0.09,-0.17,-0.1
-5.23,-0.29,0.96,-0.09,-0.16,-0.09
-5.23,-0.31,0.54,-0.08,-0.16,-0.09
-5.17,-0.33,0.21,-0.08,-0.16,-0.08
-5.55,-0.36,0.5,-0.07,-0.16,-0.07
-5.4,-0.48,0.48,-0.06,-0.15,-0.06
-5.55,-0.75,0.54,-0.06,-0.14,-0.06
-5.92,-0.27,0.44,-0.04,-0.14,-0.05
-5.84,-0.8,0.86,-0.01,-0.13,-0.05
-6.11,-1.09,0.96,0.02,-0.12,-0.05
-6.17,-1.19,0.96,0.04,-0.12,-0.05
-6.05,-1.53,0.96,0.07,-0.11,-0.05
-5.86,-1.59,0.9,0.09,-0.1,-0.06
-5.54,-1.65,0.71,0.12,-0.09,-0.06
-5.23,-1.47,0.73,0.14,-0.07,-0.06
-4.87,-1.72,0.57,0.17,-0.04,-0.07
-4.62,-1.44,0.69,0.19,-0.01,-0.09
-4.18,-1.42,0.71,0.19,0.03,-0.1
-3.81,-1.38,0.73,0.18,0.07,-0.12
-3.56,-1.47,0.75,0.14,0.11,-0.14
-3.68,-1.65,0.9,0.1,0.15,-0.15
-3.68,-1.46,1.28,0.06,0.19,-0.14
-3.77,-1.57,1.0,0.02,0.22,-0.13
-3.95,-1.69,1.0,0.0,0.23,-0.12
-3.96,-1.53,1.02,-0.01,0.23,-0.11
-4.14,-1.69,1.23,-0.03,0.23,-0.1
-4.27,-1.51,0.86,-0.04,0.22,-0.09
-4.27,-1.44,0.86,-0.06,0.21,-0.08
-4.33,-1.49,0.92,-0.08,0.2,-0.08
-4.37,-1.46,1.0,-0.09,0.2,-0.08
-4.58,-1.59,0.9,-0.08,0.19,-0.07
-4.46,-1.7,0.8,-0.07,0.18,-0.07
-4.44,-1.8,0.79,-0.06,0.17,-0.06
-4.42,-1.84,0.75,-0.04,0.16,-0.05
-4.44,-1.8,0.59,-0.02,0.15,-0.05
-4.33,-1.76,0.77,-0.01,0.16,-0.04
-4.39,-1.7,0.86,0.02,0.16,-0.03
-4.52,-1.57,0.84,0.05,0.17,-0.03
-4.48,-1.57,0.88,0.08,0.17,-0.02
-4.44,-1.42,0.75,0.1,0.18,-0.03
-4.52,-1.09,0.69,0.1,0.18,-0.03
-4.42,-1.07,0.67,0.09,0.19,-0.03
-4.44,-1.07,0.71,0.08,0.19,-0.04
-4.39,-1.13,0.63,0.06,0.2,-0.03
-4.33,-1.24,0.65,0.04,0.21,-0.03
-4.39,-1.28,0.65,0.03,0.21,-0.02
-4.48,-1.44,1.24,0.02,0.2,-0.01
-4.62,-1.3,0.69,0.02,0.2,0.0
-4.73,-1.49,0.86,0.02,0.19,0.02
-4.81,-1.42,0.84,0.02,0.19,0.03
-4.88,-1.38,0.77,0.02,0.18,0.04
-4.87,-1.28,0.69,0.02,0.17,0.05
-4.81,-1.36,0.57,0.03,0.17,0.05
-4.79,-1.3,0.44,0.03,0.16,0.05
-4.64,-1.05,0.27,0.04,0.16,0.05
-4.77,-1.26,0.34,0.05,0.16,0.04
-4.75,-1.21,0.23,0.05,0.16,0.03
-4.81,-1.13,0.25,0.06,0.16,0.03
-4.85,-1.15,0.21,0.06,0.16,0.02
-5.04,-1.02,0.54,0.05,0.16,0.02
-4.9,-1.13,0.29,0.05,0.16,0.02
-4.94,-1.26,0.29,0.05,0.16,0.01
-4.87,-1.24,0.25,0.04,0.15,0.01
-4.85,-1.02,0.29,0.04,0.16,0.01
-4.87,-1.07,0.21,0.04,0.17,0.0
-4.96,-0.98,0.13,0.04,0.18,-0.0
-5.02,-0.9,0.08,0.04,0.18,-0.01
-5.02,-0.79,0.06,0.04,0.19,-0.01
-4.96,-0.65,0.0,0.05,0.19,-0.02
-4.98,-0.63,-0.02,0.05,0.18,-0.02
-5.02,-0.52,-0.06,0.05,0.18,-0.02
-4.98,-0.48,0.0,0.05,0.17,-0.01
-5.04,-0.54,-0.08,0.04,0.17,-0.01
-5.17,-0.46,-0.04,0.05,0.16,-0.0
-4.96,-0.54,0.08,0.04,0.15,0.0
-4.98,-0.59,0.13,0.04,0.15,0.01
-4.96,-0.52,0.23,0.04,0.14,0.01
-5.0,-0.56,0.17,0.05,0.14,0.02
-4.94,-0.52,0.27,0.05,0.15,0.02
-4.94,-0.56,0.25,0.06,0.15,0.03
-4.92,-0.54,0.13,0.06,0.15,0.03
-5.0,-0.54,0.13,0.06,0.15,0.03
-5.04,-0.59,0.11,0.07,0.15,0.03
-5.19,-0.5,0.15,0.07,0.14,0.03
-5.11,-0.5,0.04,0.07,0.13,0.03
-5.13,-0.54,0.11,0.08,0.12,0.02
-5.15,-0.48,0.06,0.08,0.12,0.02
-5.19,-0.5,0.06,0.09,0.11,0.01
-5.09,-0.48,0.04,0.1,0.11,0.01
-5.09,-0.5,0.0,0.1,0.1,0.01
-5.15,-0.56,-0.02,0.1,0.1,0.01
-5.11,-0.56,0.06,0.1,0.09,0.02
-5.06,-0.63,0.0,0.1,0.08,0.02
-5.06,-0.69,0.06,0.1,0.08,0.01
-5.02,-0.69,0.06,0.1,0.08,0.01
-4.92,-0.71,0.02,0.1,0.08,0.01
-4.92,-0.69,0.06,0.1,0.08,0.01
-4.94,-0.65,0.02,0.1,0.08,0.0
-4.94,-0.59,0.02,0.1,0.08,0.0
-5.0,-0.61,-0.02,0.09,0.07,-0.01
-4.98,-0.56,-0.08,0.09,0.07,-0.01
-5.06,-0.57,0.04,0.08,0.07,-0.01
-5.11,-0.63,-0.04,0.08,0.06,-0.01
-5.09,-0.63,0.0,0.07,0.05,-0.02
-5.13,-0.71,-0.02,0.06,0.04,-0.02
-5.09,-0.59,0.06,0.06,0.03,-0.02
-5.04,-0.71,0.21,0.06,0.02,-0.02
-4.98,-0.75,0.11,0.06,0.02,-0.02
-4.92,-0.75,0.08,0.06,0.02,-0.02
-4.92,-0.77,0.11,0.06,0.02,-0.02
-4.94,-0.82,0.13,0.05,0.02,-0.02
-4.88,-0.86,0.13,0.05,0.02,-0.02
-4.9,-0.82,0.19,0.05,0.02,-0.01
-4.88,-0.92,0.25,0.04,0.02,-0.01
-4.88,-0.92,0.19,0.04,0.02,-0.01
-4.88,-0.94,0.17,0.04,0.01,-0.01
-4.9,-0.88,0.19,0.03,0.01,-0.02
-4.87,-0.86,0.19,0.03,0.01,-0.02
-4.88,-0.86,0.19,0.03,0.01,-0.02
-4.83,-0.94,0.13,0.02,0.01,-0.02
-4.87,-0.96,0.25,0.02,0.01,-0.02
-4.88,-0.9,0.29,0.03,0.01,-0.02
-4.88,-0.9,0.29,0.03,0.01,-0.02
-4.87,-0.96,0.33,0.03,0.0,-0.02
-4.87,-0.9,0.25,0.03,-0.0,-0.02
-4.9,-0.9,0.31,0.02,-0.0,-0.01
-4.83,-0.96,0.4,0.02,0.0,-0.01
-4.85,-0.96,0.33,0.02,0.0,-0.01
-4.83,-0.94,0.34,0.01,0.0,-0.01
-4.85,-0.92,0.34,0.01,0.0,-0.01
-4.88,-0.94,0.25,0.01,0.0,-0.01
-4.81,-1.0,0.42,0.01,0.0,-0.01
-4.85,-0.98,0.38,0.01,-0.0,-0.01
-4.81,-1.03,0.31,0.01,-0.01,-0.0
-4.81,-1.0,0.38,0.01,-0.01,-0.0
-4.81,-1.02,0.33,0.01,-0.01,0.0
-4.85,-1.03,0.33,0.01,-0.01,0.0
-4.87,-1.03,0.44,0.01,-0.01,0.0
-4.87,-0.98,0.38,0.01,-0.01,0.0
-4.81,-0.96,0.33,0.01,-0.01,0.01
-4.87,-0.94,0.33,0.01,-0.0,0.01
-4.88,-0.92,0.27,0.01,-0.0,0.01
-4.83,-0.96,0.36,0.0,0.0,0.01
-4.85,-0.96,0.33,0.0,0.0,0.01
-4.85,-0.88,0.36,0.0,0.01,0.01
-4.81,-0.94,0.38,0.0,0.01,0.01
-4.85,-0.88,0.33,-0.0,0.01,0.01
-4.77,-0.98,0.4,-0.0,0.01,0.01
-4.81,-1.0,0.31,-0.0,0.01,0.01
-4.81,-0.92,0.36,-0.0,0.01,0.01
-4.85,-0.88,0.42,-0.0,0.01,0.01
-4.79,-0.9,0.34,-0.0,0.01,0.01
-4.83,-0.86,0.34,-0.0,0.01,0.01
-4.81,-0.94,0.33,-0.0,0.01,0.01
-4.87,-0.82,0.34,-0.0,0.01,0.01
-4.83,-0.88,0.34,-0.0,0.01,0.01
-4.87,-0.84,0.36,-0.0,0.02,0.01
-4.77,-0.84,0.31,-0.0,0.02,0.01
-4.77,-0.77,0.33,0.0,0.02,0.01
-4.81,-0.82,0.34,0.0,0.02,0.01
-4.85,-0.86,0.25,0.0,0.02,0.0
-4.87,-0.75,0.38,0.0,0.03,0.0
-4.85,-0.77,0.34,-0.0,0.03,0.0
-4.88,-0.75,0.33,-0.0,0.03,0.0
-4.88,-0.71,0.38,-0.01,0.03,-0.0
-4.85,-0.8,0.38,-0.01,0.03,-0.0
-4.88,-0.73,0.46,-0.01,0.04,-0.0
-4.87,-0.73,0.4,-0.01,0.04,-0.0
-4.88,-0.75,0.4,-0.01,0.04,-0.0
-4.87,-0.71,0.38,-0.01,0.05,-0.0
-4.87,-0.77,0.4,-0.01,0.05,-0.01
-4.9,-0.8,0.38,-0.02,0.05,-0.01
-4.94,-0.73,0.36,-0.02,0.05,-0.01
-4.83,-0.84,0.36,-0.02,0.05,-0.01
-4.79,-0.8,0.38,-0.02,0.05,-0.01
-4.85,-0.75,0.38,-0.02,0.06,-0.01
-4.87,-0.77,0.46,-0.02,0.06,-0.01
-4.79,-0.84,0.4,-0.02,0.06,-0.01
-4.87,-0.86,0.5,-0.02,0.06,-0.01
-4.85,-0.9,0.46,-0.01,0.07,-0.01
-4.87,-0.82,0.34,-0.01,0.07,-0.01
-4.85,-0.82,0.33,-0.01,0.07,-0.01
-4.9,-0.82,0.4,-0.01,0.07,-0.01
-4.92,-0.75,0.33,-0.01,0.08,-0.01
-4.9,-0.79,0.27,-0.01,0.07,-0.01
-4.92,-0.86,0.29,-0.01,0.08,-0.01
-4.92,-0.8,0.31,-0.02,0.08,-0.01
-4.88,-0.86,0.27,-0.02,0.08,-0.01
-4.88,-0.84,0.31,-0.01,0.08,-0.01
-4.88,-0.9,0.29,-0.01,0.08,-0.01
-4.88,-0.88,0.29,-0.01,0.07,-0.01
-4.88,-0.9,0.23,-0.01,0.07,-0.01
-4.81,-0.98,0.44,-0.01,0.07,-0.01
-4.83,-0.88,0.13,-0.0,0.07,-0.0
-4.9,-0.82,0.21,-0.0,0.07,-0.0
-4.9,-0.8,0.21,-0.0,0.07,-0.0
-4.96,-0.84,0.19,-0.01,0.06,-0.0
-4.9,-0.9,0.25,-0.01,0.06,-0.0
-4.88,-0.92,0.33,-0.01,0.06,0.0
-4.85,-1.0,0.21,-0.01,0.06,0.0
-4.9,-0.92,0.27,-0.01,0.05,0.0
-4.92,-0.88,0.29,-0.01,0.05,0.0
-4.88,-1.03,0.27,-0.01,0.05,0.0
-4.87,-0.94,0.15,-0.01,0.05,0.0
-4.87,-0.96,0.19,-0.01,0.05,0.0
-4.88,-0.94,0.21,-0.01,0.05,0.0
-4.9,-0.96,0.23,-0.01,0.05,0.0
-4.92,-0.96,0.17,-0.01,0.04,0.0
-4.9,-0.96,0.17,-0.01,0.04,-0.0
-4.88,-0.96,0.17,-0.01,0.04,-0.0
-4.87,-0.94,0.23,-0.01,0.04,-0.0
-4.9,-0.92,0.17,-0.0,0.04,0.0
-4.87,-0.86,0.1,-0.0,0.04,0.0
-4.85,-0.86,0.25,0.0,0.03,0.0
-4.9,-0.8,0.15,0.0,0.03,0.0
-4.88,-0.86,0.25,-0.0,0.03,0.0
-4.88,-0.86,0.25,-0.01,0.03,0.0
-4.87,-0.79,0.21,-0.01,0.03,0.01
-4.87,-0.86,0.25,-0.01,0.02,0.01
-4.88,-0.96,0.27,-0.02,0.02,0.01
-4.87,-0.88,0.25,-0.02,0.02,0.01
-4.88,-0.84,0.29,-0.02,0.02,0.01
-4.9,-0.82,0.29,-0.02,0.02,0.01
-4.88,-0.86,0.21,-0.02,0.02,0.01
-4.92,-0.82,0.27,-0.02,0.02,0.01
-4.88,-0.82,0.23,-0.02,0.02,0.01
-4.87,-0.82,0.27,-0.02,0.02,0.01
-4.88,-0.86,0.33,-0.02,0.02,0.01
-4.87,-0.86,0.31,-0.02,0.02,0.01
-4.87,-1.0,0.34,-0.02,0.02,0.01
-4.9,-0.92,0.29,-0.02,0.02,0.01
-4.88,-0.88,0.31,-0.02,0.02,0.01
-4.88,-0.9,0.31,-0.02,0.02,0.01
-4.87,-0.86,0.27,-0.02,0.02,0.01
-4.83,-0.88,0.27,-0.01,0.02,0.01
-4.9,-0.79,0.06,-0.01,0.02,0.01
-4.88,-0.82,0.31,-0.01,0.02,0.01
-4.87,-0.75,0.27,-0.01,0.02,0.01
-4.87,-0.82,0.29,-0.01,0.02,0.01
-4.88,-0.8,0.31,-0.01,0.02,0.01
-4.85,-0.8,0.27,-0.01,0.02,0.01
-4.87,-0.77,0.4,-0.01,0.02,0.01
-4.9,-0.77,0.31,-0.01,0.02,0.01
-4.9,-0.77,0.34,-0.02,0.02,0.01
-4.87,-0.79,0.23,-0.02,0.02,0.01
-4.83,-0.75,0.25,-0.02,0.02,0.01
-4.9,-0.8,0.27,-0.02,0.02,0.0
-4.9,-0.79,0.29,-0.02,0.02,0.0
-4.9,-0.82,0.31,-0.02,0.02,0.0
-4.88,-0.8,0.29,-0.02,0.02,0.0
-4.87,-0.82,0.31,-0.02,0.02,0.0
-4.87,-0.8,0.31,-0.02,0.02,0.0
-4.88,-0.8,0.33,-0.02,0.03,0.0
-4.9,-0.8,0.34,-0.02,0.03,0.0
-4.9,-0.82,0.29,-0.01,0.03,0.0
-4.9,-0.8,0.33,-0.01,0.03,0.0
-4.88,-0.9,0.34,-0.01,0.03,-0.0
-4.85,-0.84,0.38,-0.01,0.03,-0.0
-4.88,-0.8,0.31,-0.02,0.03,-0.0
-4.88,-0.88,0.34,-0.02,0.03,-0.0
-4.87,-0.84,0.34,-0.02,0.03,0.0
-4.83,-0.84,0.29,-0.02,0.03,0.0
-4.87,-0.8,0.34,-0.02,0.03,0.0
-4.88,-0.86,0.33,-0.02,0.04,0.0
-4.87,-0.86,0.27,-0.02,0.04,0.0
-4.9,-0.84,0.36,-0.02,0.04,-0.0
-4.85,-0.88,0.31,-0.02,0.04,-0.0
-4.88,-0.86,0.31,-0.02,0.04,-0.0
-4.85,-0.86,0.31,-0.02,0.04,-0.0
-4.88,-0.88,0.33,-0.02,0.04,-0.0
-4.9,-0.86,0.33,-0.02,0.04,-0.0
-4.87,-0.84,0.33,-0.01,0.04,-0.0
-4.88,-0.9,0.23,-0.01,0.04,-0.0
-4.88,-0.86,0.36,-0.01,0.04,-0.0
-4.88,-0.79,0.27,-0.01,0.04,-0.0
-4.88,-0.82,0.36,-0.02,0.04,-0.0
-4.9,-0.82,0.27,-0.02,0.04,0.0
-4.83,-0.84,0.23,-0.02,0.04,0.0
-4.87,-0.9,0.31,-0.02,0.04,0.0
-4.73,-0.84,0.42,-0.02,0.04,0.0
-4.81,-0.86,0.38,-0.02,0.04,0.0
-4.85,-0.86,0.25,-0.02,0.04,0.0
-4.83,-0.82,0.27,-0.02,0.04,0.0
-4.85,-0.86,0.27,-0.02,0.04,0.0
-4.87,-0.86,0.33,-0.02,0.04,0.0
-4.87,-0.92,0.21,-0.02,0.04,0.0
-4.87,-0.86,0.27,-0.02,0.04,0.0
-4.87,-0.84,0.33,-0.02,0.04,0.0
-4.9,-0.86,0.29,-0.02,0.04,0.0
-4.9,-0.79,0.31,-0.02,0.04,0.0
-4.92,-0.9,0.25,-0.01,0.04,0.0
-4.87,-0.8,0.33,-0.01,0.04,0.0
-4.87,-0.86,0.42,-0.01,0.04,0.0
-4.83,-0.86,0.31,-0.01,0.04,0.0
-4.88,-0.86,0.27,-0.01,0.04,0.0
-4.85,-0.84,0.31,-0.01,0.04,0.0
-4.88,-0.84,0.34,-0.01,0.04,0.0
-4.88,-0.86,0.34,-0.02,0.04,0.0
-4.87,-0.82,0.33,-0.02,0.04,0.0
-4.9,-0.82,0.31,-0.02,0.04,0.0
-4.83,-0.84,0.23,-0.02,0.04,0.01
-4.88,-0.9,0.25,-0.02,0.04,0.01
-4.88,-0.8,0.27,-0.02,0.04,0.01
-4.87,-0.86,0.31,-0.02,0.04,0.01
-4.88,-0.8,0.25,-0.01,0.04,0.0
-4.87,-0.8,0.21,-0.01,0.04,0.0
-4.85,-0.82,0.23,-0.02,0.04,0.0
-4.9,-0.84,0.27,-0.02,0.04,0.0
-4.83,-0.82,0.25,-0.02,0.04,0.0
-4.88,-0.82,0.25,-0.02,0.04,0.0
-4.88,-0.82,0.25,-0.02,0.04,0.0
-4.98,-0.88,0.13,-0.02,0.04,0.0
-4.88,-0.77,0.31,-0.02,0.04,-0.0
-4.88,-0.84,0.31,-0.02,0.04,0.0
-4.87,-0.9,0.27,-0.02,0.04,-0.0
-4.88,-0.88,0.31,-0.02,0.04,-0.0
-4.87,-0.9,0.29,-0.02,0.04,-0.0
-4.88,-0.86,0.27,-0.01,0.04,-0.0
-4.88,-0.82,0.25,-0.01,0.04,0.0
-4.88,-0.8,0.27,-0.01,0.04,0.0
-4.87,-0.82,0.34,-0.01,0.04,0.0
-4.9,-0.75,0.33,-0.01,0.04,0.0
-4.77,-0.8,0.17,-0.01,0.04,0.0
-4.85,-0.84,0.29,-0.01,0.04,0.0
-4.88,-0.84,0.31,-0.01,0.04,0.0
-4.88,-0.86,0.23,-0.01,0.04,-0.0
-4.88,-0.86,0.29,-0.01,0.05,-0.0
-4.87,-0.86,0.29,-0.01,0.04,-0.0
-4.87,-0.84,0.21,-0.01,0.04,-0.0
-4.85,-0.8,0.23,-0.01,0.04,0.0
-4.88,-0.86,0.29,-0.01,0.04,-0.0
-4.88,-0.88,0.21,-0.01,0.04,-0.0
-4.88,-0.8,0.13,-0.01,0.04,-0.0
-4.92,-0.82,0.23,-0.01,0.04,-0.0
-4.9,-0.86,0.33,-0.01,0.04,-0.0
-4.88,-0.8,0.25,-0.01,0.04,-0.0
-4.92,-0.82,0.27,-0.01,0.04,0.0
-4.87,-0.82,0.31,-0.01,0.03,0.0
-4.9,-0.79,0.29,-0.01,0.03,0.0
-4.88,-0.84,0.25,-0.01,0.03,0.0
-4.88,-0.84,0.29,-0.01,0.04,0.0
-4.85,-0.8,0.29,-0.01,0.04,-0.0
-4.85,-0.77,0.23,-0.0,0.04,-0.0
-4.85,-0.82,0.33,-0.0,0.04,-0.0
-4.9,-0.8,0.27,-0.0,0.04,-0.0
-4.88,-0.8,0.29,-0.01,0.04,-0.0
-4.9,-0.82,0.15,-0.01,0.04,-0.0
-4.9,-0.84,0.21,-0.0,0.04,-0.0
-4.88,-0.84,0.17,-0.0,0.04,-0.0
-4.88,-0.84,0.21,-0.0,0.03,-0.0
-4.88,-0.79,0.31,0.0,0.03,-0.01
-4.85,-0.9,0.25,0.0,0.03,-0.01
-4.9,-0.84,0.29,0.0,0.03,-0.01
-4.9,-0.82,0.29,0.0,0.03,-0.01
-4.87,-0.88,0.33,0.0,0.03,-0.01
-4.88,-0.88,0.29,0.01,0.03,-0.01
-4.87,-0.84,0.27,0.01,0.03,-0.01
-4.88,-0.86,0.19,0.01,0.03,-0.01
-4.88,-0.8,0.21,0.01,0.03,-0.01
-4.85,-0.8,0.19,0.01,0.03,-0.01
-4.87,-0.73,0.25,0.01,0.03,-0.01
-4.87,-0.8,0.21,0.01,0.03,-0.0
-4.88,-0.8,0.21,0.01,0.02,-0.0
-4.88,-0.82,0.31,0.01,0.02,-0.0
-4.87,-0.86,0.25,0.01,0.02,-0.0
-4.9,-0.9,0.31,0.0,0.02,-0.0
-4.94,-0.79,0.19,0.0,0.02,-0.0
-4.88,-0.82,0.33,0.01,0.02,-0.0
-4.88,-0.84,0.29,0.01,0.02,-0.0
-4.87,-0.84,0.31,0.01,0.02,-0.0
-4.85,-0.86,0.27,0.01,0.02,-0.0
-4.88,-0.82,0.38,0.01,0.02,-0.0
-4.88,-0.8,0.33,0.01,0.03,-0.0
-4.85,-0.86,0.33,0.01,0.03,-0.0
-4.85,-0.88,0.34,0.0,0.03,-0.0
-4.81,-0.88,0.31,0.0,0.03,-0.0
-4.88,-0.82,0.33,0.0,0.03,-0.0
-4.87,-0.84,0.29,0.0,0.03,-0.0
-4.85,-0.9,0.34,0.01,0.02,-0.0
-4.85,-0.88,0.31,0.01,0.02,-0.0
-4.85,-0.88,0.29,0.01,0.02,-0.0
-4.87,-0.84,0.29,0.01,0.02,-0.0
-4.88,-0.82,0.25,0.01,0.02,-0.0
-4.9,-0.92,0.34,0.01,0.02,-0.0
-4.87,-0.86,0.31,0.01,0.02,-0.01
-4.9,-0.84,0.33,0.02,0.02,-0.01
-4.9,-0.86,0.31,0.02,0.02,-0.01
-4.87,-0.86,0.36,0.02,0.02,-0.01
-4.9,-0.86,0.31,0.02,0.02,-0.0
-4.83,-0.84,0.38,0.03,0.02,-0.0
-4.9,-0.71,0.34,0.03,0.02,-0.0
-4.88,-0.77,0.34,0.03,0.02,-0.0
-4.87,-0.82,0.31,0.02,0.02,-0.0
-4.87,-0.77,0.27,0.02,0.02,-0.0
-4.88,-0.8,0.23,0.02,0.02,-0.0
-4.88,-0.8,0.31,0.02,0.03,-0.0
-4.88,-0.77,0.33,0.01,0.03,-0.0
-4.88,-0.82,0.29,0.01,0.03,-0.0
-4.9,-0.75,0.34,0.01,0.03,-0.0
-4.88,-0.8,0.31,0.01,0.03,-0.0
-4.87,-0.79,0.36,0.0,0.03,-0.0
-4.88,-0.82,0.31,0.0,0.03,-0.0
-4.85,-0.86,0.29,0.0,0.03,-0.0
-4.87,-0.9,0.34,0.0,0.03,-0.0
-4.9,-0.84,0.33,0.0,0.03,-0.0
-4.85,-0.9,0.27,0.01,0.03,-0.0
-4.87,-0.86,0.33,0.01,0.03,-0.0
-4.88,-0.8,0.36,0.01,0.03,-0.0
-4.92,-0.82,0.36,0.01,0.03,-0.0
-4.9,-0.86,0.23,0.01,0.03,-0.01
-4.88,-0.84,0.38,0.01,0.03,-0.01
-4.87,-0.86,0.31,0.01,0.03,-0.01
-4.9,-0.82,0.34,0.01,0.03,-0.01
-4.9,-0.77,0.33,0.01,0.03,-0.01
-4.88,-0.8,0.36,0.01,0.03,-0.01
-4.88,-0.84,0.38,0.01,0.03,-0.01
-4.88,-0.82,0.34,0.01,0.03,-0.01
-4.88,-0.82,0.36,0.01,0.03,-0.01
-4.83,-0.84,0.36,0.01,0.03,-0.0
-4.88,-0.84,0.25,0.02,0.03,-0.0
-4.9,-0.82,0.27,0.02,0.03,-0.0
-4.88,-0.77,0.33,0.01,0.03,-0.0
-4.85,-0.8,0.33,0.01,0.03,-0.0
-4.94,-0.8,0.31,0.01,0.03,-0.0
-4.87,-0.86,0.23,0.01,0.03,-0.0
-4.87,-0.86,0.38,0.01,0.03,-0.01
-4.87,-0.88,0.38,0.01,0.03,-0.0
-4.83,-0.84,0.36,0.01,0.03,-0.0
-4.85,-0.88,0.33,0.01,0.03,-0.0
-4.85,-0.88,0.29,0.01,0.03,-0.0
-4.85,-0.9,0.34,0.01,0.03,-0.0
-4.88,-0.88,0.46,0.01,0.03,-0.0
-4.92,-0.82,0.29,0.01,0.03,-0.0
-4.85,-0.84,0.36,0.01,0.03,-0.0
-4.87,-0.79,0.33,0.01,0.03,-0.0
-4.83,-0.84,0.38,0.01,0.03,-0.0
-4.88,-0.8,0.31,0.01,0.03,-0.0
-4.85,-0.86,0.36,0.01,0.03,-0.0
-4.88,-0.86,0.36,0.01,0.03,-0.0
-4.87,-0.79,0.33,0.01,0.03,-0.0
-4.9,-0.79,0.34,0.01,0.04,-0.0
-4.87,-0.82,0.34,0.0,0.04,-0.0
-4.9,-0.77,0.33,0.0,0.04,-0.0
-4.9,-0.82,0.42,0.0,0.04,-0.0
-4.87,-0.82,0.44,0.0,0.03,-0.0
-4.88,-0.88,0.36,0.0,0.04,0.0
-4.88,-0.88,0.4,-0.0,0.04,0.0
-4.88,-0.84,0.33,-0.0,0.04,0.0
-4.88,-0.88,0.34,-0.0,0.04,0.0
-4.9,-0.88,0.36,0.0,0.04,-0.0
-4.87,-0.8,0.31,0.01,0.04,-0.0
-4.87,-0.82,0.29,0.01,0.04,-0.0
-4.81,-0.8,0.38,0.01,0.03,0.0
-4.85,-0.84,0.33,0.01,0.03,-0.0
-4.87,-0.8,0.29,0.0,0.03,-0.0
-4.9,-0.86,0.34,0.0,0.03,-0.0
-4.88,-0.84,0.27,0.0,0.03,-0.0
-4.87,-0.82,0.38,0.0,0.03,-0.0
-4.87,-0.84,0.38,0.0,0.03,-0.0
-4.85,-0.86,0.33,0.0,0.03,-0.01
-4.9,-0.8,0.33,0.0,0.03,-0.01
-4.85,-0.82,0.34,0.0,0.03,-0.01
-4.87,-0.84,0.38,0.0,0.03,-0.01
-4.92,-0.79,0.36,0.0,0.03,-0.01
-4.85,-0.8,0.4,-0.0,0.03,-0.01
-4.88,-0.84,0.29,-0.0,0.03,-0.01
-4.88,-0.9,0.33,-0.0,0.03,-0.0
-4.88,-0.88,0.4,-0.0,0.03,-0.0
-4.9,-0.88,0.4,-0.01,0.04,-0.0
-4.87,-0.8,0.25,-0.01,0.04,-0.0
-4.87,-0.88,0.29,-0.01,0.04,-0.0
-4.83,-0.94,0.31,-0.01,0.04,-0.0
-4.85,-0.88,0.25,-0.01,0.04,-0.0
-4.81,-0.8,0.34,-0.01,0.04,-0.0
-4.77,-0.79,0.34,-0.01,0.04,-0.01
-4.79,-0.77,0.33,-0.01,0.04,-0.01
-4.85,-0.77,0.31,-0.01,0.04,-0.01
-4.9,-0.77,0.31,-0.02,0.04,-0.01
-4.9,-0.73,0.29,-0.02,0.04,-0.01
-4.9,-0.8,0.42,-0.03,0.04,-0.01
-4.92,-0.75,0.36,-0.03,0.04,-0.01
-4.96,-0.71,0.23,-0.03,0.04,-0.01
-4.92,-0.79,0.33,-0.03,0.04,-0.01
-4.9,-0.75,0.27,-0.03,0.04,-0.01
-4.87,-0.77,0.31,-0.03,0.04,-0.01
-4.9,-0.75,0.27,-0.03,0.04,-0.01
-4.92,-0.71,0.27,-0.03,0.04,-0.01
-4.9,-0.67,0.23,-0.03,0.04,-0.01
-4.94,-0.65,0.23,-0.04,0.04,-0.02
-4.9,-0.71,0.33,-0.04,0.04,-0.02
-4.88,-0.67,0.29,-0.05,0.04,-0.02
-4.88,-0.69,0.19,-0.05,0.04,-0.02
-4.87,-0.75,0.27,-0.06,0.04,-0.02
-4.85,-0.79,0.29,-0.06,0.04,-0.03
-4.94,-0.73,0.31,-0.06,0.04,-0.03
-4.92,-0.75,0.29,-0.06,0.03,-0.03
-4.92,-0.79,0.4,-0.07,0.03,-0.03
-4.92,-0.79,0.23,-0.07,0.03,-0.03
-4.94,-0.67,0.29,-0.07,0.03,-0.03
-4.9,-0.69,0.27,-0.07,0.03,-0.03
-4.87,-0.67,0.27,-0.08,0.03,-0.03
-4.79,-0.69,0.29,-0.08,0.03,-0.03
-4.81,-0.71,0.34,-0.09,0.04,-0.03
-4.79,-0.73,0.36,-0.1,0.04,-0.04
-4.88,-0.71,0.34,-0.1,0.05,-0.04
-4.85,-0.75,0.33,-0.11,0.05,-0.04
-4.88,-0.71,0.34,-0.11,0.06,-0.05
-4.83,-0.67,0.31,-0.11,0.06,-0.05
-4.87,-0.63,0.27,-0.11,0.06,-0.05
-4.9,-0.54,0.23,-0.12,0.07,-0.06
-4.92,-0.48,0.31,-0.13,0.07,-0.06
-4.83,-0.46,0.25,-0.14,0.06,-0.06
-4.77,-0.56,0.27,-0.15,0.06,-0.05
-4.81,-0.59,0.25,-0.17,0.06,-0.06
-4.87,-0.59,0.44,-0.18,0.07,-0.07
-4.88,-0.63,0.4,-0.19,0.07,-0.07
-4.9,-0.61,0.38,-0.19,0.08,-0.08
-4.87,-0.52,0.42,-0.2,0.08,-0.09
-4.85,-0.59,0.34,-0.2,0.09,-0.09
-4.85,-0.56,0.34,-0.22,0.09,-0.1
-4.79,-0.59,0.5,-0.23,0.09,-0.11
-4.81,-0.61,0.46,-0.25,0.1,-0.12
-4.75,-0.77,0.5,-0.26,0.11,-0.13
-4.75,-0.86,0.48,-0.27,0.12,-0.14
-4.71,-0.96,0.4,-0.27,0.13,-0.15
-4.62,-1.03,0.44,-0.26,0.14,-0.16
-4.65,-1.03,0.44,-0.25,0.16,-0.18
-4.64,-1.05,0.56,-0.24,0.17,-0.19
-4.58,-1.05,0.5,-0.23,0.18,-0.2
-4.54,-1.11,0.5,-0.21,0.2,-0.21
-4.6,-1.11,0.59,-0.19,0.21,-0.22
-4.64,-1.19,0.54,-0.18,0.22,-0.22
-4.58,-1.19,0.5,-0.16,0.23,-0.23
-4.46,-1.21,0.57,-0.15,0.23,-0.24
-4.48,-1.26,0.63,-0.15,0.24,-0.26
-4.56,-1.26,0.71,-0.15,0.24,-0.28
-4.6,-1.3,0.71,-0.15,0.26,-0.31
-4.65,-1.3,0.59,-0.14,0.27,-0.32
-4.77,-1.36,0.5,-0.12,0.29,-0.34
-4.79,-1.38,0.27,-0.1,0.31,-0.36
-4.85,-1.28,0.06,-0.08,0.32,-0.38
-4.9,-1.28,-0.04,-0.05,0.32,-0.4
-4.94,-1.3,-0.1,-0.03,0.32,-0.42
-4.96,-1.21,-0.13,-0.0,0.32,-0.43
-4.98,-1.24,0.02,0.02,0.32,-0.44
-4.98,-1.17,0.34,0.02,0.33,-0.44
-4.98,-1.19,0.44,0.03,0.35,-0.44
-4.96,-1.19,0.57,0.03,0.36,-0.44
-4.94,-1.21,0.42,0.04,0.38,-0.44
-5.0,-1.15,0.31,0.04,0.38,-0.44
-4.9,-1.19,0.11,0.04,0.39,-0.44
-4.88,-1.21,0.1,0.04,0.39,-0.44
-4.81,-1.23,0.04,0.03,0.39,-0.44
-4.87,-1.23,-0.04,0.02,0.39,-0.44
-4.83,-1.26,-0.15,0.03,0.38,-0.44
-4.71,-1.26,-0.23,0.04,0.36,-0.44
-4.73,-1.24,-0.23,0.07,0.35,-0.43
-4.73,-1.15,-0.33,0.09,0.34,-0.43
-4.79,-1.07,-0.4,0.1,0.33,-0.43
-4.81,-1.05,-0.48,0.1,0.33,-0.42
-4.81,-1.09,-0.38,0.1,0.32,-0.42
-4.85,-1.09,-0.34,0.08,0.31,-0.41
-4.81,-1.17,-0.33,0.05,0.31,-0.4
-4.81,-1.3,-0.31,0.02,0.32,-0.4
-4.75,-1.42,-0.33,0.0,0.34,-0.39
-4.71,-1.4,-0.33,-0.01,0.35,-0.39
-4.52,-1.34,-0.38,-0.02,0.36,-0.39
-4.39,-1.38,-0.5,-0.04,0.38,-0.38
-4.42,-1.44,-0.56,-0.06,0.4,-0.38
-4.35,-1.51,-0.79,-0.08,0.4,-0.38
-4.44,-1.49,-0.96,-0.08,0.39,-0.38
-4.5,-1.4,-1.11,-0.08,0.37,-0.37
-4.71,-1.32,-0.96,-0.07,0.35,-0.37
-4.75,-1.38,-0.9,-0.09,0.34,-0.37
-4.85,-1.51,-0.94,-0.11,0.31,-0.37
-4.83,-1.57,-1.05,-0.12,0.3,-0.38
-4.87,-1.63,-1.15,-0.13,0.29,-0.38
-4.83,-1.76,-1.0,-0.13,0.29,-0.39
-4.83,-1.8,-0.98,-0.13,0.3,-0.4
-4.62,-1.82,-0.92,-0.14,0.29,-0.42
-4.5,-1.97,-0.86,-0.15,0.28,-0.41
-4.52,-2.09,-0.96,-0.16,0.28,-0.41
-4.65,-2.13,-0.9,-0.16,0.28,-0.41
-4.56,-2.2,-0.96,-0.16,0.27,-0.41
-4.42,-2.24,-1.02,-0.16,0.26,-0.42
-4.37,-2.24,-1.05,-0.15,0.25,-0.43
-4.27,-2.26,-1.07,-0.13,0.25,-0.44
-4.18,-2.3,-1.13,-0.11,0.26,-0.44
-4.33,-2.26,-1.09,-0.1,0.26,-0.45
-4.27,-2.18,-1.13,-0.09,0.26,-0.45
-4.35,-2.13,-0.98,-0.09,0.25,-0.46
-4.41,-2.09,-1.0,-0.1,0.24,-0.46
-4.29,-2.15,-1.0,-0.11,0.22,-0.47
-4.33,-2.15,-0.86,-0.12,0.21,-0.49
-4.37,-2.11,-0.8,-0.12,0.19,-0.51
-4.39,-2.13,-0.92,-0.12,0.18,-0.53
-4.33,-2.11,-0.96,-0.12,0.17,-0.55
-4.33,-2.18,-1.03,-0.12,0.16,-0.56
-4.39,-2.16,-1.07,-0.12,0.15,-0.58
-4.35,-2.2,-1.21,-0.13,0.15,-0.59
-4.37,-2.24,-1.09,-0.13,0.14,-0.6
-4.39,-2.3,-1.03,-0.15,0.12,-0.6
-4.31,-2.3,-1.0,-0.16,0.11,-0.61
-4.25,-2.38,-0.96,-0.18,0.1,-0.62
-4.29,-2.36,-1.13,-0.19,0.09,-0.63
-4.46,-2.41,-1.19,-0.19,0.09,-0.64
-4.23,-2.39,-1.19,-0.18,0.08,-0.65
-4.16,-2.47,-1.21,-0.18,0.08,-0.66
-4.14,-2.45,-1.19,-0.17,0.08,-0.67
-4.19,-2.53,-1.21,-0.16,0.07,-0.67
-4.19,-2.49,-1.11,-0.15,0.06,-0.68
-4.23,-2.59,-1.09,-0.15,0.05,-0.68
-4.27,-2.59,-1.11,-0.15,0.05,-0.7
-4.31,-2.59,-1.23,-0.15,0.04,-0.71
-4.14,-2.6,-1.11,-0.14,0.04,-0.71
-4.1,-2.59,-1.15,-0.13,0.03,-0.72
-4.04,-2.57,-1.15,-0.12,0.02,-0.73
-4.02,-2.62,-1.21,-0.12,-0.0,-0.73
-3.91,-2.82,-1.28,-0.11,-0.02,-0.74
-3.96,-2.8,-1.21,-0.1,-0.02,-0.76
-4.14,-2.7,-1.05,-0.09,-0.03,-0.77
-4.31,-2.76,-1.05,-0.09,-0.05,-0.77
-4.48,-2.8,-1.15,-0.08,-0.08,-0.77
-4.64,-2.68,-1.17,-0.07,-0.1,-0.77
-4.67,-2.66,-1.13,-0.06,-0.12,-0.76
-4.67,-2.64,-1.23,-0.05,-0.15,-0.76
-4.64,-2.59,-1.24,-0.04,-0.18,-0.77
-4.87,-2.32,-1.0,-0.03,-0.21,-0.77
-4.33,-2.64,-1.46,-0.02,-0.25,-0.76
-4.02,-2.89,-1.59,-0.02,-0.25,-0.79
-3.93,-2.91,-1.4,-0.02,-0.24,-0.8
-3.85,-3.05,-1.28,-0.03,-0.26,-0.81
-3.66,-3.18,-1.21,-0.01,-0.28,-0.81
-3.52,-3.31,-1.11,0.01,-0.29,-0.82
-3.33,-3.43,-1.17,0.05,-0.29,-0.82
-3.22,-3.54,-1.05,0.07,-0.29,-0.83
-3.05,-3.81,-0.98,0.09,-0.28,-0.85
-3.01,-3.98,-0.88,0.12,-0.28,-0.87
-2.8,-4.12,-0.86,0.16,-0.27,-0.88
-2.82,-4.02,-0.82,0.19,-0.27,-0.89
-2.76,-4.16,-0.67,0.21,-0.27,-0.9
-2.82,-4.06,-0.54,0.24,-0.27,-0.92
-2.8,-4.04,-0.52,0.26,-0.27,-0.94
-2.8,-4.02,-0.5,0.27,-0.28,-0.96
-2.91,-3.91,-0.46,0.28,-0.28,-0.98
-3.14,-3.85,-0.38,0.3,-0.29,-1.0
-3.26,-3.81,-0.36,0.32,-0.3,-1.03
-3.47,-3.51,0.0,0.34,-0.31,-1.05
-3.49,-3.68,0.0,0.36,-0.32,-1.07
-3.33,-3.66,0.08,0.37,-0.35,-1.09
-3.08,-3.68,-0.06,0.39,-0.38,-1.12
-2.72,-3.6,0.0,0.4,-0.41,-1.14
-2.45,-3.62,0.08,0.43,-0.43,-1.15
-2.16,-3.54,0.17,0.45,-0.43,-1.16
-1.99,-3.56,0.1,0.46,-0.44,-1.16
-2.03,-3.54,0.11,0.46,-0.44,-1.15
-2.09,-3.54,0.02,0.44,-0.44,-1.15
-2.09,-3.47,-0.1,0.41,-0.43,-1.16
-2.3,-3.49,-0.1,0.36,-0.42,-1.16
-2.43,-3.51,-0.21,0.32,-0.41,-1.17
-2.47,-3.56,-0.25,0.27,-0.39,-1.17
-2.26,-3.52,-0.34,0.23,-0.36,-1.17
-2.13,-3.54,-0.57,0.21,-0.33,-1.16
-1.97,-3.6,-0.69,0.18,-0.3,-1.15
-1.72,-3.62,-0.84,0.16,-0.26,-1.14
-1.69,-3.73,-0.73,0.14,-0.21,-1.12
-1.4,-4.04,-0.5,0.13,-0.17,-1.1
-1.23,-4.18,-0.13,0.13,-0.12,-1.08
-0.94,-4.25,0.29,0.15,-0.07,-1.06
-0.61,-4.31,0.82,0.16,-0.02,-1.03
-0.46,-4.33,1.46,0.17,0.04,-1.0
-0.59,-4.39,1.9,0.18,0.1,-0.97
-0.69,-4.58,1.88,0.18,0.12,-0.93
-0.67,-4.67,1.47,0.18,0.13,-0.89
-0.79,-4.77,1.19,0.16,0.14,-0.88
-1.05,-4.87,1.07,0.12,0.16,-0.87
-1.46,-5.09,1.0,0.07,0.18,-0.86
-1.84,-5.25,1.05,0.03,0.19,-0.85
-2.09,-5.73,1.0,-0.01,0.19,-0.82
-2.47,-6.26,1.07,-0.02,0.19,-0.77
-2.91,-6.86,1.11,-0.0,0.17,-0.69
-3.14,-7.09,0.88,0.05,0.12,-0.62
-3.03,-6.91,0.71,0.12,0.05,-0.55
-2.55,-6.63,0.42,0.19,-0.02,-0.5
-1.84,-6.22,0.19,0.26,-0.08,-0.45
-1.32,-5.8,-0.1,0.32,-0.12,-0.43
-0.98,-5.27,-0.4,0.36,-0.15,-0.43
-0.67,-4.79,-0.86,0.38,-0.18,-0.44
-0.21,-4.5,-1.3,0.36,-0.2,-0.46
0.15,-4.06,-1.61,0.31,-0.21,-0.47
0.56,-3.83,-1.97,0.24,-0.21,-0.49
0.96,-3.79,-2.03,0.14,-0.2,-0.52
1.17,-4.08,-2.01,0.06,-0.18,-0.53
1.26,-4.52,-1.82,-0.01,-0.15,-0.53
1.49,-5.15,-1.36,-0.04,-0.11,-0.52
1.74,-5.57,-0.86,-0.05,-0.06,-0.51
1.86,-5.94,-0.33,-0.04,-0.01,-0.51
1.78,-6.13,0.13,-0.03,0.03,-0.51
1.7,-6.36,0.48,-0.01,0.05,-0.51
1.57,-6.44,0.57,0.01,0.05,-0.5
1.57,-6.45,0.61,0.04,0.03,-0.5
1.26,-6.44,0.46,0.1,0.01,-0.49
1.21,-6.3,0.48,0.18,-0.01,-0.47
1.03,-6.11,0.17,0.27,-0.03,-0.46
0.86,-5.98,-0.08,0.36,-0.05,-0.44
0.57,-5.71,-0.21,0.42,-0.07,-0.43
0.33,-5.46,-0.38,0.43,-0.08,-0.43
-0.02,-5.31,-0.38,0.41,-0.1,-0.42
-0.17,-5.21,-0.33,0.37,-0.12,-0.42
-0.21,-5.17,-0.13,0.31,-0.14,-0.42
-0.15,-5.23,0.08,0.26,-0.15,-0.42
-0.02,-5.29,0.33,0.21,-0.16,-0.42
0.19,-5.29,0.61,0.17,-0.17,-0.42
0.44,-5.31,0.79,0.15,-0.16,-0.41
0.65,-5.32,0.75,0.13,-0.16,-0.4
0.79,-5.4,0.82,0.13,-0.15,-0.39
0.75,-5.36,0.82,0.14,-0.14,-0.37
0.8,-5.36,0.8,0.17,-0.12,-0.35
0.75,-5.27,0.71,0.2,-0.11,-0.33
0.69,-5.04,0.65,0.23,-0.1,-0.31
0.69,-4.87,0.61,0.26,-0.08,-0.3
0.56,-4.6,0.52,0.26,-0.06,-0.29
0.48,-4.37,0.46,0.25,-0.04,-0.28
0.38,-4.12,0.42,0.23,-0.03,-0.29
0.29,-3.98,0.44,0.19,-0.01,-0.29
0.27,-3.91,0.54,0.15,0.0,-0.3
0.23,-3.91,0.61,0.12,0.02,-0.31
0.25,-4.02,0.63,0.09,0.03,-0.31
0.25,-4.08,0.59,0.07,0.04,-0.31
0.27,-4.21,0.61,0.05,0.05,-0.31
0.29,-4.39,0.67,0.05,0.05,-0.3
0.36,-4.5,0.75,0.05,0.05,-0.28
0.29,-4.65,0.63,0.06,0.04,-0.27
0.29,-4.77,0.63,0.07,0.04,-0.25
0.38,-4.85,0.59,0.08,0.03,-0.23
0.29,-4.92,0.54,0.1,0.03,-0.21
0.29,-4.9,0.48,0.11,0.03,-0.2
0.27,-4.85,0.5,0.12,0.03,-0.18
0.29,-4.83,0.42,0.13,0.03,-0.17
0.33,-4.83,0.42,0.14,0.03,-0.16
0.38,-4.79,0.4,0.13,0.03,-0.15
0.36,-4.81,0.4,0.13,0.03,-0.15
0.33,-4.77,0.4,0.12,0.03,-0.15
0.33,-4.65,0.31,0.12,0.03,-0.15
0.38,-4.67,0.23,0.13,0.02,-0.16
0.38,-4.71,0.31,0.13,0.02,-0.16
0.36,-4.71,0.34,0.13,0.03,-0.16
0.29,-4.77,0.42,0.14,0.03,-0.16
0.42,-4.83,0.42,0.15,0.03,-0.16
0.33,-4.81,0.54,0.16,0.03,-0.15
0.5,-4.77,0.57,0.17,0.03,-0.15
0.52,-4.79,0.52,0.18,0.03,-0.14
0.61,-4.79,0.56,0.19,0.03,-0.13
0.69,-4.81,0.63,0.2,0.03,-0.12
0.73,-4.81,0.63,0.21,0.03,-0.1
0.71,-4.81,0.69,0.22,0.03,-0.09
0.8,-4.87,0.71,0.22,0.03,-0.07
0.82,-4.77,0.69,0.22,0.03,-0.06
0.88,-4.79,0.77,0.21,0.03,-0.05
0.84,-4.79,0.77,0.2,0.04,-0.05
0.86,-4.79,0.84,0.19,0.04,-0.04
0.86,-4.87,0.88,0.17,0.05,-0.04
0.82,-4.88,0.98,0.17,0.05,-0.04
0.98,-4.94,0.84,0.17,0.06,-0.05
0.77,-4.81,0.94,0.19,0.08,-0.05
0.77,-4.81,0.98,0.2,0.08,-0.05
0.8,-4.73,0.92,0.21,0.08,-0.06
0.73,-4.67,0.94,0.22,0.08,-0.06
0.82,-4.6,1.03,0.23,0.09,-0.06
0.67,-4.46,1.02,0.23,0.1,-0.06
0.84,-4.5,1.02,0.23,0.1,-0.05
0.84,-4.46,1.07,0.23,0.11,-0.05
0.63,-4.33,1.03,0.24,0.11,-0.05
0.65,-4.37,1.13,0.24,0.11,-0.05
0.75,-4.48,1.09,0.23,0.1,-0.04
0.79,-4.46,1.21,0.23,0.1,-0.03
0.88,-4.5,1.24,0.24,0.1,-0.02
0.84,-4.48,1.26,0.25,0.1,-0.02
0.82,-4.5,1.3,0.25,0.09,-0.01
0.86,-4.46,1.28,0.26,0.08,-0.0
0.94,-4.46,1.28,0.26,0.07,0.0
0.96,-4.44,1.15,0.26,0.07,0.01
1.03,-4.46,1.21,0.25,0.06,0.01
0.94,-4.46,1.21,0.24,0.06,0.02
0.94,-4.46,1.11,0.23,0.06,0.02
0.96,-4.48,1.05,0.22,0.07,0.03
0.98,-4.5,1.15,0.21,0.07,0.03
0.98,-4.56,1.13,0.2,0.08,0.04
0.98,-4.58,1.07,0.19,0.08,0.05
0.98,-4.62,1.15,0.19,0.09,0.05
0.96,-4.67,1.17,0.19,0.09,0.06
0.88,-4.73,1.26,0.19,0.1,0.07
0.92,-4.67,1.32,0.19,0.11,0.08
0.82,-4.69,1.28,0.19,0.12,0.09
0.71,-4.73,1.28,0.19,0.12,0.09
0.61,-4.67,1.36,0.19,0.12,0.09
0.59,-4.73,1.32,0.18,0.12,0.1
0.57,-4.75,1.3,0.17,0.12,0.1
0.57,-4.79,1.32,0.17,0.12,0.1
0.54,-4.81,1.38,0.16,0.12,0.11
0.5,-4.87,1.28,0.16,0.12,0.11
0.46,-4.87,1.36,0.16,0.12,0.1
0.44,-4.85,1.3,0.16,0.11,0.1
0.4,-4.79,1.3,0.16,0.11,0.09
0.4,-4.73,1.36,0.16,0.11,0.09
0.4,-4.69,1.34,0.16,0.1,0.08
0.33,-4.64,1.44,0.16,0.1,0.08
0.33,-4.69,1.47,0.16,0.1,0.08
0.29,-4.54,1.51,0.15,0.1,0.08
0.31,-4.65,1.49,0.15,0.1,0.08
0.34,-4.67,1.47,0.15,0.1,0.08
0.29,-4.64,1.46,0.15,0.1,0.08
0.33,-4.58,1.38,0.16,0.1,0.08
0.34,-4.48,1.3,0.15,0.11,0.08
0.33,-4.52,1.4,0.15,0.11,0.09
0.23,-4.48,1.28,0.15,0.12,0.09
0.21,-4.48,1.36,0.15,0.12,0.1
0.17,-4.48,1.32,0.14,0.13,0.11
0.11,-4.44,1.34,0.14,0.14,0.12
0.04,-4.46,1.44,0.14,0.15,0.12
0.1,-4.37,1.46,0.13,0.15,0.13
-0.1,-4.44,1.49,0.13,0.15,0.13
-0.17,-4.44,1.47,0.11,0.16,0.13
-0.27,-4.48,1.65,0.1,0.16,0.14
-0.27,-4.52,1.57,0.09,0.16,0.14
-0.34,-4.56,1.65,0.08,0.15,0.14
-0.4,-4.62,1.57,0.06,0.15,0.14
-0.42,-4.67,1.65,0.06,0.15,0.14
-0.38,-4.75,1.65,0.05,0.15,0.15
-0.4,-4.71,1.51,0.05,0.15,0.15
-0.42,-4.81,1.55,0.05,0.14,0.15
-0.38,-4.79,1.57,0.05,0.14,0.15
-0.44,-4.77,1.51,0.05,0.14,0.15
-0.4,-4.77,1.46,0.06,0.14,0.15
-0.38,-4.75,1.4,0.06,0.14,0.15
-0.44,-4.73,1.42,0.05,0.13,0.15
-0.4,-4.71,1.44,0.05,0.13,0.14
-0.36,-4.71,1.49,0.05,0.13,0.14
-0.4,-4.73,1.49,0.04,0.12,0.13
-0.44,-4.77,1.61,0.04,0.12,0.13
-0.42,-4.73,1.55,0.03,0.12,0.12
-0.42,-4.75,1.49,0.03,0.11,0.12
-0.42,-4.75,1.51,0.02,0.11,0.11
-0.48,-4.77,1.44,0.02,0.11,0.11
-0.42,-4.75,1.46,0.01,0.11,0.1
-0.46,-4.75,1.53,0.01,0.11,0.1
-0.4,-4.75,1.49,0.01,0.11,0.1
-0.44,-4.73,1.4,0.0,0.11,0.1
-0.46,-4.73,1.47,0.0,0.11,0.1
-0.46,-4.73,1.38,0.01,0.1,0.1
-0.48,-4.73,1.44,0.01,0.1,0.1
-0.5,-4.75,1.4,0.02,0.09,0.1
-0.42,-4.69,1.44,0.02,0.09,0.1
-0.54,-4.67,1.53,0.03,0.08,0.1
-0.46,-4.75,1.65,0.03,0.08,0.1
-0.52,-4.67,1.55,0.03,0.07,0.1
-0.46,-4.71,1.65,0.03,0.06,0.09
-0.46,-4.71,1.55,0.03,0.06,0.09
-0.48,-4.69,1.55,0.03,0.06,0.09
-0.4,-4.69,1.49,0.02,0.05,0.08
-0.44,-4.71,1.47,0.02,0.05,0.08
-0.5,-4.69,1.44,0.02,0.05,0.08
-0.44,-4.69,1.38,0.02,0.04,0.07
-0.5,-4.62,1.42,0.02,0.04,0.07
-0.54,-4.67,1.46,0.02,0.04,0.07
-0.44,-4.65,1.47,0.02,0.03,0.06
-0.48,-4.6,1.63,0.02,0.03,0.06
-0.4,-4.54,1.55,0.02,0.02,0.05
-0.36,-4.58,1.57,0.02,0.02,0.04
-0.33,-4.52,1.65,0.02,0.03,0.04
-0.31,-4.48,1.72,0.02,0.03,0.04
-0.25,-4.44,1.7,0.03,0.03,0.03
-0.23,-4.41,1.69,0.02,0.03,0.03
-0.23,-4.39,1.69,0.02,0.03,0.02
-0.13,-4.41,1.69,0.01,0.03,0.02
-0.02,-4.48,1.72,0.01,0.03,0.02
-0.1,-4.52,1.76,0.01,0.03,0.02
-0.13,-4.52,1.88,0.02,0.02,0.01
-0.13,-4.62,1.8,0.02,0.02,0.01
-0.04,-4.67,1.84,0.01,0.02,0.01
0.0,-4.75,1.9,0.02,0.02,0.01
-0.11,-4.71,1.8,0.03,0.02,0.01
0.0,-4.69,1.84,0.04,0.02,0.01
-0.02,-4.73,1.78,0.05,0.03,0.01
-0.06,-4.65,1.69,0.06,0.03,0.01
-0.02,-4.71,1.65,0.06,0.03,0.01
-0.04,-4.75,1.65,0.05,0.03,0.0
-0.15,-4.65,1.72,0.04,0.02,-0.0
-0.04,-4.64,1.82,0.03,0.02,-0.01
-0.1,-4.6,1.61,0.03,0.01,-0.01
-0.06,-4.48,1.69,0.03,0.01,-0.01
-0.08,-4.42,1.67,0.04,0.01,-0.01
-0.06,-4.33,1.72,0.04,0.01,-0.01
-0.13,-4.33,1.69,0.03,0.01,-0.01
-0.17,-4.31,1.69,0.02,0.01,-0.01
-0.11,-4.37,1.67,0.0,0.02,-0.01
-0.13,-4.35,1.67,-0.01,0.02,-0.01
-0.04,-4.44,1.7,-0.02,0.03,-0.01
-0.02,-4.5,1.8,-0.03,0.04,-0.01
0.0,-4.64,1.67,-0.03,0.04,-0.01
-0.02,-4.64,1.72,-0.02,0.04,-0.01
-0.02,-4.65,1.63,-0.01,0.05,-0.01
0.0,-4.64,1.55,-0.01,0.05,-0.02
-0.02,-4.65,1.53,-0.0,0.05,-0.02
-0.02,-4.75,1.49,0.0,0.05,-0.02
0.06,-4.75,1.55,0.0,0.04,-0.02
0.02,-4.77,1.49,0.0,0.05,-0.02
0.02,-4.73,1.51,0.0,0.05,-0.01
-0.02,-4.58,1.57,-0.01,0.06,-0.01
-0.06,-4.64,1.57,-0.01,0.06,-0.01
-0.06,-4.71,1.46,-0.01,0.06,-0.0
-0.02,-4.67,1.47,-0.02,0.06,-0.0
-0.02,-4.64,1.44,-0.02,0.06,-0.0
0.0,-4.56,1.46,-0.02,0.06,-0.0
-0.02,-4.56,1.44,-0.01,0.06,-0.0
-0.1,-4.56,1.44,-0.0,0.06,-0.0
-0.11,-4.58,1.42,0.0,0.06,-0.01
0.0,-4.58,1.53,0.0,0.05,-0.01
-0.11,-4.64,1.55,-0.0,0.05,-0.02
-0.13,-4.67,1.57,-0.01,0.05,-0.02
-0.06,-4.67,1.53,-0.01,0.05,-0.02
-0.04,-4.67,1.55,-0.01,0.05,-0.02
0.0,-4.73,1.55,0.0,0.04,-0.01
-0.1,-4.73,1.47,0.01,0.04,-0.01
-0.13,-4.73,1.51,0.03,0.04,0.0
-0.21,-4.75,1.57,0.04,0.04,0.0
-0.19,-4.67,1.57,0.03,0.03,-0.0
-0.11,-4.64,1.51,0.03,0.03,-0.0
-0.13,-4.64,1.59,0.03,0.03,-0.0
-0.17,-4.56,1.63,0.04,0.03,0.0
-0.17,-4.52,1.61,0.04,0.03,0.0
-0.21,-4.52,1.57,0.04,0.03,0.01
-0.25,-4.5,1.65,0.04,0.03,0.01
-0.31,-4.48,1.65,0.03,0.03,0.01
-0.27,-4.52,1.63,0.03,0.03,0.01
-0.27,-4.54,1.67,0.02,0.02,0.01
-0.31,-4.6,1.69,0.01,0.02,0.0
-0.23,-4.58,1.57,0.01,0.02,0.0
-0.29,-4.62,1.69,0.01,0.02,0.0
-0.27,-4.54,1.65,0.01,0.02,0.0
-0.19,-4.6,1.65,0.01,0.03,0.0
-0.21,-4.58,1.59,0.02,0.03,0.0
-0.21,-4.62,1.61,0.02,0.03,0.0
-0.23,-4.6,1.63,0.02,0.03,0.0
-0.25,-4.65,1.67,0.02,0.03,0.0
-0.19,-4.58,1.63,0.02,0.03,0.01
-0.23,-4.62,1.65,0.03,0.03,0.01
-0.19,-4.6,1.7,0.03,0.03,0.01
-0.23,-4.62,1.61,0.03,0.02,0.01
-0.25,-4.56,1.72,0.02,0.02,0.0
-0.23,-4.6,1.7,0.02,0.02,0.0
-0.21,-4.56,1.67,0.02,0.02,0.0
-0.29,-4.56,1.7,0.02,0.02,0.0
-0.27,-4.54,1.72,0.02,0.03,0.0
-0.21,-4.54,1.72,0.02,0.03,0.0
-0.19,-4.52,1.7,0.02,0.03,0.0
-0.21,-4.46,1.69,0.01,0.03,0.0
-0.19,-4.5,1.63,0.01,0.03,-0.0
-0.19,-4.54,1.65,0.01,0.03,-0.0
-0.17,-4.52,1.7,0.01,0.03,-0.0
-0.19,-4.48,1.69,0.0,0.03,-0.0
-0.23,-4.44,1.69,0.0,0.03,-0.0
-0.17,-4.5,1.72,-0.0,0.03,-0.0
-0.19,-4.54,1.67,-0.01,0.02,-0.0
-0.15,-4.6,1.76,-0.01,0.03,-0.0
-0.08,-4.56,1.7,-0.01,0.03,-0.0
-0.11,-4.56,1.72,-0.02,0.03,0.0
-0.08,-4.52,1.69,-0.02,0.03,0.0
-0.11,-4.56,1.7,-0.02,0.03,0.01
-0.1,-4.48,1.7,-0.02,0.03,0.01
-0.1,-4.52,1.65,-0.01,0.03,0.01
-0.17,-4.44,1.63,-0.01,0.03,0.01
-0.13,-4.54,1.65,-0.01,0.03,0.01
-0.19,-4.6,1.69,-0.01,0.03,0.01
-0.15,-4.58,1.69,-0.01,0.02,0.01
-0.13,-4.62,1.59,-0.01,0.02,0.01
-0.11,-4.6,1.7,-0.01,0.02,0.01
-0.1,-4.58,1.72,-0.01,0.02,0.01
-0.13,-4.62,1.74,-0.01,0.02,0.01
-0.06,-4.58,1.72,-0.0,0.02,0.01
-0.1,-4.6,1.69,-0.0,0.02,0.0
-0.1,-4.56,1.78,-0.0,0.02,0.0
-0.1,-4.54,1.72,-0.0,0.02,0.0
-0.04,-4.54,1.65,-0.0,0.02,-0.0
-0.1,-4.56,1.7,-0.0,0.02,-0.0
-0.06,-4.62,1.63,-0.0,0.02,-0.0
-0.02,-4.56,1.65,-0.0,0.02,-0.0
-0.06,-4.56,1.65,-0.0,0.03,-0.0
-0.04,-4.62,1.61,-0.0,0.03,-0.0
-0.02,-4.67,1.63,-0.0,0.03,-0.0
-0.08,-4.62,1.69,-0.0,0.03,-0.0
-0.08,-4.56,1.61,0.0,0.03,-0.0
-0.08,-4.6,1.63,0.0,0.03,-0.0
-0.08,-4.58,1.63,0.0,0.03,-0.0
-0.31,-4.58,1.7,0.0,0.03,-0.0
-0.08,-4.52,1.74,0.0,0.03,-0.0
-0.06,-4.54,1.69,0.0,0.03,-0.0
-0.08,-4.58,1.7,0.0,0.03,-0.0
-0.11,-4.54,1.7,0.0,0.03,-0.0
-0.19,-4.56,1.67,0.0,0.03,-0.0
-0.15,-4.6,1.65,-0.0,0.03,-0.0
-0.13,-4.56,1.69,-0.0,0.03,-0.0
-0.15,-4.6,1.67,-0.0,0.03,-0.0
-0.08,-4.65,1.59,-0.0,0.03,-0.0
-0.13,-4.58,1.61,-0.0,0.03,-0.0
-0.1,-4.58,1.59,-0.0,0.03,0.0
-0.08,-4.62,1.69,-0.0,0.03,0.0
-0.13,-4.54,1.63,-0.0,0.03,0.0
-0.1,-4.58,1.69,-0.0,0.03,0.0
-0.17,-4.54,1.65,-0.0,0.03,0.0
-0.21,-4.56,1.65,-0.0,0.03,0.0
-0.19,-4.62,1.67,-0.0,0.03,0.0
-0.13,-4.58,1.61,-0.01,0.03,0.0
-0.19,-4.54,1.65,-0.01,0.03,0.0
-0.17,-4.6,1.74,-0.01,0.03,0.0
-0.15,-4.62,1.69,-0.01,0.04,0.0
-0.15,-4.54,1.65,-0.01,0.04,0.0
-0.13,-4.6,1.69,-0.0,0.04,0.0
-0.15,-4.6,1.72,-0.0,0.04,-0.0
-0.15,-4.54,1.59,-0.0,0.04,-0.0
-0.11,-4.6,1.67,-0.0,0.04,-0.0
-0.13,-4.64,1.69,-0.0,0.04,-0.0
-0.15,-4.58,1.7,-0.0,0.04,-0.01
-0.17,-4.56,1.74,-0.0,0.04,-0.01
-0.15,-4.6,1.74,-0.0,0.04,-0.01
-0.17,-4.6,1.69,-0.0,0.04,-0.01
-0.17,-4.64,1.7,-0.0,0.04,-0.01
-0.15,-4.56,1.69,-0.0,0.04,-0.01
-0.21,-4.56,1.69,-0.0,0.05,-0.01
-0.17,-4.54,1.7,-0.0,0.05,-0.0
-0.13,-4.58,1.7,-0.0,0.05,-0.0
-0.15,-4.54,1.7,-0.0,0.05,-0.0
-0.1,-4.56,1.74,-0.0,0.05,-0.0
-0.08,-4.62,1.63,-0.0,0.05,0.0
-0.19,-4.56,1.69,-0.0,0.04,0.0
-0.17,-4.54,1.72,-0.0,0.04,-0.0
-0.19,-4.58,1.63,-0.0,0.04,-0.0
-0.17,-4.6,1.72,-0.01,0.04,-0.0
-0.13,-4.54,1.8,-0.01,0.04,-0.0
-0.21,-4.58,1.72,-0.01,0.04,-0.0
-0.15,-4.56,1.74,-0.01,0.04,-0.0
-0.13,-4.58,1.59,-0.01,0.04,-0.0
-0.21,-4.56,1.65,-0.01,0.04,-0.0
-0.17,-4.56,1.63,-0.01,0.04,-0.0
-0.15,-4.62,1.67,-0.0,0.04,-0.0
-0.19,-4.58,1.63,-0.0,0.04,-0.0
-0.21,-4.56,1.65,-0.0,0.04,-0.0
-0.15,-4.64,1.59,-0.0,0.04,-0.0
-0.13,-4.54,1.69,-0.0,0.04,-0.0
-0.21,-4.56,1.65,-0.0,0.04,-0.0
-0.19,-4.56,1.61,-0.0,0.04,-0.0
-0.23,-4.54,1.72,-0.0,0.04,-0.0
-0.23,-4.54,1.65,-0.0,0.04,-0.0
-0.19,-4.58,1.67,-0.0,0.04,-0.0
-0.25,-4.6,1.67,-0.0,0.04,-0.0
-0.19,-4.6,1.69,-0.0,0.04,-0.0
-0.19,-4.62,1.69,-0.0,0.04,-0.0
-0.19,-4.62,1.67,-0.0,0.03,0.0
-0.19,-4.56,1.69,-0.0,0.03,0.0
-0.23,-4.58,1.61,-0.0,0.03,0.0
-0.27,-4.58,1.65,-0.0,0.03,-0.0
-0.19,-4.54,1.74,0.0,0.03,-0.0
-0.19,-4.54,1.63,0.0,0.03,0.0
-0.15,-4.58,1.67,-0.0,0.03,-0.0
-0.15,-4.62,1.69,0.0,0.03,-0.0
-0.1,-4.6,1.67,-0.0,0.03,-0.0
-0.11,-4.64,1.67,0.0,0.03,-0.0
-0.11,-4.6,1.7,0.0,0.03,-0.0
-0.15,-4.54,1.65,0.0,0.03,-0.0
-0.13,-4.56,1.67,0.0,0.03,0.0
-0.15,-4.54,1.72,0.0,0.03,0.0
-0.08,-4.64,1.65,0.0,0.03,0.0
-0.15,-4.58,1.69,0.0,0.03,0.0
-0.15,-4.54,1.67,0.0,0.03,0.0
-0.11,-4.62,1.65,0.0,0.03,0.0
-0.15,-4.58,1.67,0.0,0.03,0.0
-0.1,-4.58,1.65,0.0,0.03,0.0
-0.06,-4.6,1.7,0.0,0.03,0.0
-0.15,-4.62,1.7,0.0,0.03,0.0
-0.17,-4.62,1.69,0.0,0.03,0.0
-0.06,-4.6,1.76,0.0,0.03,0.0
-0.11,-4.56,1.69,0.0,0.03,0.0
-0.06,-4.56,1.67,0.0,0.03,0.0
-0.13,-4.6,1.67,0.0,0.03,0.0
-0.15,-4.56,1.59,0.01,0.03,0.0
-0.06,-4.64,1.61,0.01,0.03,0.0
-0.1,-4.58,1.67,0.01,0.04,0.0
-0.08,-4.58,1.61,0.01,0.04,0.0
-0.13,-4.56,1.59,0.01,0.04,0.0
-0.08,-4.6,1.65,0.01,0.04,0.0
-0.1,-4.62,1.69,0.01,0.04,0.0
-0.08,-4.6,1.74,0.0,0.04,0.0
-0.13,-4.62,1.69,0.0,0.04,0.0
-0.17,-4.6,1.7,-0.0,0.04,0.0
-0.17,-4.64,1.7,-0.0,0.03,0.0
-0.11,-4.6,1.72,-0.0,0.03,0.0
-0.17,-4.52,1.7,-0.0,0.03,0.0
-0.11,-4.56,1.74,-0.0,0.03,0.0
-0.19,-4.48,1.7,-0.0,0.03,0.0
-0.17,-4.54,1.7,-0.0,0.04,0.0
-0.19,-4.54,1.7,0.0,0.04,0.0
-0.19,-4.52,1.69,0.0,0.04,0.0
-0.06,-4.58,1.76,0.0,0.04,-0.0
-0.19,-4.54,1.72,0.0,0.04,-0.0
-0.13,-4.6,1.7,0.0,0.04,-0.0
-0.19,-4.58,1.7,0.0,0.04,-0.0
-0.21,-4.54,1.69,0.01,0.04,-0.0
-0.17,-4.58,1.72,0.01,0.04,-0.0
-0.17,-4.56,1.72,0.01,0.04,-0.0
-0.13,-4.6,1.7,0.01,0.04,-0.0
-0.15,-4.52,1.76,0.01,0.04,-0.0
-0.15,-4.56,1.7,0.01,0.04,-0.0
-0.1,-4.56,1.69,0.01,0.04,-0.0
-0.21,-4.54,1.74,0.0,0.04,-0.0
-0.19,-4.56,1.72,0.0,0.03,-0.0
-0.15,-4.52,1.69,0.0,0.04,-0.0
-0.21,-4.6,1.76,0.0,0.04,-0.0
-0.21,-4.58,1.67,0.0,0.04,0.0
-0.13,-4.65,1.7,0.01,0.04,0.0
-0.21,-4.6,1.7,0.01,0.03,0.0
-0.23,-4.54,1.69,0.02,0.04,0.0
-0.17,-4.5,1.69,0.02,0.04,0.0
-0.13,-4.54,1.76,0.02,0.04,-0.0
-0.1,-4.54,1.67,0.02,0.04,-0.0
-0.15,-4.56,1.69,0.02,0.04,-0.0
-0.29,-4.56,1.69,0.02,0.04,-0.0
-0.17,-4.5,1.72,0.01,0.04,-0.0
-0.21,-4.62,1.7,0.01,0.03,-0.0
-0.11,-4.56,1.72,0.0,0.03,-0.0
-0.1,-4.58,1.78,0.0,0.03,-0.0
-0.11,-4.54,1.74,0.0,0.03,-0.0
-0.08,-4.54,1.74,0.0,0.03,-0.0
-0.13,-4.58,1.69,-0.0,0.03,-0.0
-0.13,-4.56,1.74,-0.0,0.03,0.0
-0.13,-4.54,1.74,-0.0,0.03,0.0
-0.04,-4.54,1.72,-0.0,0.03,0.0
-0.08,-4.54,1.74,-0.0,0.03,0.0
-0.13,-4.54,1.72,-0.0,0.03,0.0
-0.11,-4.56,1.74,-0.0,0.03,0.0
-0.1,-4.5,1.74,-0.0,0.03,0.0
-0.11,-4.58,1.74,-0.0,0.03,0.0
-0.08,-4.54,1.7,0.0,0.03,0.0
-0.17,-4.6,1.67,0.0,0.03,0.0
-0.11,-4.56,1.72,-0.0,0.03,-0.0
-0.15,-4.6,1.7,-0.0,0.03,-0.0
-0.11,-4.62,1.76,-0.0,0.04,-0.0
-0.19,-4.5,1.65,-0.0,0.04,-0.0
-0.19,-4.56,1.65,-0.0,0.04,-0.01
-0.21,-4.6,1.7,-0.01,0.04,-0.01
-0.17,-4.58,1.74,-0.01,0.04,-0.01
-0.17,-4.62,1.69,-0.01,0.04,-0.01
-0.15,-4.54,1.63,-0.01,0.04,-0.01
-0.08,-4.58,1.69,-0.01,0.04,-0.01
-0.13,-4.58,1.7,-0.01,0.04,-0.0
-0.13,-4.58,1.65,-0.01,0.04,-0.0
-0.17,-4.52,1.67,-0.01,0.04,-0.0
-0.21,-4.54,1.67,-0.01,0.04,-0.0
-0.17,-4.54,1.65,-0.0,0.04,-0.0
-0.11,-4.58,1.69,-0.0,0.04,-0.0
-0.17,-4.54,1.7,0.0,0.04,0.0
-0.1,-4.56,1.7,-0.0,0.04,0.0
-0.21,-4.56,1.7,-0.0,0.04,-0.0
-0.15,-4.62,1.8,0.0,0.04,-0.0
-0.17,-4.56,1.78,0.0,0.04,-0.0
-0.17,-4.65,1.7,0.0,0.04,-0.0
-0.13,-4.62,1.78,0.0,0.04,-0.0
-0.21,-4.52,1.74,0.01,0.04,-0.01
-0.19,-4.6,1.69,0.01,0.03,-0.01
-0.11,-4.6,1.69,0.01,0.03,-0.01
-0.13,-4.56,1.7,0.01,0.04,-0.01
-0.19,-4.52,1.8,0.01,0.04,-0.01
-0.19,-4.52,1.74,0.01,0.04,-0.01
-0.17,-4.54,1.74,0.01,0.04,-0.0
-0.11,-4.6,1.74,0.01,0.03,-0.0
-0.17,-4.58,1.8,0.01,0.03,-0.0
-0.17,-4.48,1.7,0.01,0.03,-0.0
-0.13,-4.48,1.65,0.01,0.03,-0.0
-0.11,-4.52,1.82,0.01,0.03,0.0
-0.13,-4.46,1.72,0.01,0.03,0.0
-0.13,-4.5,1.78,0.01,0.03,0.0
-0.1,-4.54,1.65,0.01,0.03,0.0
-0.1,-4.5,1.76,0.01,0.03,0.0
-0.17,-4.48,1.69,0.01,0.03,0.0
-0.15,-4.52,1.76,0.01,0.03,0.0
-0.13,-4.5,1.7,0.0,0.03,0.0
-0.17,-4.48,1.74,0.0,0.03,0.0
-0.13,-4.46,1.72,0.0,0.03,0.0
-0.15,-4.52,1.72,-0.0,0.03,0.0
-0.15,-4.5,1.78,-0.0,0.03,0.0
-0.21,-4.58,1.82,-0.01,0.03,0.0
-0.31,-4.62,1.61,-0.0,0.03,0.0
-0.15,-4.54,1.74,-0.0,0.03,0.0
-0.13,-4.56,1.74,-0.0,0.03,0.0
-0.15,-4.5,1.7,0.0,0.03,0.0
-0.11,-4.56,1.7,0.0,0.03,0.0
-0.15,-4.5,1.72,0.01,0.03,0.0
-0.15,-4.52,1.74,0.01,0.03,0.0
-0.13,-4.5,1.67,0.01,0.03,0.0
-0.1,-4.56,1.76,0.0,0.03,0.0
-0.11,-4.58,1.76,0.0,0.03,0.0
-0.15,-4.56,1.8,-0.0,0.03,0.0
-0.15,-4.58,1.76,-0.0,0.03,-0.0
-0.06,-4.56,1.76,-0.0,0.03,0.0
-0.13,-4.52,1.76,0.0,0.03,-0.0
-0.08,-4.52,1.67,0.0,0.03,-0.0
-0.1,-4.58,1.7,0.0,0.03,0.0
-0.06,-4.54,1.63,0.0,0.03,0.0
-0.1,-4.56,1.63,0.0,0.03,0.0
-0.04,-4.54,1.67,0.0,0.03,0.0
-0.08,-4.6,1.7,0.0,0.03,0.0
-0.11,-4.56,1.65,-0.0,0.04,0.0
-0.1,-4.64,1.74,-0.0,0.04,0.0
-0.13,-4.58,1.7,-0.0,0.04,0.0
-0.06,-4.62,1.67,-0.0,0.04,0.0
-0.08,-4.56,1.69,-0.0,0.04,0.0
-0.15,-4.58,1.7,0.0,0.04,0.0
-0.15,-4.6,1.74,0.0,0.04,0.0
-0.15,-4.6,1.7,0.01,0.04,0.0
-0.11,-4.6,1.65,0.01,0.03,0.0
-0.15,-4.62,1.69,0.01,0.03,0.0
-0.15,-4.58,1.72,0.02,0.03,0.0
-0.15,-4.56,1.72,0.02,0.03,0.0
-0.17,-4.58,1.7,0.02,0.03,0.0
-0.17,-4.58,1.74,0.02,0.04,0.0
-0.23,-4.54,1.7,0.02,0.04,0.0
-0.21,-4.6,1.7,0.02,0.04,-0.0
-0.25,-4.62,1.76,0.02,0.04,-0.0
-0.29,-4.56,1.76,0.02,0.04,-0.0
-0.23,-4.64,1.76,0.02,0.04,-0.0
-0.23,-4.64,1.8,0.02,0.04,-0.0
-0.25,-4.5,1.84,0.01,0.04,-0.0
-0.25,-4.52,1.84,0.01,0.03,-0.0
-0.25,-4.54,1.76,0.0,0.03,-0.01
-0.23,-4.5,1.9,0.01,0.04,-0.01
-0.33,-4.52,1.72,0.01,0.04,-0.01
-0.15,-4.54,1.72,0.02,0.04,-0.01
-0.19,-4.5,1.67,0.03,0.04,-0.01
-0.13,-4.52,1.78,0.03,0.04,-0.01
-0.17,-4.48,1.7,0.04,0.04,-0.01
-0.19,-4.54,1.72,0.03,0.04,-0.01
-0.17,-4.56,1.72,0.03,0.04,-0.01
-0.17,-4.52,1.76,0.03,0.04,-0.01
-0.19,-4.56,1.78,0.02,0.03,-0.01
-0.27,-4.52,1.8,0.02,0.03,-0.01
-0.17,-4.54,1.78,0.02,0.03,-0.01
-0.11,-4.5,1.8,0.03,0.03,-0.01
-0.36,-4.29,1.8,0.02,0.03,-0.01
0.0,-4.12,1.59,0.02,0.03,0.0
-0.11,-4.27,1.61,0.03,0.04,0.02
-0.13,-4.48,1.63,0.02,0.05,0.02
-0.06,-4.69,1.69,0.0,0.05,0.01
-0.19,-4.52,1.86,-0.01,0.06,0.0
-0.17,-4.44,1.86,-0.01,0.06,0.0
-0.1,-4.56,1.82,-0.01,0.06,0.0
-0.34,-4.73,1.9,-0.01,0.05,-0.0
-0.34,-4.75,1.99,0.0,0.04,-0.01
-0.33,-4.67,2.07,0.02,0.02,-0.01
-0.25,-4.73,1.99,0.03,0.01,-0.01
-0.23,-4.73,1.93,0.04,0.01,-0.01
-0.17,-4.6,1.82,0.06,0.01,-0.01
-0.15,-4.46,1.76,0.06,0.01,-0.02
-0.13,-4.48,1.72,0.06,0.02,-0.01
-0.1,-4.37,1.74,0.05,0.02,-0.01
-0.13,-4.31,1.67,0.04,0.03,-0.01
-0.02,-4.39,1.74,0.04,0.03,-0.01
-0.02,-4.39,1.7,0.04,0.04,-0.0
-0.02,-4.41,1.84,0.04,0.04,-0.0
-0.1,-4.41,1.88,0.04,0.04,-0.0
-0.06,-4.42,1.78,0.03,0.03,0.0
-0.02,-4.5,1.84,0.02,0.03,0.0
-0.08,-4.44,1.9,0.01,0.03,0.0
0.0,-4.6,1.92,0.01,0.03,0.0
-0.1,-4.58,1.92,0.01,0.03,0.0
-0.1,-4.56,1.9,0.01,0.03,0.0
-0.02,-4.64,1.97,0.02,0.03,0.0
-0.06,-4.56,1.93,0.02,0.03,-0.0
0.0,-4.6,1.82,0.02,0.03,-0.0
-0.11,-4.54,1.88,0.03,0.03,-0.01
-0.08,-4.42,1.95,0.02,0.03,-0.01
-0.08,-4.48,1.82,0.02,0.03,-0.01
-0.06,-4.48,1.78,0.02,0.03,-0.01
-0.04,-4.54,1.8,0.02,0.03,-0.01
-0.06,-4.48,1.74,0.02,0.03,-0.01
-0.04,-4.54,1.78,0.02,0.03,-0.01
-0.04,-4.5,1.74,0.02,0.03,-0.01
-0.1,-4.44,1.82,0.02,0.03,-0.01
-0.1,-4.54,1.78,0.02,0.03,-0.01
-0.19,-4.46,1.84,0.02,0.03,-0.01
-0.08,-4.56,1.9,0.02,0.03,-0.01
-0.08,-4.62,1.8,0.02,0.03,-0.01
-0.19,-4.6,1.86,0.03,0.03,-0.01
-0.11,-4.71,1.86,0.03,0.03,-0.01
-0.17,-4.71,1.95,0.05,0.04,-0.01
-0.08,-4.79,2.05,0.06,0.03,-0.01
-0.11,-4.71,1.9,0.09,0.03,-0.01
-0.19,-4.6,1.88,0.11,0.04,-0.01
-0.36,-4.41,1.88,0.11,0.05,-0.0
-0.21,-4.46,1.86,0.1,0.04,-0.01
-0.31,-4.27,1.86,0.1,0.04,-0.01
-0.29,-4.23,1.8,0.09,0.04,-0.01
-0.21,-4.18,1.8,0.07,0.04,-0.01
-0.23,-4.16,1.76,0.05,0.04,-0.01
-0.23,-4.08,1.84,0.03,0.04,-0.01
-0.19,-4.27,1.78,0.02,0.04,-0.0
-0.1,-4.52,1.9,0.0,0.04,-0.0
-0.27,-4.56,1.88,0.0,0.04,-0.0
-0.21,-4.6,1.92,0.0,0.03,-0.01
-0.19,-4.71,2.03,0.01,0.03,-0.01
-0.13,-4.69,1.97,0.02,0.03,-0.01
-0.15,-4.67,2.03,0.03,0.03,-0.01
-0.19,-4.52,1.95,0.04,0.03,-0.01
-0.11,-4.48,1.9,0.04,0.03,-0.01
-0.15,-4.44,1.93,0.04,0.03,-0.01
-0.17,-4.37,1.9,0.04,0.03,-0.01
-0.13,-4.27,1.84,0.03,0.03,-0.01
-0.15,-4.29,1.9,0.02,0.04,-0.01
-0.02,-4.37,1.93,0.02,0.04,-0.01
-0.08,-4.41,1.92,0.02,0.04,-0.01
-0.13,-4.41,1.93,0.02,0.04,-0.01
-0.02,-4.42,1.86,0.02,0.04,-0.0
-0.04,-4.48,1.93,0.02,0.04,-0.0
-0.04,-4.46,1.88,0.02,0.04,-0.0
-0.06,-4.46,1.9,0.02,0.04,-0.01
-0.08,-4.46,1.93,0.02,0.04,-0.01
-0.1,-4.37,1.93,0.02,0.04,-0.01
-0.1,-4.44,2.03,0.02,0.03,-0.01
-0.08,-4.41,1.88,0.02,0.03,-0.01
-0.04,-4.39,1.93,0.01,0.03,-0.0
-0.06,-4.44,1.99,0.01,0.03,-0.0
-0.04,-4.54,1.99,0.01,0.03,-0.0
-0.08,-4.46,1.95,0.02,0.03,-0.0
-0.02,-4.44,1.93,0.02,0.03,-0.0
-0.13,-4.46,1.97,0.02,0.03,-0.0
-0.06,-4.52,1.93,0.02,0.03,-0.0
-0.11,-4.46,1.95,0.02,0.03,-0.0
-0.11,-4.48,1.99,0.02,0.03,-0.0
-0.15,-4.37,1.97,0.02,0.03,-0.0
-0.11,-4.35,2.03,0.02,0.03,-0.01
-0.11,-4.41,1.93,0.02,0.03,-0.01
-0.1,-4.42,1.95,0.01,0.03,-0.0
-0.13,-4.41,1.92,0.01,0.03,-0.0
-0.11,-4.41,1.9,0.01,0.03,-0.0
-0.08,-4.42,1.93,0.01,0.03,-0.0
-0.13,-4.37,1.93,0.0,0.03,-0.0
-0.13,-4.37,1.88,-0.0,0.03,0.0
-0.25,-4.33,1.99,-0.01,0.04,0.0
-0.13,-4.42,1.93,-0.01,0.04,0.0
-0.13,-4.41,1.93,-0.01,0.04,0.01
-0.15,-4.41,1.88,-0.01,0.04,0.01
-0.17,-4.46,2.07,-0.01,0.05,0.01
-0.13,-4.54,2.13,-0.0,0.05,0.01
-0.06,-4.69,2.07,0.02,0.04,0.01
-0.08,-4.71,2.07,0.04,0.03,0.0
-0.04,-4.64,2.01,0.05,0.03,0.0
-0.13,-4.6,2.01,0.06,0.03,-0.0
-0.19,-4.39,1.76,0.06,0.03,-0.0
-0.1,-4.08,1.84,0.03,0.03,-0.01
-0.04,-4.08,1.84,0.01,0.04,-0.01
-0.1,-4.1,1.72,-0.01,0.04,-0.01
-0.13,-4.18,1.84,-0.02,0.04,-0.0
-0.17,-4.31,1.95,-0.04,0.04,-0.0
-0.13,-4.56,1.99,-0.04,0.04,0.0
-0.15,-4.73,2.01,-0.02,0.03,0.0
-0.15,-4.79,2.11,0.0,0.03,0.0
-0.04,-4.94,2.07,0.03,0.03,0.0
0.04,-4.75,2.13,0.06,0.03,0.0
-0.1,-4.81,2.07,0.08,0.03,-0.0
-0.04,-4.71,2.01,0.11,0.03,-0.0
-0.13,-4.58,1.95,0.12,0.03,-0.0
-0.08,-4.41,1.97,0.12,0.02,-0.01
-0.15,-4.25,1.95,0.11,0.03,-0.01
-0.15,-4.16,1.93,0.1,0.03,-0.01
-0.15,-4.0,1.93,0.08,0.03,-0.01
-0.15,-4.02,1.92,0.05,0.03,-0.0
-0.04,-4.16,2.01,0.03,0.03,0.0
-0.13,-4.23,2.07,0.02,0.04,0.0
-0.13,-4.41,2.05,0.02,0.03,-0.0
-0.19,-4.39,2.03,0.02,0.03,-0.0
-0.25,-4.44,2.03,0.02,0.03,-0.0
-0.15,-4.39,2.09,0.02,0.03,-0.0
-0.15,-4.44,2.09,0.01,0.03,-0.0
-0.11,-4.42,2.05,0.01,0.04,-0.0
-0.13,-4.31,1.99,0.01,0.04,-0.0
-0.11,-4.25,2.05,0.0,0.04,-0.0
-0.08,-4.27,2.01,0.0,0.04,0.0
-0.15,-4.31,2.03,-0.0,0.04,0.0
-0.17,-4.31,2.07,-0.01,0.04,0.01
-0.08,-4.41,2.11,-0.01,0.04,0.01
-0.08,-4.42,2.05,-0.01,0.04,0.01
-0.02,-4.48,2.05,-0.01,0.03,0.01
-0.11,-4.46,2.13,-0.01,0.03,0.01
-0.02,-4.41,2.03,-0.01,0.03,0.01
-0.02,-4.42,1.99,-0.01,0.03,0.01
0.0,-4.39,2.05,-0.01,0.03,0.01
-0.06,-4.41,2.07,-0.01,0.03,0.01
0.0,-4.46,2.03,-0.01,0.03,0.01
0.02,-4.42,2.05,-0.01,0.03,0.0
-0.04,-4.42,2.07,-0.0,0.04,0.0
0.0,-4.41,2.09,-0.0,0.04,0.0
-0.02,-4.42,2.01,-0.0,0.04,-0.0
0.0,-4.41,1.99,-0.0,0.04,-0.0
0.0,-4.37,1.99,-0.0,0.04,-0.0
0.0,-4.46,1.99,-0.0,0.04,-0.0
0.0,-4.37,1.95,-0.01,0.04,-0.0
0.0,-4.37,1.99,-0.01,0.04,-0.0
-0.04,-4.35,2.03,-0.01,0.04,-0.0
-0.08,-4.37,2.07,-0.01,0.05,-0.0
-0.06,-4.41,2.03,-0.02,0.05,-0.0
-0.19,-4.39,1.9,-0.02,0.05,-0.0
-0.11,-4.39,2.01,-0.02,0.05,-0.0
-0.15,-4.41,1.97,-0.02,0.05,-0.0
-0.17,-4.42,2.01,-0.02,0.05,-0.01
-0.17,-4.46,1.97,-0.02,0.05,-0.01
-0.15,-4.44,1.93,-0.02,0.05,-0.01
-0.19,-4.44,1.95,-0.02,0.05,-0.01
-0.21,-4.48,1.97,-0.02,0.05,-0.01
-0.21,-4.46,1.99,-0.02,0.05,-0.01
-0.15,-4.48,1.99,-0.01,0.05,-0.01
-0.31,-4.37,1.97,-0.01,0.05,-0.01
-0.13,-4.5,2.09,-0.01,0.05,-0.01
-0.23,-4.39,2.01,-0.01,0.05,-0.01
-0.23,-4.41,2.03,-0.01,0.05,-0.01
-0.27,-4.44,2.11,-0.01,0.05,-0.01
-0.23,-4.44,2.01,-0.0,0.05,-0.01
-0.21,-4.41,1.97,-0.0,0.05,-0.01
-0.19,-4.42,2.03,-0.0,0.04,-0.01
-0.19,-4.37,1.97,-0.0,0.04,-0.01
-0.19,-4.44,1.99,-0.0,0.04,-0.01
-0.25,-4.37,1.95,-0.0,0.04,-0.01
-0.21,-4.42,2.05,-0.0,0.04,-0.01
-0.19,-4.39,1.97,-0.0,0.04,-0.01
-0.23,-4.41,1.97,-0.0,0.04,-0.01
-0.19,-4.42,2.01,-0.0,0.04,-0.01
-0.13,-4.37,1.95,-0.0,0.04,-0.01
-0.19,-4.39,2.03,-0.0,0.04,-0.01
-0.17,-4.39,1.97,-0.0,0.04,-0.01
-0.13,-4.46,1.95,-0.0,0.04,-0.01
-0.21,-4.41,2.03,-0.0,0.04,-0.01
-0.21,-4.48,1.97,-0.0,0.04,-0.01
-0.11,-4.44,1.97,-0.0,0.04,-0.01
-0.13,-4.44,2.03,-0.0,0.04,-0.01
-0.11,-4.46,2.03,0.0,0.04,-0.01
-0.13,-4.37,2.05,0.0,0.03,-0.01
-0.1,-4.48,2.01,0.0,0.04,-0.01
-0.15,-4.44,2.01,0.01,0.03,-0.01
-0.06,-4.46,1.99,0.01,0.03,-0.01
-0.1,-4.48,1.95,0.01,0.04,-0.01
-0.11,-4.42,1.99,0.01,0.03,-0.01
-0.08,-4.42,1.99,0.01,0.04,-0.01
-0.04,-4.5,1.92,0.01,0.03,-0.01
0.02,-4.41,1.99,0.01,0.03,-0.01
-0.02,-4.44,2.01,0.01,0.03,-0.0
-0.13,-4.31,1.82,0.01,0.03,-0.0
-0.04,-4.42,2.07,0.01,0.03,-0.01
-0.06,-4.42,2.07,0.01,0.04,-0.0
-0.04,-4.44,2.05,0.01,0.04,-0.0
