accX,accY,accZ,gyroX,gyroY,gyroZ
0.06,-4.62,1.34,-0.01,0.04,-0.0
0.02,-4.64,1.32,-0.01,0.04,-0.0
0.04,-4.65,1.36,-0.01,0.04,-0.0
0.08,-4.65,1.34,-0.0,0.03,-0.0
0.23,-4.87,1.28,-0.0,0.03,-0.0
0.1,-4.64,1.26,-0.0,0.04,-0.0
0.1,-4.62,1.24,-0.0,0.03,-0.0
0.1,-4.6,1.3,-0.0,0.03,-0.0
0.06,-4.62,1.24,0.0,0.03,-0.0
0.13,-4.6,1.3,0.0,0.03,-0.0
0.08,-4.6,1.3,0.0,0.03,-0.0
0.1,-4.6,1.3,0.0,0.03,-0.0
0.13,-4.65,1.3,0.0,0.03,-0.0
0.08,-4.6,1.38,0.0,0.03,-0.0
0.13,-4.6,1.28,0.0,0.03,-0.0
0.11,-4.64,1.36,0.0,0.03,-0.0
0.13,-4.6,1.28,0.0,0.03,-0.0
0.1,-4.5,1.36,-0.0,0.03,-0.0
0.11,-4.6,1.36,-0.0,0.03,-0.0
0.11,-4.58,1.36,-0.0,0.03,-0.0
0.13,-4.56,1.34,-0.01,0.03,-0.0
0.1,-4.56,1.42,-0.01,0.03,0.0
0.27,-4.42,1.38,-0.01,0.03,-0.0
0.15,-4.44,1.36,-0.01,0.03,0.0
0.08,-4.77,1.3,-0.0,0.03,0.0
0.21,-4.52,1.38,-0.0,0.03,0.0
0.17,-4.77,1.13,-0.01,0.03,0.0
0.06,-4.79,1.47,-0.01,0.03,0.0
0.17,-4.58,1.44,-0.0,0.03,-0.0
0.23,-4.65,1.36,-0.01,0.03,0.0
0.1,-4.56,1.36,-0.0,0.03,0.0
0.25,-4.69,1.44,-0.0,0.03,0.0
0.0,-4.67,1.36,-0.0,0.03,0.0
0.21,-4.64,1.38,-0.0,0.03,0.0
0.02,-4.65,1.21,-0.0,0.03,0.0
0.25,-4.65,1.63,-0.0,0.02,0.0
0.11,-4.56,1.28,-0.01,0.02,-0.0
0.17,-4.52,1.28,-0.01,0.03,0.0
-0.13,-4.44,1.4,-0.01,0.03,-0.0
0.11,-4.56,1.21,-0.01,0.03,-0.0
0.15,-4.64,1.36,-0.01,0.03,-0.0
0.13,-4.56,1.24,-0.01,0.03,-0.0
0.1,-4.64,1.3,-0.02,0.03,-0.0
0.08,-4.62,1.34,-0.02,0.03,-0.0
0.13,-4.64,1.36,-0.01,0.03,-0.0
0.11,-4.69,1.42,-0.01,0.03,-0.0
0.11,-4.67,1.38,-0.01,0.03,-0.0
0.1,-4.62,1.3,-0.01,0.03,-0.0
0.1,-4.65,1.21,-0.01,0.03,-0.0
0.06,-4.6,1.26,-0.01,0.03,0.0
0.11,-4.64,1.34,-0.01,0.03,0.0
0.11,-4.56,1.28,-0.01,0.03,0.0
0.06,-4.58,1.24,-0.01,0.03,0.0
0.08,-4.56,1.3,-0.01,0.03,0.0
0.11,-4.6,1.36,-0.01,0.03,-0.0
0.11,-4.6,1.3,-0.01,0.03,0.0
0.08,-4.65,1.38,-0.01,0.03,-0.0
0.15,-4.62,1.32,-0.01,0.03,0.0
0.13,-4.54,1.28,-0.01,0.03,-0.0
0.1,-4.62,1.32,-0.02,0.03,-0.0
0.13,-4.64,1.28,-0.02,0.03,-0.0
0.11,-4.64,1.28,-0.02,0.03,-0.0
0.1,-4.65,1.32,-0.01,0.03,-0.0
0.15,-4.69,1.3,-0.01,0.03,-0.0
0.1,-4.67,1.32,-0.01,0.03,-0.0
0.13,-4.65,1.24,-0.01,0.03,-0.0
0.1,-4.65,1.34,-0.01,0.03,-0.0
0.15,-4.62,1.23,-0.01,0.03,-0.0
0.1,-4.64,1.32,-0.01,0.03,-0.0
0.08,-4.58,1.34,-0.01,0.03,-0.0
0.04,-4.62,1.32,-0.01,0.03,-0.0
0.11,-4.65,1.3,-0.01,0.03,-0.0
0.06,-4.62,1.34,-0.01,0.03,-0.0
0.08,-4.64,1.34,-0.01,0.03,-0.0
0.11,-4.58,1.32,-0.01,0.03,-0.0
0.13,-4.58,1.3,-0.01,0.03,-0.0
0.08,-4.62,1.28,-0.01,0.03,-0.0
0.1,-4.62,1.32,-0.01,0.03,-0.0
0.1,-4.62,1.34,-0.01,0.03,-0.0
0.08,-4.56,1.28,-0.01,0.03,-0.0
0.1,-4.65,1.34,-0.01,0.03,-0.0
0.13,-4.62,1.32,-0.01,0.03,0.0
0.08,-4.69,1.3,-0.01,0.03,-0.0
0.08,-4.67,1.28,-0.01,0.03,0.0
0.1,-4.64,1.36,-0.01,0.03,0.0
0.1,-4.67,1.3,-0.01,0.03,0.0
0.08,-4.62,1.32,-0.01,0.03,-0.0
0.1,-4.65,1.28,-0.0,0.03,-0.0
0.11,-4.65,1.23,-0.0,0.03,-0.0
0.08,-4.6,1.23,-0.0,0.03,-0.0
0.08,-4.64,1.26,-0.0,0.03,-0.0
0.13,-4.6,1.23,-0.0,0.03,-0.0
0.1,-4.67,1.24,-0.0,0.03,-0.01
0.1,-4.67,1.34,0.0,0.03,-0.0
0.11,-4.65,1.26,0.0,0.03,-0.0
0.13,-4.65,1.3,0.0,0.04,-0.0
0.08,-4.64,1.36,0.0,0.04,-0.0
0.11,-4.6,1.28,0.0,0.04,-0.0
0.11,-4.69,1.28,0.0,0.04,-0.0
0.11,-4.6,1.28,0.0,0.04,-0.0
0.13,-4.71,1.28,0.0,0.04,-0.0
0.1,-4.67,1.26,0.0,0.03,-0.0
0.08,-4.64,1.26,0.0,0.03,-0.01
0.1,-4.65,1.3,0.0,0.03,-0.0
0.1,-4.62,1.3,0.0,0.03,-0.01
0.08,-4.62,1.3,0.0,0.03,-0.0
0.08,-4.65,1.28,0.01,0.03,-0.01
0.1,-4.6,1.21,0.01,0.03,-0.0
0.11,-4.6,1.24,0.01,0.03,-0.01
0.1,-4.67,1.28,0.01,0.03,-0.0
0.06,-4.56,1.3,0.01,0.03,-0.01
0.08,-4.62,1.26,0.01,0.03,-0.0
0.1,-4.64,1.34,0.01,0.03,-0.0
0.13,-4.62,1.3,0.01,0.03,-0.0
0.08,-4.67,1.3,0.01,0.03,-0.0
0.15,-4.65,1.3,0.01,0.03,-0.0
0.08,-4.62,1.3,0.01,0.03,-0.0
0.15,-4.6,1.26,0.01,0.03,-0.0
0.11,-4.64,1.32,0.01,0.03,-0.0
0.06,-4.56,1.32,0.01,0.03,-0.0
0.13,-4.65,1.34,0.01,0.03,-0.0
0.1,-4.62,1.36,0.01,0.03,-0.0
0.08,-4.6,1.34,0.01,0.03,-0.0
0.08,-4.62,1.3,0.01,0.03,-0.0
0.1,-4.58,1.3,0.01,0.03,-0.0
0.15,-4.64,1.32,0.01,0.03,-0.0
0.08,-4.6,1.36,0.01,0.03,-0.0
0.13,-4.6,1.42,0.01,0.03,-0.0
0.11,-4.62,1.28,0.01,0.03,-0.0
0.1,-4.56,1.34,0.01,0.03,-0.0
0.1,-4.58,1.36,0.01,0.03,-0.0
0.13,-4.5,1.36,0.01,0.03,-0.0
0.11,-4.56,1.38,0.01,0.03,-0.0
0.1,-4.52,1.4,0.0,0.03,-0.0
0.11,-4.64,1.42,0.0,0.03,-0.01
0.13,-4.48,1.34,-0.0,0.03,-0.0
0.11,-4.54,1.36,-0.0,0.03,-0.01
0.08,-4.54,1.3,-0.0,0.03,-0.0
0.1,-4.56,1.36,-0.01,0.03,-0.0
0.11,-4.58,1.4,-0.01,0.03,-0.0
0.1,-4.62,1.34,-0.01,0.03,-0.0
0.11,-4.6,1.34,-0.01,0.03,-0.0
0.17,-4.58,1.32,-0.01,0.03,-0.0
0.13,-4.64,1.34,-0.01,0.03,-0.0
0.11,-4.6,1.28,-0.01,0.03,-0.0
0.13,-4.62,1.36,-0.0,0.03,0.0
0.13,-4.64,1.34,-0.0,0.03,0.0
0.13,-4.64,1.34,-0.0,0.03,0.0
0.17,-4.58,1.32,-0.0,0.03,-0.0
0.17,-4.58,1.34,-0.0,0.03,0.0
0.11,-4.56,1.32,-0.0,0.03,-0.0
0.1,-4.6,1.34,-0.0,0.03,0.0
0.15,-4.62,1.34,-0.01,0.03,0.0
0.11,-4.56,1.3,-0.01,0.03,0.0
0.1,-4.56,1.34,-0.01,0.03,-0.0
0.1,-4.58,1.36,-0.01,0.03,0.0
0.1,-4.56,1.38,-0.01,0.03,-0.0
0.1,-4.6,1.38,-0.01,0.03,0.0
0.1,-4.64,1.3,-0.01,0.03,0.0
0.1,-4.65,1.38,-0.0,0.03,0.0
0.1,-4.64,1.36,-0.0,0.03,0.0
0.11,-4.62,1.34,-0.0,0.03,0.0
0.06,-4.64,1.28,0.0,0.03,0.0
0.11,-4.62,1.34,0.0,0.03,0.0
0.15,-4.67,1.36,0.0,0.03,0.0
0.08,-4.58,1.32,0.0,0.03,0.0
0.13,-4.58,1.26,0.0,0.03,0.0
0.15,-4.58,1.34,-0.0,0.03,0.0
0.08,-4.58,1.32,-0.0,0.03,0.0
0.11,-4.58,1.36,-0.0,0.03,0.0
0.11,-4.62,1.34,-0.01,0.03,0.0
0.13,-4.64,1.3,-0.0,0.03,0.0
0.06,-4.58,1.34,-0.01,0.03,0.0
0.1,-4.62,1.38,-0.0,0.03,0.0
0.15,-4.64,1.36,-0.0,0.03,0.0
0.17,-4.65,1.32,-0.0,0.03,0.0
0.06,-4.62,1.32,-0.0,0.03,0.0
0.04,-4.64,1.34,-0.0,0.03,0.0
0.11,-4.64,1.36,-0.0,0.03,0.0
0.08,-4.64,1.26,-0.0,0.03,0.0
0.11,-4.62,1.32,-0.0,0.03,0.0
0.1,-4.58,1.38,-0.0,0.03,0.0
0.13,-4.58,1.26,-0.0,0.03,0.0
0.13,-4.56,1.34,-0.0,0.03,0.0
0.1,-4.58,1.36,-0.0,0.03,0.0
0.17,-4.6,1.36,-0.0,0.03,0.0
0.11,-4.6,1.32,-0.0,0.03,0.0
0.11,-4.58,1.36,-0.01,0.03,0.0
0.1,-4.6,1.36,-0.01,0.03,0.0
0.11,-4.67,1.34,-0.01,0.03,0.0
0.08,-4.58,1.38,-0.01,0.03,0.0
0.06,-4.54,1.34,-0.01,0.03,0.0
0.11,-4.65,1.38,-0.01,0.03,0.0
0.13,-4.6,1.34,-0.01,0.03,0.0
0.15,-4.67,1.36,-0.01,0.03,0.0
0.11,-4.6,1.32,-0.01,0.03,0.0
0.13,-4.62,1.3,-0.0,0.03,0.0
0.13,-4.58,1.38,-0.0,0.03,0.0
0.17,-4.62,1.34,-0.0,0.03,0.0
0.1,-4.56,1.36,-0.0,0.03,0.0
0.1,-4.54,1.32,-0.0,0.03,0.0
0.15,-4.56,1.28,-0.0,0.03,0.0
0.15,-4.58,1.34,-0.0,0.03,0.0
0.15,-4.54,1.34,-0.0,0.03,0.0
0.11,-4.58,1.34,-0.01,0.03,-0.0
0.06,-4.56,1.34,-0.01,0.03,0.0
0.1,-4.6,1.42,-0.01,0.03,0.0
0.06,-4.6,1.38,-0.01,0.03,0.0
0.1,-4.64,1.34,-0.01,0.03,-0.0
0.1,-4.64,1.34,-0.01,0.03,0.0
0.11,-4.67,1.4,-0.01,0.03,-0.0
0.06,-4.64,1.34,-0.01,0.04,0.0
0.08,-4.62,1.34,-0.01,0.03,0.0
0.13,-4.65,1.36,-0.01,0.03,0.0
0.11,-4.62,1.34,-0.0,0.03,0.0
0.06,-4.62,1.34,-0.0,0.03,0.0
0.1,-4.54,1.36,-0.0,0.03,-0.0
0.13,-4.62,1.34,-0.0,0.03,-0.0
0.1,-4.58,1.4,-0.0,0.03,-0.0
0.1,-4.58,1.4,-0.0,0.03,-0.0
0.1,-4.56,1.32,-0.0,0.03,-0.0
0.13,-4.6,1.32,-0.01,0.03,0.0
0.08,-4.6,1.36,-0.01,0.03,-0.0
0.13,-4.58,1.38,-0.01,0.03,0.0
0.13,-4.62,1.38,-0.01,0.03,-0.0
0.13,-4.64,1.32,-0.01,0.03,0.0
0.1,-4.64,1.32,-0.01,0.03,-0.0
0.1,-4.67,1.3,-0.01,0.03,-0.0
0.11,-4.6,1.3,-0.01,0.03,-0.0
0.11,-4.56,1.32,-0.0,0.03,0.0
0.1,-4.64,1.32,-0.0,0.03,-0.0
0.11,-4.62,1.32,-0.0,0.03,-0.0
0.11,-4.56,1.36,-0.01,0.03,-0.0
0.1,-4.58,1.28,-0.01,0.03,-0.0
0.1,-4.64,1.34,-0.01,0.03,-0.0
0.06,-4.6,1.3,-0.01,0.03,-0.0
0.06,-4.56,1.34,-0.01,0.03,-0.0
0.1,-4.56,1.38,-0.01,0.03,-0.0
0.13,-4.64,1.38,-0.01,0.03,-0.0
0.11,-4.58,1.36,-0.01,0.03,0.0
0.1,-4.62,1.42,-0.01,0.03,-0.0
0.08,-4.58,1.32,-0.01,0.03,0.0
0.1,-4.67,1.34,-0.01,0.03,-0.0
0.15,-4.62,1.32,-0.01,0.03,-0.0
0.15,-4.62,1.38,-0.01,0.03,-0.0
0.13,-4.65,1.36,-0.01,0.03,-0.0
0.15,-4.6,1.3,-0.01,0.03,-0.0
0.08,-4.62,1.36,-0.0,0.03,-0.0
0.06,-4.54,1.38,-0.01,0.03,-0.0
0.06,-4.6,1.38,-0.0,0.03,-0.0
0.11,-4.62,1.32,-0.01,0.03,-0.0
0.08,-4.58,1.26,-0.01,0.03,-0.0
0.06,-4.62,1.36,-0.01,0.03,-0.0
0.1,-4.64,1.36,-0.01,0.03,-0.0
0.11,-4.65,1.36,-0.01,0.03,-0.0
0.1,-4.62,1.36,-0.01,0.03,-0.0
0.15,-4.67,1.4,-0.0,0.03,-0.0
0.06,-4.56,1.34,-0.0,0.03,0.0
0.1,-4.64,1.26,-0.0,0.03,-0.0
0.06,-4.64,1.3,-0.0,0.03,0.0
0.1,-4.6,1.34,-0.0,0.03,0.0
0.06,-4.6,1.32,-0.0,0.03,-0.0
0.1,-4.58,1.34,-0.0,0.03,-0.0
0.08,-4.6,1.38,-0.0,0.03,-0.0
0.11,-4.64,1.36,0.0,0.03,-0.0
0.06,-4.64,1.38,0.0,0.03,-0.0
0.08,-4.6,1.3,0.0,0.03,-0.0
0.06,-4.58,1.32,0.0,0.03,-0.0
0.06,-4.62,1.32,0.0,0.03,-0.0
0.11,-4.62,1.34,0.0,0.03,-0.0
0.08,-4.58,1.28,0.0,0.03,-0.0
0.13,-4.54,1.3,0.0,0.03,-0.0
0.1,-4.56,1.36,-0.0,0.03,-0.0
0.11,-4.62,1.38,-0.0,0.03,-0.0
0.11,-4.64,1.34,-0.0,0.03,-0.0
0.13,-4.56,1.34,-0.0,0.03,-0.0
0.11,-4.58,1.3,-0.0,0.03,-0.0
0.08,-4.56,1.32,-0.0,0.03,-0.0
0.13,-4.64,1.34,-0.0,0.03,-0.0
0.17,-4.62,1.36,-0.0,0.03,-0.0
0.11,-4.62,1.26,-0.0,0.03,-0.0
0.15,-4.65,1.32,-0.0,0.03,-0.0
0.13,-4.6,1.38,-0.0,0.03,-0.0
0.13,-4.62,1.38,-0.0,0.03,-0.0
0.06,-4.58,1.36,-0.0,0.03,-0.0
0.08,-4.62,1.36,0.0,0.03,-0.0
0.08,-4.62,1.44,0.0,0.03,-0.0
0.06,-4.58,1.34,0.0,0.03,-0.0
0.1,-4.58,1.38,0.0,0.03,-0.0
0.08,-4.6,1.32,0.0,0.03,-0.0
0.1,-4.54,1.38,-0.0,0.03,-0.0
0.1,-4.54,1.36,-0.0,0.03,-0.0
0.08,-4.5,1.44,-0.0,0.03,-0.0
0.1,-4.58,1.3,-0.0,0.04,-0.0
0.1,-4.64,1.3,-0.0,0.04,-0.0
0.13,-4.56,1.3,-0.01,0.04,-0.0
0.13,-4.6,1.38,-0.0,0.03,-0.0
0.15,-4.65,1.34,-0.01,0.03,-0.0
0.08,-4.56,1.38,-0.01,0.03,-0.0
0.13,-4.6,1.36,-0.01,0.03,-0.0
0.11,-4.6,1.28,-0.01,0.03,-0.0
0.11,-4.58,1.32,-0.01,0.03,-0.0
0.11,-4.58,1.4,-0.01,0.03,-0.0
0.11,-4.67,1.34,-0.01,0.03,-0.0
0.1,-4.62,1.32,-0.01,0.03,0.0
0.11,-4.6,1.34,-0.01,0.03,0.0
0.1,-4.62,1.34,-0.0,0.03,0.0
0.1,-4.6,1.3,-0.0,0.03,0.0
0.11,-4.56,1.34,0.0,0.03,0.0
0.1,-4.58,1.38,0.0,0.03,-0.0
0.08,-4.56,1.34,0.0,0.03,-0.0
0.15,-4.54,1.3,-0.0,0.03,-0.0
0.11,-4.56,1.32,-0.0,0.03,-0.0
0.08,-4.62,1.38,-0.0,0.03,-0.0
0.11,-4.65,1.24,-0.01,0.03,-0.0
0.13,-4.62,1.34,-0.01,0.03,-0.0
0.11,-4.64,1.38,-0.01,0.03,-0.0
0.13,-4.62,1.3,-0.01,0.03,-0.0
0.13,-4.62,1.36,-0.01,0.03,-0.0
0.1,-4.64,1.34,-0.01,0.03,-0.0
0.11,-4.64,1.34,-0.0,0.03,-0.0
0.08,-4.6,1.36,-0.0,0.03,-0.0
0.11,-4.64,1.36,-0.0,0.03,-0.0
0.1,-4.56,1.36,-0.0,0.03,-0.0
0.06,-4.62,1.4,-0.0,0.03,-0.0
0.11,-4.64,1.36,-0.0,0.03,-0.0
0.1,-4.62,1.34,-0.0,0.03,-0.0
0.11,-4.6,1.34,-0.0,0.03,-0.0
0.13,-4.56,1.36,-0.01,0.03,-0.0
0.15,-4.52,1.36,-0.01,0.03,-0.0
0.11,-4.54,1.32,-0.01,0.03,-0.0
0.08,-4.56,1.42,-0.01,0.03,-0.0
0.15,-4.56,1.36,-0.01,0.03,0.0
0.13,-4.6,1.4,-0.01,0.03,-0.0
0.13,-4.54,1.36,-0.01,0.03,0.0
0.15,-4.54,1.38,-0.01,0.03,-0.0
0.13,-4.6,1.36,-0.01,0.03,0.0
0.08,-4.6,1.38,-0.01,0.03,-0.0
0.13,-4.64,1.4,-0.01,0.03,-0.0
0.1,-4.65,1.36,-0.01,0.03,-0.0
0.08,-4.6,1.36,-0.01,0.03,-0.0
0.08,-4.58,1.36,-0.01,0.03,-0.0
0.1,-4.62,1.4,-0.01,0.03,-0.0
0.06,-4.62,1.38,-0.01,0.03,-0.0
0.11,-4.64,1.32,-0.01,0.03,-0.0
0.1,-4.62,1.36,-0.01,0.03,-0.0
0.11,-4.58,1.34,-0.01,0.03,-0.0
0.06,-4.56,1.38,-0.01,0.03,-0.0
0.08,-4.6,1.36,-0.01,0.03,-0.0
0.08,-4.54,1.3,-0.01,0.03,-0.01
0.0,-4.58,1.42,-0.01,0.03,-0.0
0.08,-4.56,1.34,-0.01,0.03,-0.01
0.1,-4.65,1.34,-0.01,0.03,-0.0
0.04,-4.58,1.38,-0.01,0.03,-0.0
0.02,-4.62,1.42,-0.01,0.03,-0.0
0.08,-4.58,1.32,-0.01,0.03,-0.0
0.06,-4.52,1.32,-0.01,0.03,-0.0
0.13,-4.58,1.36,-0.01,0.03,-0.01
0.1,-4.62,1.36,-0.01,0.03,-0.0
0.1,-4.58,1.34,-0.01,0.03,-0.01
0.1,-4.62,1.4,-0.01,0.03,-0.0
0.11,-4.58,1.36,-0.01,0.03,-0.01
0.15,-4.64,1.36,-0.01,0.03,-0.01
0.08,-4.6,1.36,-0.01,0.03,-0.01
0.1,-4.6,1.34,-0.01,0.03,-0.01
0.17,-4.62,1.36,-0.01,0.03,-0.01
0.11,-4.54,1.36,-0.01,0.03,-0.0
0.15,-4.58,1.34,-0.01,0.03,-0.01
0.13,-4.56,1.32,-0.01,0.03,-0.0
0.17,-4.6,1.4,-0.02,0.03,-0.01
0.13,-4.56,1.38,-0.02,0.03,-0.01
0.13,-4.56,1.28,-0.02,0.03,-0.01
0.13,-4.58,1.32,-0.02,0.03,-0.0
0.1,-4.58,1.34,-0.02,0.03,-0.0
0.08,-4.6,1.32,-0.02,0.03,-0.0
0.11,-4.65,1.34,-0.02,0.03,-0.0
0.1,-4.6,1.34,-0.02,0.03,-0.0
0.1,-4.6,1.36,-0.02,0.03,-0.01
0.15,-4.58,1.3,-0.01,0.03,-0.01
0.15,-4.6,1.38,-0.01,0.03,-0.01
0.13,-4.6,1.44,-0.01,0.03,-0.0
0.48,-4.56,1.74,-0.01,0.03,-0.01
0.13,-4.62,1.34,-0.01,0.03,-0.0
0.1,-4.54,1.38,-0.01,0.03,-0.0
0.13,-4.56,1.34,-0.02,0.03,-0.0
0.13,-4.58,1.38,-0.02,0.03,-0.01
0.11,-4.6,1.38,-0.02,0.03,-0.0
0.15,-4.56,1.32,-0.02,0.04,-0.01
0.19,-4.58,1.28,-0.02,0.04,-0.01
0.15,-4.6,1.3,-0.02,0.03,-0.01
0.15,-4.56,1.34,-0.03,0.03,-0.01
0.17,-4.64,1.34,-0.03,0.04,-0.01
0.11,-4.64,1.38,-0.03,0.04,-0.01
0.1,-4.65,1.42,-0.03,0.04,-0.01
0.1,-4.64,1.34,-0.03,0.03,-0.01
0.11,-4.65,1.34,-0.02,0.03,-0.01
0.1,-4.62,1.34,-0.02,0.03,-0.01
0.08,-4.58,1.38,-0.02,0.03,-0.01
0.06,-4.6,1.38,-0.02,0.03,-0.01
0.06,-4.6,1.34,-0.02,0.03,-0.01
0.08,-4.6,1.32,-0.02,0.03,-0.01
0.11,-4.62,1.34,-0.02,0.03,-0.01
0.11,-4.64,1.36,-0.02,0.03,-0.0
0.08,-4.6,1.36,-0.02,0.03,-0.01
0.13,-4.6,1.3,-0.02,0.04,-0.0
0.1,-4.62,1.34,-0.02,0.04,-0.01
0.1,-4.58,1.3,-0.02,0.04,-0.0
0.11,-4.58,1.38,-0.02,0.04,-0.01
0.13,-4.58,1.28,-0.02,0.04,-0.0
0.15,-4.6,1.32,-0.02,0.04,-0.01
0.15,-4.6,1.34,-0.02,0.04,-0.0
0.15,-4.6,1.32,-0.02,0.04,-0.01
0.13,-4.6,1.3,-0.02,0.04,-0.0
0.17,-4.62,1.34,-0.02,0.04,-0.01
0.13,-4.64,1.28,-0.02,0.04,-0.0
0.13,-4.58,1.32,-0.02,0.04,-0.01
0.15,-4.64,1.34,-0.02,0.04,-0.01
0.08,-4.6,1.38,-0.02,0.03,-0.01
0.11,-4.6,1.28,-0.02,0.03,-0.01
0.13,-4.64,1.3,-0.02,0.03,-0.01
0.11,-4.62,1.34,-0.02,0.03,-0.01
0.1,-4.62,1.36,-0.02,0.03,-0.01
0.1,-4.56,1.36,-0.02,0.03,-0.01
0.13,-4.62,1.3,-0.02,0.03,-0.01
0.11,-4.6,1.34,-0.02,0.04,-0.0
0.1,-4.6,1.34,-0.02,0.04,-0.01
0.11,-4.6,1.36,-0.02,0.04,-0.01
0.13,-4.6,1.28,-0.02,0.04,-0.01
0.11,-4.58,1.32,-0.02,0.04,-0.01
0.13,-4.6,1.28,-0.02,0.04,-0.01
0.11,-4.6,1.3,-0.02,0.04,-0.0
0.13,-4.62,1.34,-0.02,0.04,-0.01
0.13,-4.6,1.38,-0.01,0.04,-0.01
0.08,-4.54,1.34,-0.01,0.04,-0.01
0.11,-4.6,1.36,-0.01,0.04,-0.01
0.13,-4.65,1.36,-0.01,0.04,-0.01
0.11,-4.64,1.34,-0.01,0.04,-0.01
0.15,-4.6,1.3,-0.01,0.04,-0.01
0.11,-4.64,1.28,-0.01,0.04,-0.01
0.13,-4.65,1.3,-0.01,0.04,-0.01
0.11,-4.64,1.34,-0.01,0.04,-0.01
0.17,-4.62,1.24,-0.01,0.04,-0.01
0.15,-4.58,1.32,-0.01,0.04,-0.01
0.15,-4.52,1.36,-0.01,0.04,-0.01
0.11,-4.56,1.24,-0.01,0.04,-0.01
0.1,-4.56,1.32,-0.02,0.04,-0.01
0.13,-4.62,1.32,-0.02,0.04,-0.0
0.1,-4.58,1.36,-0.02,0.04,-0.0
0.11,-4.62,1.28,-0.02,0.04,-0.0
0.1,-4.6,1.26,-0.02,0.04,-0.0
0.11,-4.54,1.3,-0.02,0.04,-0.0
0.13,-4.64,1.34,-0.02,0.04,-0.0
0.1,-4.6,1.32,-0.02,0.04,-0.0
0.13,-4.64,1.28,-0.02,0.03,-0.0
0.13,-4.58,1.28,-0.02,0.03,-0.0
0.11,-4.56,1.34,-0.02,0.03,-0.0
0.11,-4.58,1.3,-0.03,0.03,-0.0
0.11,-4.58,1.34,-0.03,0.03,-0.01
0.15,-4.6,1.32,-0.02,0.03,-0.0
0.11,-4.64,1.34,-0.02,0.03,-0.01
0.17,-4.65,1.4,-0.02,0.03,-0.0
0.08,-4.56,1.28,-0.02,0.04,-0.01
0.1,-4.6,1.34,-0.02,0.04,-0.01
0.11,-4.65,1.32,-0.02,0.04,-0.01
0.06,-4.64,1.3,-0.02,0.04,-0.01
0.11,-4.65,1.32,-0.02,0.04,-0.01
0.1,-4.64,1.32,-0.02,0.04,-0.01
0.13,-4.69,1.32,-0.02,0.04,-0.01
0.15,-4.67,1.26,-0.02,0.04,-0.01
0.13,-4.64,1.26,-0.02,0.04,-0.01
0.13,-4.6,1.32,-0.01,0.04,-0.0
0.13,-4.64,1.32,-0.01,0.04,-0.0
0.13,-4.64,1.3,-0.01,0.04,-0.0
0.15,-4.6,1.3,-0.01,0.04,-0.0
0.15,-4.6,1.32,-0.01,0.04,-0.0
0.13,-4.56,1.28,-0.02,0.04,-0.0
0.15,-4.58,1.34,-0.02,0.03,-0.0
0.11,-4.58,1.28,-0.02,0.03,-0.0
0.19,-4.56,1.28,-0.02,0.03,-0.0
0.08,-4.6,1.28,-0.02,0.03,-0.0
0.08,-4.62,1.26,-0.02,0.03,-0.0
0.15,-4.6,1.26,-0.02,0.03,-0.0
0.1,-4.64,1.3,-0.02,0.03,-0.0
0.13,-4.67,1.23,-0.02,0.03,-0.0
0.15,-4.64,1.3,-0.02,0.03,-0.0
0.15,-4.65,1.24,-0.02,0.03,-0.0
0.17,-4.64,1.38,-0.02,0.03,-0.0
0.11,-4.64,1.32,-0.02,0.03,-0.0
0.17,-4.69,1.26,-0.02,0.03,-0.0
0.15,-4.64,1.28,-0.01,0.03,-0.0
0.11,-4.6,1.26,-0.01,0.04,-0.0
0.11,-4.69,1.34,-0.01,0.04,-0.0
0.13,-4.65,1.26,-0.01,0.04,-0.0
0.15,-4.6,1.32,-0.01,0.04,-0.0
0.13,-4.69,1.32,-0.01,0.04,-0.0
0.15,-4.64,1.32,-0.01,0.04,-0.0
0.13,-4.65,1.3,-0.01,0.04,-0.0
0.08,-4.6,1.34,-0.01,0.04,-0.0
0.11,-4.69,1.24,-0.01,0.04,-0.0
0.19,-4.62,1.26,-0.01,0.04,-0.01
0.11,-4.54,1.28,-0.01,0.03,-0.0
0.13,-4.56,1.23,-0.01,0.03,-0.01
0.13,-4.56,1.3,-0.01,0.03,-0.0
0.1,-4.6,1.3,-0.02,0.03,-0.0
0.11,-4.6,1.32,-0.02,0.03,-0.0
0.08,-4.62,1.28,-0.02,0.03,-0.0
0.15,-4.65,1.3,-0.02,0.03,-0.0
0.11,-4.62,1.34,-0.02,0.03,-0.0
0.11,-4.67,1.28,-0.02,0.03,-0.0
0.1,-4.67,1.23,-0.02,0.03,-0.0
0.1,-4.62,1.32,-0.02,0.03,-0.0
0.06,-4.58,1.26,-0.02,0.03,-0.0
0.13,-4.62,1.32,-0.02,0.03,-0.0
0.1,-4.64,1.28,-0.02,0.03,-0.0
0.11,-4.62,1.32,-0.01,0.04,-0.0
0.17,-4.62,1.26,-0.02,0.04,-0.0
0.17,-4.62,1.21,-0.02,0.04,-0.0
0.15,-4.62,1.26,-0.02,0.04,-0.0
0.08,-4.62,1.32,-0.02,0.03,-0.0
0.15,-4.62,1.3,-0.02,0.03,-0.0
0.17,-4.64,1.24,-0.02,0.03,-0.0
0.17,-4.65,1.3,-0.02,0.03,-0.0
0.11,-4.64,1.19,-0.02,0.03,-0.0
0.13,-4.6,1.21,-0.02,0.03,-0.0
0.17,-4.6,1.24,-0.02,0.03,-0.0
0.15,-4.62,1.19,-0.02,0.03,-0.0
0.13,-4.64,1.32,-0.02,0.03,-0.0
0.13,-4.64,1.3,-0.02,0.03,-0.0
0.11,-4.67,1.26,-0.02,0.03,-0.0
0.1,-4.69,1.26,-0.02,0.03,-0.0
0.15,-4.65,1.3,-0.02,0.03,-0.0
0.1,-4.6,1.24,-0.02,0.03,-0.0
0.13,-4.64,1.26,-0.02,0.03,-0.0
0.13,-4.69,1.3,-0.01,0.03,-0.0
0.11,-4.62,1.28,-0.01,0.03,-0.0
0.08,-4.69,1.21,-0.01,0.03,-0.0
0.11,-4.62,1.23,-0.01,0.03,-0.0
0.08,-4.62,1.23,-0.01,0.03,-0.0
0.13,-4.64,1.3,-0.01,0.03,-0.0
0.15,-4.65,1.23,-0.01,0.03,-0.0
0.15,-4.62,1.24,-0.01,0.03,-0.0
0.11,-4.62,1.26,-0.01,0.03,-0.0
0.1,-4.62,1.21,-0.01,0.03,-0.0
0.13,-4.62,1.32,-0.01,0.03,-0.0
0.17,-4.67,1.21,-0.01,0.03,-0.0
0.13,-4.62,1.24,-0.01,0.03,-0.0
0.1,-4.62,1.24,-0.01,0.03,-0.0
0.11,-4.64,1.24,-0.01,0.03,0.0
0.11,-4.6,1.3,-0.01,0.03,0.0
0.11,-4.65,1.26,-0.01,0.03,0.0
0.11,-4.6,1.28,-0.01,0.03,0.0
0.11,-4.6,1.26,-0.01,0.03,0.0
0.08,-4.56,1.23,-0.01,0.03,-0.0
0.13,-4.62,1.28,-0.01,0.03,-0.0
0.15,-4.58,1.3,-0.01,0.03,-0.0
0.1,-4.64,1.26,-0.01,0.03,-0.0
0.13,-4.64,1.28,-0.01,0.03,-0.0
0.1,-4.62,1.3,-0.01,0.03,-0.0
0.13,-4.69,1.28,-0.01,0.03,0.0
0.15,-4.65,1.3,-0.01,0.03,0.0
0.15,-4.65,1.26,-0.01,0.03,0.0
0.13,-4.64,1.26,-0.0,0.03,0.0
0.11,-4.69,1.26,-0.0,0.03,0.0
0.11,-4.64,1.24,0.0,0.03,0.0
0.13,-4.65,1.26,0.0,0.03,0.0
0.11,-4.69,1.17,0.0,0.03,0.0
0.11,-4.56,1.32,-0.0,0.03,0.0
0.11,-4.58,1.26,-0.0,0.03,0.0
0.1,-4.62,1.32,-0.0,0.03,0.0
0.1,-4.58,1.32,-0.0,0.03,0.0
0.11,-4.64,1.3,-0.0,0.03,0.0
0.19,-4.6,1.32,-0.01,0.03,0.0
0.13,-4.58,1.34,-0.01,0.03,0.0
0.11,-4.58,1.24,-0.01,0.03,0.0
0.1,-4.62,1.28,-0.01,0.03,0.0
0.15,-4.64,1.26,-0.0,0.03,0.0
0.1,-4.65,1.36,-0.0,0.03,0.0
0.13,-4.62,1.21,-0.0,0.03,0.0
0.1,-4.64,1.26,-0.0,0.03,0.0
0.11,-4.65,1.28,-0.0,0.03,0.0
0.13,-4.67,1.24,-0.0,0.03,0.0
0.1,-4.62,1.3,-0.0,0.03,0.0
0.13,-4.64,1.28,-0.0,0.03,0.0
0.15,-4.62,1.23,-0.0,0.03,0.0
0.13,-4.62,1.28,-0.0,0.03,0.0
0.1,-4.65,1.26,-0.0,0.03,0.0
0.15,-4.62,1.28,-0.01,0.03,0.0
0.13,-4.64,1.28,-0.01,0.03,0.0
0.13,-4.69,1.32,-0.01,0.03,0.0
0.15,-4.64,1.26,-0.01,0.03,0.0
0.19,-4.67,1.32,-0.01,0.03,0.0
0.13,-4.62,1.34,-0.0,0.03,0.0
0.13,-4.6,1.3,-0.0,0.03,0.0
0.15,-4.67,1.3,0.0,0.03,0.0
0.06,-4.62,1.26,0.0,0.03,0.0
0.21,-4.64,1.21,0.0,0.03,0.0
0.13,-4.62,1.24,0.0,0.03,0.0
0.15,-4.58,1.28,0.0,0.03,0.0
0.17,-4.6,1.3,0.0,0.03,0.0
0.08,-4.56,1.26,-0.0,0.03,0.0
0.13,-4.62,1.28,-0.0,0.03,0.0
0.13,-4.6,1.28,-0.0,0.03,0.0
0.11,-4.65,1.34,-0.0,0.03,0.0
0.1,-4.58,1.24,-0.0,0.03,0.0
0.1,-4.67,1.23,-0.0,0.03,0.0
0.11,-4.69,1.28,-0.0,0.03,0.0
0.13,-4.6,1.23,0.0,0.03,0.0
0.17,-4.64,1.24,0.0,0.03,0.0
0.17,-4.65,1.28,0.0,0.03,0.0
0.13,-4.65,1.26,0.0,0.03,0.0
0.06,-4.58,1.32,0.0,0.03,0.0
0.11,-4.67,1.28,0.0,0.03,0.0
0.1,-4.71,1.32,0.01,0.03,0.0
0.06,-4.64,1.28,0.01,0.03,0.0
0.19,-4.67,1.34,0.01,0.03,0.0
0.1,-4.58,1.32,0.01,0.03,0.0
0.11,-4.6,1.24,0.01,0.03,0.0
0.11,-4.62,1.28,0.01,0.03,0.0
0.11,-4.56,1.32,0.01,0.03,0.0
0.11,-4.56,1.28,0.01,0.03,0.0
0.1,-4.62,1.32,0.0,0.03,-0.0
0.13,-4.58,1.26,0.0,0.03,0.0
0.1,-4.6,1.34,0.0,0.03,-0.0
0.11,-4.64,1.36,0.0,0.03,0.0
0.08,-4.62,1.32,0.0,0.03,-0.0
0.15,-4.65,1.3,0.0,0.03,0.0
0.15,-4.67,1.24,0.0,0.03,0.0
0.13,-4.65,1.3,0.0,0.03,0.0
0.1,-4.6,1.24,0.0,0.03,0.0
0.15,-4.64,1.26,0.0,0.03,0.0
0.1,-4.6,1.28,0.0,0.03,0.0
0.08,-4.6,1.28,0.0,0.03,0.0
0.1,-4.6,1.34,0.0,0.03,0.0
0.11,-4.56,1.26,0.0,0.03,0.0
0.13,-4.58,1.34,0.0,0.03,0.0
0.08,-4.6,1.24,0.01,0.03,0.0
0.11,-4.6,1.38,0.01,0.03,0.0
0.15,-4.6,1.28,0.01,0.03,0.0
0.15,-4.64,1.28,0.01,0.03,0.0
0.13,-4.62,1.3,0.01,0.03,0.0
0.1,-4.65,1.34,0.01,0.03,0.0
0.1,-4.6,1.3,0.01,0.03,0.0
0.11,-4.64,1.3,0.01,0.03,-0.0
0.13,-4.6,1.34,0.01,0.03,-0.0
0.11,-4.67,1.3,0.01,0.03,-0.0
0.08,-4.58,1.24,0.01,0.03,-0.0
0.11,-4.67,1.32,0.01,0.03,-0.0
0.13,-4.64,1.24,0.01,0.03,-0.0
0.1,-4.58,1.32,0.01,0.03,-0.0
0.15,-4.58,1.32,0.0,0.03,-0.0
0.11,-4.62,1.3,0.0,0.03,-0.0
0.11,-4.64,1.28,0.0,0.03,0.0
0.11,-4.62,1.34,0.0,0.03,0.0
0.15,-4.62,1.24,0.0,0.03,0.0
0.17,-4.65,1.24,0.0,0.03,0.0
0.08,-4.64,1.32,0.0,0.03,0.0
0.13,-4.67,1.26,0.0,0.03,0.0
0.11,-4.6,1.28,0.0,0.03,0.0
0.15,-4.62,1.36,0.0,0.03,0.0
0.1,-4.54,1.28,0.0,0.03,0.0
0.13,-4.62,1.34,0.0,0.03,0.0
0.11,-4.62,1.26,0.0,0.03,0.0
0.19,-4.58,1.36,0.0,0.03,0.0
0.1,-4.6,1.34,0.0,0.03,0.0
0.17,-4.58,1.24,0.0,0.03,0.0
0.19,-4.6,1.34,0.0,0.03,0.0
0.13,-4.64,1.28,0.0,0.03,-0.0
0.1,-4.62,1.3,0.0,0.03,0.0
0.15,-4.62,1.34,0.0,0.03,-0.0
0.08,-4.62,1.36,0.0,0.03,0.0
0.13,-4.62,1.34,0.0,0.03,0.0
0.13,-4.62,1.4,0.0,0.03,0.0
0.11,-4.62,1.24,0.0,0.03,0.0
0.11,-4.62,1.4,0.0,0.03,0.0
0.1,-4.58,1.32,0.0,0.03,0.0
0.08,-4.62,1.32,0.0,0.03,0.0
0.08,-4.6,1.4,0.0,0.03,0.0
0.08,-4.56,1.34,0.0,0.03,0.0
0.17,-4.58,1.32,0.0,0.03,0.0
0.13,-4.6,1.3,-0.0,0.03,0.0
0.11,-4.6,1.3,-0.0,0.03,0.0
0.1,-4.58,1.34,-0.0,0.03,0.0
0.11,-4.58,1.36,-0.0,0.03,0.0
0.17,-4.62,1.38,-0.0,0.03,0.0
0.19,-4.64,1.34,-0.0,0.03,0.0
0.11,-4.56,1.36,-0.0,0.03,0.0
0.13,-4.64,1.38,0.0,0.03,0.0
0.02,-4.62,1.3,0.0,0.03,0.0
0.06,-4.58,1.32,0.0,0.03,0.0
0.06,-4.62,1.34,0.0,0.03,0.0
0.04,-4.56,1.3,0.0,0.03,0.0
0.08,-4.52,1.32,0.0,0.03,0.0
0.08,-4.62,1.3,0.0,0.03,0.0
0.1,-4.58,1.34,0.0,0.03,0.0
0.11,-4.54,1.3,0.0,0.03,0.0
0.1,-4.64,1.34,0.0,0.03,0.0
0.08,-4.56,1.36,0.0,0.03,0.0
0.06,-4.62,1.38,-0.0,0.03,0.0
0.11,-4.6,1.38,0.0,0.03,0.0
0.13,-4.64,1.36,0.0,0.03,0.0
0.15,-4.6,1.34,0.0,0.02,0.0
0.13,-4.58,1.32,0.0,0.02,0.01
0.08,-4.56,1.34,0.0,0.02,0.0
0.11,-4.64,1.32,0.0,0.03,0.01
0.13,-4.64,1.34,0.0,0.03,0.01
0.15,-4.62,1.3,0.0,0.03,0.01
0.1,-4.6,1.34,0.01,0.03,0.01
0.13,-4.6,1.34,0.01,0.03,0.01
0.1,-4.62,1.3,0.01,0.03,0.0
0.1,-4.6,1.36,0.0,0.03,0.0
0.13,-4.62,1.34,0.0,0.03,0.0
0.19,-4.58,1.34,0.0,0.03,0.0
0.17,-4.6,1.28,-0.0,0.03,0.0
0.15,-4.58,1.32,-0.0,0.03,0.0
0.17,-4.58,1.4,-0.0,0.03,-0.0
0.11,-4.54,1.3,-0.0,0.03,0.0
0.21,-4.58,1.38,-0.0,0.03,-0.0
0.15,-4.6,1.3,-0.01,0.03,0.0
0.17,-4.6,1.38,-0.01,0.03,-0.0
0.15,-4.56,1.36,-0.01,0.03,-0.0
0.19,-4.64,1.38,-0.01,0.03,-0.0
0.13,-4.62,1.38,-0.01,0.03,0.0
0.17,-4.6,1.36,-0.01,0.04,0.0
0.15,-4.58,1.32,-0.01,0.04,0.0
0.17,-4.6,1.32,-0.01,0.04,0.0
0.15,-4.58,1.36,-0.01,0.04,0.0
0.19,-4.65,1.34,-0.01,0.05,0.0
0.27,-4.62,1.36,-0.01,0.05,0.0
0.33,-4.58,1.36,-0.01,0.06,0.01
0.38,-4.65,1.42,-0.01,0.07,0.01
0.44,-4.58,1.4,-0.01,0.08,0.01
0.48,-4.5,1.51,-0.01,0.09,0.02
0.52,-4.52,1.49,-0.02,0.09,0.02
0.57,-4.48,1.47,-0.03,0.09,0.02
0.67,-4.52,1.44,-0.04,0.1,0.02
0.69,-4.52,1.36,-0.06,0.1,0.01
0.73,-4.48,1.4,-0.08,0.1,0.01
0.71,-4.48,1.4,-0.12,0.11,0.01
0.69,-4.33,1.36,-0.15,0.11,0.0
0.75,-4.31,1.3,-0.2,0.1,-0.0
0.98,-4.25,1.24,-0.25,0.09,-0.0
0.8,-4.21,1.13,-0.3,0.07,-0.0
0.86,-4.25,1.09,-0.37,0.07,-0.01
0.88,-4.35,1.07,-0.44,0.07,-0.0
0.96,-4.52,1.19,-0.49,0.07,0.0
0.98,-4.65,1.28,-0.52,0.07,0.01
0.96,-4.85,1.19,-0.53,0.08,0.02
1.0,-4.92,1.28,-0.5,0.09,0.02
0.96,-4.96,1.23,-0.47,0.1,0.03
0.96,-5.09,1.09,-0.44,0.11,0.03
1.02,-5.19,1.05,-0.41,0.12,0.04
0.98,-5.19,0.96,-0.38,0.14,0.05
0.88,-5.32,0.92,-0.36,0.15,0.06
0.79,-5.34,0.82,-0.33,0.16,0.06
0.61,-5.29,0.79,-0.3,0.17,0.05
0.56,-5.31,0.77,-0.26,0.19,0.05
0.44,-5.31,0.67,-0.22,0.21,0.04
0.34,-5.13,0.75,-0.17,0.23,0.03
0.17,-5.08,0.79,-0.14,0.26,0.02
0.17,-5.09,0.69,-0.11,0.27,0.01
0.06,-5.02,0.63,-0.1,0.28,-0.01
0.02,-4.98,0.69,-0.08,0.29,-0.02
-0.1,-5.06,0.73,-0.07,0.3,-0.04
-0.11,-5.04,0.75,-0.05,0.31,-0.06
-0.1,-5.04,0.75,-0.03,0.31,-0.08
-0.17,-4.98,0.71,-0.01,0.32,-0.09
-0.06,-4.96,0.79,0.01,0.33,-0.11
-0.04,-4.98,0.77,0.03,0.34,-0.12
-0.13,-4.98,0.84,0.04,0.34,-0.14
-0.13,-4.92,0.75,0.05,0.34,-0.15
-0.19,-4.94,0.8,0.06,0.33,-0.17
-0.27,-4.88,0.73,0.08,0.32,-0.19
-0.25,-4.83,0.73,0.09,0.31,-0.2
-0.27,-4.75,0.69,0.09,0.3,-0.21
-0.38,-4.71,0.65,0.09,0.29,-0.23
-0.46,-4.56,0.57,0.08,0.28,-0.24
-0.52,-4.52,0.5,0.07,0.27,-0.25
-0.67,-4.42,0.42,0.06,0.26,-0.25
-0.75,-4.39,0.44,0.04,0.26,-0.26
-0.94,-4.35,0.38,0.03,0.26,-0.27
-1.09,-4.39,0.44,0.01,0.25,-0.27
-1.17,-4.31,0.56,-0.0,0.25,-0.28
-1.3,-4.31,0.71,-0.02,0.24,-0.28
-1.4,-4.35,0.79,-0.03,0.23,-0.28
-1.44,-4.35,0.86,-0.04,0.22,-0.28
-1.46,-4.46,0.9,-0.05,0.2,-0.28
-1.4,-4.6,1.09,-0.06,0.18,-0.28
-1.46,-4.62,1.05,-0.08,0.16,-0.28
-1.4,-4.71,1.07,-0.1,0.13,-0.3
-1.44,-4.81,1.05,-0.13,0.1,-0.32
-1.47,-4.79,1.05,-0.16,0.08,-0.35
-1.46,-4.85,1.07,-0.18,0.06,-0.38
-1.47,-4.75,1.05,-0.18,0.04,-0.41
-1.46,-4.64,1.13,-0.17,0.03,-0.43
-1.44,-4.42,1.09,-0.15,0.01,-0.45
-1.28,-4.27,1.21,-0.13,-0.03,-0.47
-1.09,-4.18,1.24,-0.11,-0.08,-0.48
-1.02,-4.16,1.26,-0.08,-0.13,-0.49
-0.86,-4.16,1.02,-0.05,-0.17,-0.51
-0.69,-4.18,0.79,-0.02,-0.21,-0.52
-0.52,-4.27,0.63,0.01,-0.22,-0.54
-0.44,-4.33,0.65,0.02,-0.22,-0.56
-0.42,-4.44,0.65,0.03,-0.2,-0.58
-0.38,-4.54,0.65,0.03,-0.19,-0.59
-0.31,-4.9,0.79,0.03,-0.17,-0.6
-0.29,-5.21,0.67,0.03,-0.16,-0.61
-0.31,-5.59,0.67,0.03,-0.15,-0.62
-0.5,-6.0,0.63,0.03,-0.15,-0.64
-0.5,-6.36,0.75,0.03,-0.15,-0.66
-0.57,-6.57,0.73,0.04,-0.16,-0.68
-0.56,-6.57,0.67,0.04,-0.16,-0.71
-0.44,-6.65,0.73,0.05,-0.16,-0.73
-0.23,-6.57,0.61,0.06,-0.15,-0.74
0.04,-6.51,0.59,0.08,-0.13,-0.73
0.11,-6.57,0.4,0.1,-0.13,-0.72
0.21,-6.59,0.25,0.14,-0.14,-0.71
0.25,-6.63,0.06,0.19,-0.17,-0.7
0.17,-6.53,-0.1,0.23,-0.22,-0.7
0.13,-6.36,-0.02,0.28,-0.27,-0.71
0.17,-6.11,0.02,0.32,-0.31,-0.73
0.36,-5.78,0.23,0.36,-0.34,-0.75
0.46,-5.54,0.33,0.39,-0.34,-0.77
0.46,-5.13,0.44,0.4,-0.34,-0.79
0.4,-4.87,0.69,0.4,-0.33,-0.8
0.33,-4.73,0.88,0.37,-0.31,-0.81
0.19,-4.69,1.03,0.36,-0.31,-0.81
0.19,-4.69,1.11,0.38,-0.31,-0.82
0.15,-4.67,1.32,0.4,-0.33,-0.82
0.19,-4.54,1.3,0.43,-0.35,-0.81
0.33,-4.52,1.36,0.45,-0.36,-0.81
0.46,-4.5,1.44,0.46,-0.38,-0.8
0.65,-4.33,1.53,0.45,-0.4,-0.79
0.9,-4.33,1.76,0.44,-0.42,-0.77
1.23,-4.31,1.88,0.43,-0.44,-0.76
1.46,-4.31,1.95,0.42,-0.45,-0.75
1.69,-4.44,1.95,0.42,-0.45,-0.74
1.74,-4.46,1.92,0.43,-0.43,-0.74
1.8,-4.44,1.92,0.43,-0.42,-0.75
1.84,-4.31,1.86,0.43,-0.42,-0.76
1.76,-4.14,1.69,0.44,-0.42,-0.77
1.72,-3.91,1.67,0.43,-0.42,-0.78
1.7,-3.73,1.57,0.42,-0.41,-0.79
1.78,-3.6,1.61,0.4,-0.38,-0.79
1.86,-3.51,1.69,0.39,-0.36,-0.79
1.93,-3.39,1.78,0.38,-0.34,-0.79
2.01,-3.26,1.95,0.37,-0.35,-0.78
2.22,-3.06,1.93,0.37,-0.37,-0.76
2.39,-2.99,1.9,0.36,-0.39,-0.74
2.6,-3.03,1.8,0.35,-0.41,-0.73
2.7,-3.06,1.78,0.33,-0.43,-0.71
2.85,-3.2,1.74,0.31,-0.45,-0.71
2.91,-3.22,1.84,0.3,-0.47,-0.71
2.99,-3.39,1.67,0.29,-0.46,-0.72
3.14,-3.47,1.55,0.3,-0.44,-0.73
3.37,-3.39,1.4,0.3,-0.42,-0.74
3.52,-3.14,1.15,0.31,-0.4,-0.75
3.87,-3.01,1.15,0.3,-0.37,-0.76
3.95,-2.82,1.17,0.29,-0.35,-0.77
4.08,-2.62,1.26,0.27,-0.35,-0.79
4.14,-2.53,1.38,0.26,-0.34,-0.8
4.35,-2.49,1.32,0.25,-0.34,-0.81
4.42,-2.51,1.26,0.25,-0.33,-0.82
4.33,-2.49,1.19,0.24,-0.32,-0.84
4.06,-2.53,1.36,0.21,-0.29,-0.86
3.81,-2.62,1.49,0.19,-0.27,-0.87
3.75,-2.59,1.3,0.18,-0.26,-0.87
3.87,-2.57,1.09,0.17,-0.24,-0.87
3.81,-2.49,0.88,0.17,-0.22,-0.88
3.64,-2.39,0.57,0.15,-0.2,-0.89
3.47,-2.38,0.44,0.12,-0.2,-0.9
3.29,-2.2,0.57,0.08,-0.2,-0.91
3.39,-2.3,0.54,0.05,-0.2,-0.9
3.41,-2.28,0.4,0.02,-0.21,-0.89
3.37,-2.28,0.33,-0.0,-0.22,-0.89
3.31,-2.24,0.23,-0.02,-0.22,-0.89
3.43,-2.22,0.21,-0.05,-0.22,-0.89
3.47,-2.36,0.15,-0.08,-0.23,-0.88
3.49,-2.26,0.15,-0.1,-0.23,-0.88
3.54,-2.13,0.11,-0.12,-0.23,-0.87
3.73,-2.05,0.13,-0.15,-0.23,-0.86
3.93,-2.05,0.38,-0.18,-0.22,-0.85
3.96,-1.99,0.34,-0.21,-0.21,-0.85
4.0,-2.11,0.38,-0.24,-0.19,-0.85
4.06,-2.07,0.52,-0.26,-0.17,-0.84
4.12,-2.11,0.54,-0.27,-0.15,-0.84
4.14,-2.18,0.46,-0.28,-0.14,-0.84
4.25,-2.24,0.44,-0.28,-0.14,-0.84
4.31,-2.2,0.4,-0.29,-0.14,-0.84
4.29,-2.2,0.44,-0.28,-0.13,-0.84
4.39,-2.28,0.44,-0.28,-0.12,-0.84
4.27,-2.26,0.48,-0.27,-0.11,-0.83
4.29,-2.18,0.61,-0.27,-0.1,-0.83
4.44,-2.32,0.73,-0.26,-0.1,-0.83
4.54,-2.36,0.69,-0.25,-0.09,-0.82
4.56,-2.28,0.65,-0.23,-0.07,-0.82
4.39,-2.13,0.75,-0.22,-0.05,-0.82
4.37,-2.13,0.8,-0.22,-0.04,-0.82
4.41,-2.05,0.73,-0.22,-0.03,-0.81
4.23,-1.93,0.8,-0.21,-0.03,-0.81
4.12,-1.88,0.82,-0.21,-0.01,-0.81
4.06,-1.76,0.73,-0.22,-0.01,-0.81
4.04,-1.88,0.65,-0.21,-0.0,-0.8
4.23,-1.86,0.46,-0.2,0.0,-0.79
4.35,-1.82,0.48,-0.2,0.01,-0.79
4.37,-1.86,0.5,-0.2,0.02,-0.78
4.41,-1.86,0.79,-0.19,0.03,-0.77
4.5,-1.8,1.02,-0.18,0.03,-0.76
4.6,-1.72,1.03,-0.18,0.02,-0.76
4.71,-1.72,1.15,-0.18,0.01,-0.75
4.85,-1.74,1.17,-0.18,-0.0,-0.75
4.92,-1.61,1.15,-0.18,-0.02,-0.75
4.98,-1.67,1.09,-0.17,-0.03,-0.76
4.85,-1.51,1.05,-0.16,-0.02,-0.77
4.69,-1.4,0.86,-0.15,-0.01,-0.78
4.5,-1.36,0.65,-0.15,0.01,-0.79
4.27,-1.28,0.56,-0.14,0.02,-0.78
4.25,-1.17,0.48,-0.13,0.03,-0.77
4.19,-0.98,0.5,-0.12,0.04,-0.76
4.39,-0.94,0.52,-0.12,0.04,-0.75
4.5,-0.88,0.57,-0.14,0.03,-0.73
4.67,-0.88,0.69,-0.15,0.02,-0.71
4.73,-0.96,0.75,-0.16,0.02,-0.7
4.85,-1.03,0.88,-0.17,0.02,-0.68
4.87,-1.07,0.98,-0.16,0.01,-0.68
4.75,-0.86,0.79,-0.14,-0.0,-0.69
4.67,-0.61,0.75,-0.13,0.0,-0.7
4.5,-0.38,0.75,-0.12,0.01,-0.71
4.44,-0.08,0.71,-0.12,0.02,-0.72
4.52,-0.04,0.57,-0.12,0.03,-0.72
4.64,0.11,0.5,-0.12,0.03,-0.71
4.73,0.27,0.48,-0.12,0.03,-0.71
4.85,0.34,0.73,-0.13,0.04,-0.71
5.0,0.36,0.88,-0.15,0.04,-0.71
5.17,0.25,1.11,-0.16,0.04,-0.7
5.21,0.11,1.19,-0.17,0.03,-0.7
5.32,0.0,0.98,-0.17,0.01,-0.71
5.21,-0.11,0.54,-0.15,-0.0,-0.71
5.15,0.02,0.15,-0.12,-0.02,-0.72
5.13,0.44,-0.19,-0.1,-0.02,-0.73
5.34,1.03,0.06,-0.11,-0.0,-0.72
5.78,1.23,0.27,-0.17,0.02,-0.67
6.11,1.34,0.34,-0.26,0.05,-0.6
6.78,1.38,0.38,-0.3,0.06,-0.5
7.49,1.44,0.15,-0.3,0.03,-0.39
7.89,1.65,0.13,-0.29,-0.02,-0.29
7.7,1.95,0.4,-0.31,-0.05,-0.23
7.16,2.03,0.79,-0.36,-0.03,-0.19
6.32,2.07,1.13,-0.41,0.01,-0.15
5.61,2.09,1.03,-0.43,0.04,-0.12
5.27,2.13,0.77,-0.42,0.06,-0.09
4.88,2.24,0.34,-0.4,0.09,-0.05
4.64,2.2,0.1,-0.4,0.13,-0.03
4.6,1.93,0.02,-0.41,0.16,-0.02
4.39,1.57,-0.02,-0.44,0.19,-0.02
4.29,1.21,0.15,-0.46,0.21,-0.03
4.39,0.77,0.29,-0.47,0.22,-0.05
4.42,0.54,0.44,-0.47,0.22,-0.07
4.6,0.13,0.69,-0.48,0.2,-0.11
4.65,-0.08,0.73,-0.47,0.19,-0.16
4.67,-0.19,0.69,-0.46,0.18,-0.21
4.75,-0.25,0.61,-0.44,0.19,-0.25
4.85,-0.25,0.42,-0.41,0.2,-0.28
5.02,-0.11,0.19,-0.36,0.22,-0.29
5.17,-0.04,-0.1,-0.32,0.25,-0.3
5.23,0.06,-0.19,-0.28,0.29,-0.31
5.38,0.33,-0.34,-0.25,0.33,-0.31
5.29,0.65,0.1,-0.25,0.37,-0.3
5.27,0.96,0.33,-0.28,0.4,-0.29
5.06,1.07,0.92,-0.33,0.43,-0.27
4.9,1.05,1.4,-0.39,0.45,-0.26
4.73,0.84,1.92,-0.45,0.47,-0.24
4.69,0.61,2.03,-0.48,0.49,-0.22
4.71,0.31,1.99,-0.49,0.5,-0.2
4.71,0.02,1.53,-0.48,0.5,-0.18
4.67,-0.23,1.09,-0.47,0.5,-0.16
4.62,-0.46,0.77,-0.45,0.5,-0.14
4.52,-0.65,0.67,-0.43,0.49,-0.12
4.48,-0.73,0.79,-0.41,0.48,-0.11
4.37,-0.79,0.86,-0.37,0.47,-0.09
4.21,-0.8,0.98,-0.33,0.44,-0.08
4.12,-0.79,1.05,-0.29,0.41,-0.06
4.23,-0.59,1.11,-0.25,0.38,-0.05
4.41,-0.36,1.17,-0.22,0.34,-0.03
4.46,-0.04,1.44,-0.21,0.31,-0.02
4.54,-0.02,1.86,-0.23,0.27,-0.01
4.73,-0.08,1.78,-0.26,0.24,0.01
4.73,-0.19,1.76,-0.29,0.22,0.03
4.87,-0.34,1.53,-0.3,0.23,0.04
4.87,-0.38,1.53,-0.3,0.25,0.05
4.79,-0.42,1.78,-0.32,0.28,0.06
4.71,-0.57,2.03,-0.34,0.28,0.07
4.6,-0.8,1.99,-0.36,0.26,0.08
4.41,-1.15,1.86,-0.35,0.23,0.1
4.18,-1.28,1.8,-0.33,0.21,0.11
3.96,-1.34,1.78,-0.3,0.18,0.12
3.72,-1.32,1.74,-0.26,0.16,0.14
3.39,-1.28,1.53,-0.22,0.13,0.15
3.24,-1.15,1.44,-0.19,0.1,0.16
3.35,-0.92,1.46,-0.15,0.07,0.19
3.85,-0.92,1.78,-0.13,0.06,0.22
4.42,-1.11,2.09,-0.09,0.07,0.25
4.52,-1.02,2.18,-0.06,0.08,0.26
4.52,-0.69,2.24,-0.05,0.08,0.24
4.39,-0.34,2.18,-0.06,0.07,0.22
4.23,-0.19,2.32,-0.08,0.06,0.2
4.02,-0.06,2.45,-0.11,0.04,0.18
3.89,-0.04,2.36,-0.13,0.02,0.16
3.72,0.04,2.32,-0.16,0.0,0.15
3.68,-0.02,2.28,-0.17,-0.01,0.16
3.73,-0.19,2.28,-0.17,-0.02,0.16
3.87,-0.57,2.34,-0.17,-0.05,0.17
4.21,-0.98,2.38,-0.15,-0.08,0.17
4.52,-1.26,2.39,-0.12,-0.1,0.16
4.65,-1.42,2.43,-0.08,-0.09,0.15
4.67,-1.65,2.6,-0.03,-0.07,0.15
4.67,-1.67,2.66,0.02,-0.07,0.13
4.73,-1.67,2.66,0.06,-0.08,0.12
4.75,-1.61,2.45,0.09,-0.11,0.1
4.79,-1.46,2.2,0.1,-0.15,0.07
4.67,-1.3,2.01,0.1,-0.18,0.03
4.46,-1.17,1.84,0.1,-0.21,-0.0
4.16,-1.02,1.59,0.09,-0.25,-0.03
3.85,-0.84,1.38,0.09,-0.28,-0.05
3.68,-0.79,1.38,0.08,-0.33,-0.06
3.62,-0.65,1.34,0.07,-0.36,-0.06
3.83,-0.65,1.26,0.07,-0.39,-0.05
4.06,-0.73,1.23,0.06,-0.41,-0.04
4.29,-0.71,1.3,0.06,-0.41,-0.04
4.48,-0.61,1.26,0.06,-0.41,-0.04
4.65,-0.54,1.28,0.06,-0.42,-0.05
4.79,-0.38,1.24,0.05,-0.43,-0.06
4.96,-0.36,1.05,0.04,-0.44,-0.08
5.0,-0.29,1.03,0.03,-0.45,-0.09
4.96,-0.33,0.86,0.02,-0.46,-0.1
4.96,-0.27,0.73,0.01,-0.47,-0.11
4.96,-0.27,0.75,0.01,-0.47,-0.11
4.92,-0.34,0.75,-0.0,-0.47,-0.11
4.92,-0.33,0.73,-0.01,-0.47,-0.1
4.94,-0.31,0.75,-0.02,-0.47,-0.09
4.96,-0.31,0.63,-0.03,-0.46,-0.07
5.0,-0.36,0.56,-0.03,-0.45,-0.04
5.09,-0.34,0.36,-0.02,-0.45,-0.01
5.11,-0.31,0.34,-0.02,-0.46,0.02
5.19,-0.34,0.29,-0.03,-0.46,0.04
5.25,-0.34,0.19,-0.04,-0.47,0.06
5.17,-0.42,0.15,-0.05,-0.48,0.08
5.32,-0.44,0.02,-0.04,-0.48,0.1
5.38,-0.42,-0.1,-0.04,-0.47,0.11
5.34,-0.48,-0.1,-0.04,-0.45,0.12
5.31,-0.52,-0.17,-0.04,-0.42,0.12
5.31,-0.57,0.0,-0.04,-0.39,0.12
5.31,-0.56,0.06,-0.03,-0.36,0.11
5.27,-0.4,0.08,-0.03,-0.33,0.11
5.13,-0.33,0.11,-0.03,-0.32,0.1
5.15,-0.19,0.1,-0.03,-0.31,0.09
5.17,-0.08,-0.04,-0.04,-0.31,0.09
5.25,-0.08,-0.02,-0.04,-0.32,0.09
5.17,-0.13,-0.27,-0.05,-0.32,0.08
5.11,-0.29,-0.36,-0.06,-0.32,0.08
4.94,-0.36,-0.46,-0.07,-0.31,0.09
4.83,-0.42,-0.48,-0.09,-0.29,0.09
4.79,-0.48,-0.46,-0.1,-0.29,0.1
4.75,-0.54,-0.4,-0.12,-0.28,0.11
4.77,-0.67,-0.42,-0.13,-0.27,0.12
4.67,-0.75,-0.27,-0.13,-0.26,0.12
4.73,-0.8,-0.13,-0.13,-0.25,0.12
4.71,-0.84,-0.11,-0.13,-0.25,0.12
4.77,-0.8,-0.13,-0.13,-0.26,0.11
4.9,-0.82,-0.27,-0.11,-0.26,0.1
4.9,-0.75,-0.21,-0.11,-0.26,0.08
4.79,-0.73,-0.19,-0.1,-0.26,0.05
4.69,-0.69,-0.17,-0.11,-0.26,0.03
4.58,-0.67,-0.17,-0.12,-0.25,0.01
4.48,-0.8,-0.31,-0.13,-0.24,-0.0
4.41,-0.98,-0.23,-0.15,-0.23,-0.01
4.39,-0.96,-0.25,-0.15,-0.22,-0.02
4.33,-1.0,-0.29,-0.15,-0.22,-0.02
4.39,-1.02,-0.27,-0.15,-0.22,-0.02
4.33,-0.9,-0.29,-0.14,-0.21,-0.02
4.42,-0.84,-0.29,-0.14,-0.21,-0.02
4.54,-0.77,-0.25,-0.13,-0.21,-0.01
4.79,-0.71,-0.25,-0.13,-0.2,-0.02
4.9,-0.67,-0.23,-0.13,-0.18,-0.02
5.06,-0.67,-0.11,-0.14,-0.15,-0.02
5.21,-0.75,-0.06,-0.14,-0.12,-0.02
5.32,-0.75,0.02,-0.14,-0.09,-0.02
5.4,-0.94,0.0,-0.13,-0.07,-0.02
5.52,-1.0,0.08,-0.12,-0.06,-0.01
5.59,-1.03,0.02,-0.1,-0.05,0.0
5.48,-1.09,0.19,-0.09,-0.06,0.01
5.32,-1.03,0.17,-0.08,-0.07,0.01
5.25,-1.07,0.08,-0.07,-0.08,0.0
5.06,-1.03,0.08,-0.05,-0.08,0.0
4.92,-1.09,0.13,-0.04,-0.08,0.01
4.92,-1.17,0.15,-0.03,-0.06,0.02
5.04,-1.21,0.17,-0.02,-0.04,0.02
5.02,-1.03,0.29,0.0,-0.02,0.02
5.11,-1.11,0.15,0.02,-0.0,0.02
5.21,-1.05,0.1,0.04,0.01,0.01
5.25,-1.07,0.13,0.05,0.03,0.0
5.31,-1.02,0.0,0.06,0.04,-0.01
5.38,-1.05,0.15,0.07,0.05,-0.03
5.29,-0.94,0.13,0.07,0.06,-0.05
5.23,-0.86,0.19,0.07,0.07,-0.06
5.09,-0.67,0.17,0.06,0.09,-0.08
4.92,-0.67,0.23,0.05,0.1,-0.09
4.83,-0.56,0.23,0.04,0.1,-0.09
4.73,-0.56,0.21,0.03,0.09,-0.1
4.71,-0.56,0.15,0.03,0.07,-0.09
4.69,-0.56,0.0,0.02,0.05,-0.09
4.73,-0.65,0.04,0.02,0.04,-0.09
4.73,-0.63,0.02,0.01,0.03,-0.09
4.71,-0.71,0.02,0.01,0.03,-0.09
4.71,-0.73,-0.02,-0.0,0.02,-0.09
4.75,-0.71,0.08,-0.01,0.01,-0.08
4.75,-0.63,0.11,-0.01,0.01,-0.08
4.87,-0.69,0.04,-0.01,0.0,-0.08
4.98,-0.69,-0.11,-0.02,0.0,-0.08
5.02,-0.63,-0.15,-0.02,0.0,-0.08
5.09,-0.71,-0.21,-0.02,0.0,-0.08
5.08,-0.73,-0.17,-0.02,0.01,-0.07
5.11,-0.65,-0.29,-0.02,0.01,-0.07
5.13,-0.63,-0.25,-0.02,0.02,-0.06
5.15,-0.57,-0.29,-0.02,0.02,-0.05
5.17,-0.61,-0.36,-0.01,0.03,-0.05
5.08,-0.61,-0.4,-0.01,0.04,-0.04
5.04,-0.59,-0.23,-0.01,0.05,-0.04
5.02,-0.61,-0.25,-0.01,0.06,-0.03
4.96,-0.57,-0.23,-0.01,0.07,-0.03
4.98,-0.61,-0.23,-0.01,0.07,-0.02
4.98,-0.67,-0.27,-0.01,0.08,-0.01
5.0,-0.63,-0.21,-0.0,0.08,-0.01
4.98,-0.59,-0.25,0.0,0.08,-0.0
4.98,-0.59,-0.29,0.01,0.08,0.0
4.92,-0.57,-0.13,0.02,0.08,0.01
4.98,-0.59,-0.13,0.03,0.08,0.01
4.98,-0.48,-0.19,0.03,0.07,0.01
5.04,-0.48,-0.19,0.03,0.07,0.01
5.08,-0.46,-0.15,0.03,0.07,0.01
5.11,-0.46,-0.15,0.02,0.07,0.01
5.09,-0.44,-0.1,0.02,0.07,0.0
5.15,-0.36,-0.11,0.01,0.07,-0.0
5.06,-0.31,-0.06,0.01,0.07,-0.01
4.98,-0.29,-0.02,-0.0,0.07,-0.01
4.9,-0.25,-0.15,-0.01,0.07,-0.02
4.98,-0.25,-0.11,-0.01,0.07,-0.02
4.98,-0.21,-0.17,-0.02,0.08,-0.02
5.0,-0.23,-0.15,-0.03,0.08,-0.02
5.02,-0.29,-0.04,-0.03,0.08,-0.02
5.06,-0.38,0.02,-0.04,0.08,-0.02
5.04,-0.36,-0.1,-0.04,0.08,-0.02
5.02,-0.38,-0.11,-0.04,0.08,-0.02
5.02,-0.5,-0.04,-0.05,0.08,-0.02
4.9,-0.56,-0.06,-0.05,0.07,-0.02
4.92,-0.57,-0.06,-0.05,0.06,-0.03
4.92,-0.56,-0.02,-0.05,0.05,-0.03
4.94,-0.54,-0.02,-0.04,0.05,-0.03
4.96,-0.54,0.02,-0.04,0.05,-0.02
4.96,-0.57,0.0,-0.03,0.05,-0.02
4.94,-0.54,0.06,-0.03,0.05,-0.02
4.87,-0.61,0.11,-0.02,0.05,-0.02
4.88,-0.57,0.04,-0.01,0.05,-0.01
4.92,-0.61,0.11,-0.0,0.06,-0.02
4.92,-0.54,0.02,0.0,0.06,-0.02
4.96,-0.5,-0.11,0.01,0.05,-0.02
5.0,-0.52,-0.04,0.02,0.05,-0.02
5.0,-0.42,-0.06,0.02,0.05,-0.03
4.96,-0.42,-0.1,0.02,0.05,-0.03
4.9,-0.38,-0.04,0.02,0.05,-0.03
4.92,-0.34,0.06,0.01,0.04,-0.03
4.92,-0.38,0.11,0.0,0.04,-0.03
4.94,-0.38,0.06,-0.0,0.03,-0.04
4.96,-0.44,0.0,-0.0,0.03,-0.04
4.94,-0.46,-0.02,-0.01,0.02,-0.04
4.92,-0.42,-0.06,-0.01,0.01,-0.04
4.88,-0.44,0.1,-0.0,0.01,-0.04
4.88,-0.46,0.08,-0.0,0.01,-0.04
4.9,-0.5,0.02,-0.0,0.01,-0.03
4.94,-0.52,-0.06,0.0,0.02,-0.03
4.94,-0.5,-0.04,0.0,0.02,-0.02
4.9,-0.56,-0.02,0.0,0.02,-0.02
4.96,-0.56,-0.02,0.0,0.02,-0.02
5.04,-0.54,-0.04,0.01,0.02,-0.02
4.98,-0.52,-0.11,0.01,0.02,-0.02
5.08,-0.5,-0.06,0.01,0.03,-0.02
5.02,-0.46,-0.13,0.01,0.03,-0.02
5.02,-0.34,-0.1,0.01,0.03,-0.02
5.02,-0.38,-0.1,0.01,0.03,-0.02
5.02,-0.42,-0.06,0.01,0.03,-0.02
5.04,-0.46,-0.08,0.01,0.04,-0.01
4.96,-0.46,-0.11,0.01,0.04,-0.01
4.96,-0.5,-0.06,0.01,0.04,-0.01
4.9,-0.54,-0.1,0.01,0.04,-0.01
4.92,-0.56,-0.06,0.01,0.04,-0.02
4.98,-0.56,-0.04,0.01,0.03,-0.02
4.96,-0.59,-0.02,0.02,0.03,-0.02
4.96,-0.59,0.0,0.02,0.03,-0.03
4.96,-0.52,-0.08,0.02,0.04,-0.03
4.92,-0.48,-0.06,0.02,0.04,-0.03
4.87,-0.48,-0.08,0.02,0.04,-0.03
4.85,-0.52,0.02,0.01,0.05,-0.03
4.85,-0.44,0.11,0.01,0.05,-0.02
4.9,-0.48,0.13,0.01,0.05,-0.02
4.88,-0.44,0.04,0.0,0.05,-0.02
4.92,-0.42,0.04,-0.0,0.04,-0.02
4.92,-0.46,0.04,-0.0,0.04,-0.02
4.96,-0.5,0.0,-0.0,0.04,-0.03
4.98,-0.44,-0.02,-0.0,0.04,-0.03
5.0,-0.5,-0.08,-0.0,0.04,-0.03
4.98,-0.46,-0.08,0.0,0.04,-0.03
5.0,-0.42,-0.08,0.0,0.04,-0.03
4.96,-0.42,-0.08,0.0,0.03,-0.03
4.94,-0.4,-0.08,0.0,0.03,-0.02
4.94,-0.44,-0.02,-0.0,0.03,-0.02
5.0,-0.48,-0.04,-0.0,0.03,-0.02
4.94,-0.44,-0.02,-0.0,0.02,-0.01
4.96,-0.44,-0.04,-0.0,0.02,-0.01
4.98,-0.46,-0.04,-0.0,0.02,-0.01
4.96,-0.5,0.04,-0.0,0.02,-0.01
5.0,-0.56,0.0,-0.0,0.02,-0.0
4.9,-0.56,-0.02,-0.0,0.02,-0.0
4.92,-0.52,0.11,0.0,0.03,-0.0
4.85,-0.5,-0.04,0.0,0.03,-0.0
4.88,-0.5,0.06,0.01,0.03,-0.0
4.87,-0.5,0.04,0.01,0.03,-0.0
4.88,-0.46,0.02,0.01,0.03,0.0
4.88,-0.5,0.08,0.01,0.03,-0.0
4.9,-0.48,0.08,0.01,0.04,0.0
4.94,-0.44,-0.02,0.01,0.04,-0.0
4.88,-0.36,-0.1,0.01,0.04,-0.0
4.9,-0.46,-0.11,0.01,0.04,-0.0
4.92,-0.48,0.11,0.01,0.04,-0.0
4.98,-0.5,0.06,0.0,0.04,-0.0
4.94,-0.54,0.1,0.0,0.04,-0.0
4.96,-0.44,-0.04,0.0,0.04,-0.01
4.96,-0.52,0.06,-0.0,0.03,-0.01
5.0,-0.44,0.02,-0.0,0.03,-0.01
4.98,-0.44,0.06,-0.0,0.03,-0.01
4.94,-0.44,0.02,-0.0,0.03,-0.01
4.94,-0.4,0.1,-0.01,0.03,-0.01
4.96,-0.48,0.04,-0.01,0.03,-0.01
4.98,-0.48,0.04,-0.0,0.03,-0.01
4.98,-0.42,0.0,-0.0,0.03,-0.01
4.98,-0.44,-0.1,-0.0,0.03,-0.01
4.98,-0.46,-0.02,-0.0,0.03,-0.01
4.96,-0.44,-0.04,-0.0,0.03,-0.01
4.92,-0.5,-0.08,-0.0,0.03,-0.01
4.96,-0.48,-0.13,-0.0,0.04,-0.01
4.94,-0.46,-0.06,0.0,0.04,-0.01
4.96,-0.48,-0.08,0.0,0.04,-0.01
4.9,-0.38,-0.04,0.0,0.04,-0.01
5.0,-0.5,0.0,-0.0,0.05,-0.01
5.04,-0.5,-0.06,-0.0,0.05,-0.01
4.98,-0.44,0.02,-0.01,0.05,-0.0
5.04,-0.48,0.02,-0.01,0.06,-0.0
5.04,-0.46,0.06,-0.02,0.06,0.0
5.09,-0.46,0.04,-0.02,0.06,0.0
5.04,-0.46,0.1,-0.03,0.07,0.01
5.0,-0.46,-0.02,-0.03,0.07,0.01
4.98,-0.5,-0.06,-0.03,0.06,0.01
4.98,-0.48,0.06,-0.03,0.06,0.01
4.9,-0.5,-0.04,-0.03,0.06,0.01
4.88,-0.46,-0.19,-0.03,0.05,0.01
4.88,-0.44,-0.15,-0.03,0.05,0.01
4.92,-0.44,-0.1,-0.03,0.05,0.01
4.92,-0.46,-0.08,-0.03,0.05,0.01
4.88,-0.5,-0.08,-0.03,0.05,0.02
4.92,-0.57,-0.17,-0.02,0.06,0.02
5.0,-0.57,-0.11,-0.02,0.06,0.02
4.9,-0.54,-0.08,-0.01,0.06,0.02
4.98,-0.56,-0.13,-0.01,0.06,0.01
4.96,-0.52,-0.13,-0.01,0.07,0.01
4.98,-0.52,-0.02,-0.0,0.07,0.01
5.04,-0.52,-0.08,0.0,0.07,0.01
4.96,-0.48,-0.04,0.0,0.07,0.0
4.96,-0.5,-0.15,0.0,0.07,0.01
4.96,-0.46,-0.11,0.01,0.07,0.0
4.88,-0.46,-0.02,0.01,0.07,0.01
4.88,-0.44,0.04,0.01,0.07,0.01
4.87,-0.44,-0.08,0.01,0.07,0.01
4.85,-0.4,0.04,0.01,0.06,0.0
4.87,-0.46,0.0,0.01,0.06,0.0
4.92,-0.44,0.04,0.01,0.06,0.0
4.9,-0.42,0.13,0.0,0.06,0.0
4.96,-0.46,0.08,0.0,0.06,0.0
4.9,-0.5,0.1,0.0,0.06,0.0
4.9,-0.48,0.15,0.0,0.07,-0.0
4.9,-0.5,0.06,0.0,0.07,-0.0
4.92,-0.46,0.08,0.01,0.06,-0.01
4.96,-0.56,0.06,0.01,0.06,-0.01
4.88,-0.46,0.13,0.01,0.06,-0.01
4.98,-0.46,0.13,0.01,0.05,-0.01
4.94,-0.44,0.15,0.01,0.05,-0.01
4.98,-0.44,0.11,0.01,0.05,-0.01
4.94,-0.34,0.13,0.01,0.05,-0.01
4.9,-0.34,0.11,0.01,0.05,-0.01
4.94,-0.36,0.15,0.0,0.06,-0.01
4.9,-0.38,0.15,-0.0,0.06,-0.01
4.94,-0.44,0.13,-0.01,0.05,-0.01
4.92,-0.44,0.11,-0.01,0.05,-0.01
4.94,-0.44,0.15,-0.01,0.05,-0.01
4.92,-0.5,0.1,-0.01,0.05,-0.01
4.96,-0.54,0.08,-0.0,0.05,-0.01
4.9,-0.5,0.13,0.0,0.05,-0.01
4.92,-0.52,0.11,0.01,0.05,-0.01
4.9,-0.54,0.08,0.01,0.04,-0.01
4.94,-0.61,0.17,0.02,0.04,-0.01
4.9,-0.54,0.15,0.02,0.04,-0.01
4.87,-0.46,0.1,0.02,0.04,-0.01
4.85,-0.44,0.11,0.03,0.04,-0.01
4.88,-0.48,0.15,0.02,0.04,-0.01
4.92,-0.4,0.13,0.02,0.04,-0.01
4.88,-0.42,0.19,0.02,0.04,-0.01
4.88,-0.44,0.17,0.01,0.04,-0.01
4.92,-0.4,0.19,0.01,0.03,-0.01
4.92,-0.36,0.11,0.01,0.03,-0.01
4.98,-0.36,0.15,0.01,0.03,-0.01
4.98,-0.34,0.11,0.0,0.03,-0.01
4.98,-0.42,0.1,0.0,0.03,-0.01
5.0,-0.38,0.06,-0.0,0.03,-0.01
4.92,-0.33,-0.02,-0.0,0.03,-0.01
4.92,-0.44,-0.04,-0.0,0.03,-0.01
4.98,-0.4,0.08,-0.0,0.03,-0.01
4.98,-0.44,-0.02,0.0,0.03,-0.01
4.92,-0.48,0.0,0.0,0.03,-0.01
4.92,-0.46,-0.02,0.0,0.04,-0.01
5.0,-0.46,0.0,0.01,0.04,-0.01
5.0,-0.52,0.0,0.01,0.04,-0.01
5.02,-0.52,-0.02,0.01,0.04,-0.01
4.98,-0.46,0.08,0.01,0.04,-0.01
5.0,-0.42,0.0,0.02,0.04,-0.02
4.98,-0.46,0.08,0.01,0.05,-0.02
5.06,-0.42,0.02,0.01,0.05,-0.02
4.98,-0.38,0.13,0.01,0.05,-0.01
4.98,-0.38,0.1,0.0,0.05,-0.01
4.96,-0.4,0.1,-0.0,0.05,-0.01
4.9,-0.4,0.11,-0.0,0.05,-0.01
4.9,-0.44,0.11,-0.0,0.05,-0.01
4.87,-0.42,0.08,-0.0,0.04,-0.01
4.92,-0.48,0.13,-0.0,0.04,-0.01
4.96,-0.44,0.1,-0.0,0.04,-0.01
4.92,-0.42,0.13,-0.0,0.04,-0.0
4.9,-0.46,0.11,0.0,0.04,-0.0
4.98,-0.48,0.11,0.0,0.04,-0.0
4.94,-0.44,0.13,0.0,0.04,-0.0
5.02,-0.5,0.11,0.0,0.04,-0.0
4.98,-0.5,0.13,0.01,0.04,-0.0
4.9,-0.42,0.06,0.01,0.04,-0.0
4.96,-0.46,0.11,0.01,0.05,-0.0
5.0,-0.44,0.15,0.01,0.05,-0.0
5.0,-0.44,0.06,0.0,0.05,-0.0
4.94,-0.36,0.1,0.0,0.05,-0.0
4.92,-0.4,0.15,0.0,0.04,-0.0
4.9,-0.4,0.11,0.0,0.04,-0.0
4.88,-0.36,0.11,-0.0,0.04,-0.0
4.92,-0.46,0.17,-0.0,0.04,-0.0
4.94,-0.46,0.15,-0.0,0.04,-0.0
5.0,-0.44,0.11,-0.0,0.04,-0.0
4.92,-0.48,0.11,-0.0,0.04,-0.0
4.92,-0.48,0.08,-0.0,0.04,-0.01
5.0,-0.4,0.15,-0.0,0.04,-0.01
4.96,-0.44,0.15,0.0,0.04,-0.01
4.94,-0.44,0.15,0.0,0.04,-0.01
4.94,-0.38,0.15,0.0,0.03,-0.01
4.92,-0.5,0.15,0.0,0.03,-0.01
4.96,-0.5,0.13,0.0,0.03,-0.01
4.92,-0.42,0.15,0.0,0.04,-0.01
4.92,-0.42,0.11,0.0,0.04,-0.01
4.88,-0.4,0.15,0.0,0.04,-0.01
4.94,-0.36,0.15,0.0,0.04,-0.01
4.96,-0.4,0.15,0.0,0.04,-0.01
4.96,-0.36,0.08,0.0,0.04,-0.01
4.94,-0.42,0.13,-0.0,0.04,-0.01
4.9,-0.34,0.15,-0.0,0.04,-0.0
4.92,-0.34,0.1,-0.01,0.04,-0.0
4.98,-0.4,0.08,-0.01,0.04,-0.0
5.0,-0.4,0.06,-0.01,0.04,-0.0
4.98,-0.46,0.08,-0.01,0.04,-0.0
4.98,-0.46,0.11,-0.01,0.04,-0.0
4.92,-0.5,0.13,-0.01,0.04,-0.0
4.96,-0.44,0.06,-0.0,0.04,-0.0
4.94,-0.5,0.02,-0.0,0.04,-0.0
4.92,-0.42,0.06,-0.0,0.04,-0.0
4.88,-0.48,0.13,-0.0,0.04,-0.0
4.9,-0.54,0.15,0.0,0.04,-0.0
4.92,-0.52,0.15,0.0,0.03,-0.0
4.9,-0.4,0.13,0.0,0.03,0.0
4.87,-0.42,0.1,0.0,0.03,0.0
4.98,-0.42,0.15,-0.0,0.03,-0.0
4.96,-0.42,0.17,-0.0,0.03,-0.0
4.98,-0.34,0.13,-0.01,0.03,-0.0
4.98,-0.36,0.11,-0.01,0.03,-0.0
4.92,-0.4,0.13,-0.01,0.04,-0.0
4.96,-0.46,0.13,-0.0,0.04,-0.0
4.94,-0.48,0.11,-0.0,0.04,-0.0
4.92,-0.42,0.11,-0.0,0.04,-0.0
5.0,-0.46,0.15,-0.0,0.04,-0.0
4.94,-0.44,0.13,-0.0,0.04,-0.0
4.96,-0.44,0.21,-0.01,0.04,-0.0
4.92,-0.44,0.17,-0.01,0.04,-0.0
4.88,-0.4,0.15,-0.0,0.04,-0.0
4.92,-0.38,0.13,-0.0,0.04,-0.0
4.94,-0.38,0.08,-0.0,0.04,-0.0
4.94,-0.4,0.11,0.0,0.04,-0.0
4.98,-0.4,0.15,0.0,0.04,-0.0
4.94,-0.36,0.08,-0.0,0.04,-0.0
4.94,-0.38,0.11,-0.0,0.04,-0.0
4.94,-0.46,0.15,-0.0,0.04,-0.0
4.9,-0.48,0.1,-0.0,0.03,0.0
4.92,-0.46,0.13,-0.01,0.03,0.0
4.92,-0.42,0.13,-0.01,0.03,0.0
4.9,-0.42,0.19,-0.01,0.03,0.0
4.87,-0.48,0.15,-0.01,0.03,0.0
4.94,-0.42,0.19,-0.01,0.03,-0.0
4.9,-0.44,0.08,-0.01,0.03,-0.0
4.9,-0.4,0.15,-0.01,0.03,-0.0
4.94,-0.46,0.13,-0.01,0.03,-0.0
4.92,-0.44,0.15,-0.01,0.03,-0.01
4.96,-0.42,0.15,-0.01,0.03,-0.01
4.92,-0.46,0.04,-0.01,0.03,-0.01
4.96,-0.44,0.1,-0.01,0.03,-0.01
4.9,-0.42,0.17,-0.01,0.03,-0.01
4.92,-0.42,0.19,-0.01,0.03,-0.01
4.94,-0.44,0.17,-0.01,0.03,-0.01
4.98,-0.4,0.11,-0.01,0.03,-0.01
4.94,-0.42,0.13,-0.0,0.02,-0.01
4.98,-0.36,0.15,-0.0,0.02,-0.01
4.96,-0.34,0.11,-0.0,0.03,-0.01
4.96,-0.42,0.15,-0.0,0.03,-0.01
4.96,-0.4,0.15,-0.0,0.03,-0.01
4.96,-0.42,0.13,-0.01,0.03,-0.01
4.96,-0.38,0.15,-0.0,0.03,-0.01
4.94,-0.38,0.06,-0.0,0.03,-0.01
4.92,-0.4,0.08,-0.01,0.03,-0.01
5.0,-0.42,0.11,-0.01,0.02,-0.01
4.96,-0.44,0.15,-0.01,0.02,-0.01
4.96,-0.46,0.13,-0.01,0.02,-0.01
4.94,-0.46,0.15,-0.01,0.02,-0.01
4.92,-0.46,0.1,-0.0,0.02,-0.0
4.94,-0.42,0.17,-0.0,0.02,-0.0
4.96,-0.4,0.15,-0.0,0.03,-0.0
4.98,-0.4,0.13,-0.0,0.03,-0.0
4.94,-0.36,0.1,-0.0,0.03,-0.0
4.94,-0.42,0.08,-0.0,0.03,-0.0
4.98,-0.38,0.04,0.0,0.03,-0.0
4.9,-0.36,0.1,0.0,0.03,-0.0
4.92,-0.42,0.15,-0.0,0.03,-0.0
4.92,-0.38,0.11,-0.0,0.03,-0.0
4.98,-0.4,0.13,-0.0,0.03,0.0
4.9,-0.42,0.1,-0.0,0.03,0.0
4.96,-0.42,0.13,-0.01,0.03,0.0
4.92,-0.44,0.13,-0.01,0.03,0.0
4.94,-0.46,0.15,-0.0,0.03,0.0
4.96,-0.4,0.1,-0.0,0.03,0.0
4.98,-0.44,0.15,-0.0,0.03,0.0
4.96,-0.4,0.36,-0.0,0.03,-0.0
4.98,-0.42,0.15,-0.01,0.03,-0.0
4.92,-0.34,0.06,-0.01,0.03,-0.0
4.92,-0.36,0.1,-0.01,0.03,-0.0
4.92,-0.34,0.15,-0.01,0.03,-0.0
4.92,-0.38,0.13,-0.01,0.03,0.0
4.94,-0.42,0.11,-0.01,0.03,-0.0
4.9,-0.34,0.1,-0.01,0.03,-0.0
4.96,-0.38,0.11,-0.01,0.03,-0.0
4.96,-0.42,0.1,-0.01,0.03,0.0
4.98,-0.48,0.13,-0.01,0.03,-0.0
4.96,-0.5,0.11,-0.01,0.03,-0.0
4.96,-0.46,0.15,-0.01,0.03,-0.0
4.94,-0.48,0.19,-0.01,0.03,-0.01
4.88,-0.46,0.15,-0.01,0.03,-0.01
4.85,-0.5,0.17,-0.01,0.03,-0.01
4.88,-0.46,0.15,-0.01,0.03,-0.01
4.92,-0.46,0.17,-0.01,0.03,-0.0
4.88,-0.4,0.15,-0.01,0.03,-0.01
4.98,-0.48,0.15,-0.01,0.03,-0.0
4.96,-0.38,0.17,-0.01,0.03,-0.0
4.94,-0.42,0.15,-0.01,0.03,-0.0
5.02,-0.4,0.11,-0.01,0.03,-0.0
4.96,-0.4,0.1,-0.01,0.03,-0.0
4.94,-0.38,0.02,-0.01,0.03,-0.01
4.92,-0.36,0.15,-0.01,0.02,-0.01
4.98,-0.4,0.13,-0.01,0.02,-0.01
5.02,-0.38,0.08,-0.01,0.02,-0.01
4.96,-0.25,0.08,-0.01,0.02,-0.01
4.9,-0.34,0.11,-0.02,0.02,-0.0
4.94,-0.36,0.1,-0.02,0.02,-0.0
4.92,-0.38,0.15,-0.02,0.02,0.0
4.96,-0.44,0.1,-0.02,0.02,0.0
4.96,-0.42,0.13,-0.02,0.02,0.0
4.94,-0.42,0.06,-0.02,0.02,-0.0
4.96,-0.44,0.13,-0.02,0.02,0.0
4.94,-0.48,0.04,-0.02,0.02,-0.0
4.96,-0.48,0.06,-0.01,0.02,-0.0
4.96,-0.46,0.1,-0.01,0.02,-0.0
4.9,-0.46,0.06,-0.01,0.02,0.0
4.98,-0.56,0.15,-0.01,0.02,0.0
4.98,-0.48,0.04,-0.0,0.02,0.0
4.96,-0.48,0.04,-0.0,0.02,-0.0
4.92,-0.46,0.1,0.0,0.02,-0.0
4.94,-0.44,0.08,0.0,0.02,-0.0
4.98,-0.5,0.06,0.01,0.02,-0.0
4.96,-0.46,0.11,0.01,0.03,-0.01
4.96,-0.4,0.1,0.01,0.03,-0.0
4.98,-0.42,0.11,0.0,0.03,-0.01
4.92,-0.36,0.17,0.0,0.03,-0.0
4.96,-0.34,0.15,0.0,0.03,-0.01
4.9,-0.36,0.08,0.0,0.03,-0.0
4.92,-0.36,0.15,-0.0,0.03,-0.0
4.9,-0.33,0.1,-0.01,0.03,-0.0
5.0,-0.31,0.1,-0.01,0.03,-0.0
4.98,-0.36,0.15,-0.01,0.03,-0.0
4.98,-0.34,0.06,-0.01,0.03,-0.01
4.96,-0.42,0.11,-0.02,0.03,-0.01
4.96,-0.46,0.06,-0.02,0.03,-0.01
5.0,-0.42,0.11,-0.02,0.02,-0.0
4.94,-0.46,0.1,-0.01,0.02,-0.01
4.94,-0.46,-0.02,-0.01,0.02,-0.0
4.9,-0.44,0.04,-0.01,0.02,-0.0
4.88,-0.48,0.06,-0.01,0.02,-0.0
4.92,-0.46,0.1,-0.01,0.02,-0.0
4.92,-0.4,0.0,-0.0,0.02,-0.0
4.98,-0.4,0.06,-0.0,0.02,-0.0
4.92,-0.42,0.08,-0.0,0.03,0.0
4.94,-0.4,0.15,-0.0,0.03,-0.0
4.9,-0.38,0.17,-0.01,0.03,0.0
4.88,-0.38,0.11,-0.01,0.03,-0.0
4.96,-0.36,0.1,-0.01,0.04,0.0
4.9,-0.34,0.11,-0.01,0.04,-0.0
5.02,-0.4,0.13,-0.01,0.04,-0.0
5.02,-0.4,0.13,-0.01,0.04,-0.0
4.96,-0.38,0.11,-0.01,0.03,-0.0
4.96,-0.38,0.13,-0.01,0.03,-0.0
4.96,-0.46,0.08,-0.01,0.03,-0.0
4.9,-0.38,0.0,-0.01,0.03,-0.0
4.94,-0.46,0.04,-0.01,0.03,-0.0
4.92,-0.44,0.1,-0.01,0.03,-0.0
4.92,-0.44,0.04,-0.01,0.03,-0.0
4.92,-0.44,0.15,-0.01,0.03,-0.0
4.94,-0.44,0.02,-0.01,0.02,-0.0
4.98,-0.42,0.04,-0.01,0.02,-0.0
4.98,-0.42,0.02,-0.01,0.02,-0.0
4.96,-0.36,0.04,-0.01,0.02,-0.0
4.98,-0.4,0.02,-0.0,0.02,-0.0
4.94,-0.36,0.02,-0.0,0.02,-0.01
4.9,-0.36,-0.02,-0.0,0.02,-0.01
4.94,-0.42,-0.02,-0.0,0.02,-0.01
4.87,-0.31,0.04,-0.01,0.02,-0.01
4.9,-0.34,0.1,-0.01,0.03,-0.01
4.94,-0.38,0.13,-0.01,0.03,-0.0
4.94,-0.42,0.11,-0.01,0.03,-0.0
5.02,-0.44,0.17,-0.01,0.03,0.0
4.96,-0.46,0.04,-0.01,0.04,0.0
4.96,-0.42,0.08,-0.01,0.03,0.0
5.0,-0.48,0.11,-0.01,0.03,0.01
4.92,-0.48,0.02,-0.01,0.03,0.01
4.96,-0.52,0.08,-0.0,0.03,0.01
4.98,-0.5,0.11,-0.0,0.03,0.01
4.92,-0.52,0.15,0.0,0.03,0.01
4.94,-0.5,0.04,0.0,0.03,0.0
4.92,-0.52,0.11,0.0,0.03,0.0
4.92,-0.5,0.08,0.0,0.03,0.0
4.94,-0.46,0.1,0.0,0.03,-0.0
4.9,-0.42,0.13,0.0,0.03,-0.0
4.94,-0.38,0.17,-0.0,0.04,-0.01
5.0,-0.4,0.15,-0.01,0.04,-0.0
4.9,-0.4,0.13,-0.01,0.04,-0.0
4.98,-0.42,0.1,-0.01,0.04,-0.0
4.96,-0.34,0.13,-0.02,0.03,-0.0
4.92,-0.42,0.1,-0.02,0.03,0.0
4.94,-0.38,0.06,-0.02,0.03,-0.0
4.98,-0.46,0.08,-0.02,0.03,-0.0
4.92,-0.38,0.11,-0.02,0.03,-0.0
4.92,-0.42,0.08,-0.01,0.03,-0.0
4.9,-0.46,0.1,-0.01,0.03,-0.0
4.92,-0.44,0.15,-0.01,0.03,-0.0
4.94,-0.4,0.08,-0.01,0.03,-0.01
5.0,-0.38,0.1,-0.01,0.03,-0.0
5.0,-0.38,0.1,-0.01,0.03,-0.0
4.94,-0.38,0.13,-0.01,0.03,-0.0
5.02,-0.4,0.06,-0.01,0.03,-0.0
4.92,-0.34,0.08,-0.01,0.04,-0.0
5.02,-0.4,0.08,-0.01,0.04,-0.0
5.0,-0.4,0.13,-0.01,0.04,-0.0
4.98,-0.38,0.02,-0.01,0.04,-0.01
4.96,-0.36,0.08,-0.01,0.04,-0.0
4.98,-0.38,0.06,-0.01,0.04,-0.0
4.96,-0.38,0.04,-0.01,0.04,-0.0
4.92,-0.44,0.06,-0.01,0.04,-0.0
4.9,-0.36,0.11,-0.01,0.04,-0.0
4.96,-0.34,0.1,-0.01,0.04,-0.0
4.87,-0.36,0.1,-0.01,0.03,-0.0
4.96,-0.36,0.04,-0.01,0.03,-0.0
4.92,-0.36,0.04,-0.01,0.03,-0.0
4.92,-0.4,0.11,-0.01,0.03,-0.0
4.92,-0.38,0.06,-0.01,0.03,0.0
4.94,-0.36,0.02,-0.01,0.03,0.0
4.96,-0.4,0.04,-0.01,0.03,0.0
4.94,-0.36,0.13,-0.01,0.03,0.0
4.96,-0.44,0.06,-0.01,0.03,0.0
4.98,-0.42,0.06,-0.01,0.03,0.0
4.94,-0.42,0.1,-0.01,0.03,0.0
4.98,-0.46,0.04,-0.0,0.03,-0.0
4.96,-0.42,0.04,-0.0,0.03,-0.0
4.96,-0.4,0.08,-0.0,0.03,-0.0
4.94,-0.36,0.11,-0.0,0.04,-0.0
4.88,-0.38,0.1,-0.0,0.04,-0.0
4.92,-0.34,0.04,-0.0,0.04,-0.0
4.92,-0.38,0.1,-0.0,0.04,-0.0
4.9,-0.46,0.15,-0.0,0.04,0.0
4.9,-0.4,0.04,-0.0,0.04,0.0
4.92,-0.44,0.11,-0.0,0.04,0.0
4.96,-0.42,0.15,-0.01,0.04,0.0
4.94,-0.48,0.13,-0.01,0.04,0.0
4.9,-0.46,-0.04,-0.01,0.04,0.0
4.88,-0.44,0.1,-0.0,0.04,0.0
4.96,-0.48,0.13,-0.0,0.04,0.0
4.98,-0.46,0.1,-0.0,0.04,0.0
4.94,-0.48,0.13,-0.0,0.04,0.0
4.98,-0.5,0.15,-0.0,0.04,0.0
4.94,-0.42,0.11,-0.0,0.04,0.0
5.02,-0.48,0.15,-0.0,0.04,0.0
4.98,-0.44,0.15,-0.0,0.04,-0.0
4.92,-0.44,0.06,0.0,0.04,0.0
4.92,-0.44,0.04,0.0,0.04,-0.0
4.94,-0.42,0.1,0.0,0.04,-0.0
4.98,-0.44,0.0,0.0,0.04,-0.0
4.96,-0.46,0.02,0.0,0.04,-0.0
4.92,-0.34,0.11,0.0,0.04,-0.0
4.9,-0.42,0.11,-0.0,0.04,-0.01
4.92,-0.42,0.13,-0.0,0.04,-0.01
4.96,-0.44,0.17,-0.01,0.04,-0.0
4.92,-0.36,0.15,-0.01,0.04,-0.0
4.92,-0.42,0.13,-0.01,0.04,-0.0
4.96,-0.5,0.15,-0.01,0.04,-0.0
4.96,-0.44,0.1,-0.01,0.04,-0.0
4.92,-0.38,0.11,-0.01,0.04,-0.0
4.94,-0.42,0.06,-0.01,0.04,-0.0
4.94,-0.36,0.04,-0.01,0.04,-0.0
4.94,-0.42,0.11,-0.01,0.04,-0.0
4.94,-0.38,0.06,-0.01,0.04,-0.0
4.92,-0.34,0.0,-0.0,0.04,-0.0
4.96,-0.4,0.04,-0.01,0.04,-0.0
5.0,-0.4,0.06,-0.01,0.04,-0.0
4.96,-0.34,0.08,-0.01,0.04,-0.0
4.94,-0.4,0.06,-0.01,0.04,-0.0
4.9,-0.36,0.13,-0.01,0.04,-0.0
4.92,-0.38,0.15,-0.01,0.04,-0.0
4.9,-0.38,0.13,-0.01,0.04,-0.0
4.88,-0.38,0.1,-0.01,0.04,-0.0
4.92,-0.38,0.08,-0.01,0.04,-0.0
4.94,-0.46,0.1,-0.01,0.03,-0.0
4.96,-0.42,0.06,-0.01,0.03,-0.0
4.92,-0.46,0.15,-0.01,0.03,-0.0
4.94,-0.4,0.08,-0.01,0.03,-0.01
4.88,-0.4,-0.02,-0.01,0.03,-0.01
4.87,-0.44,0.13,-0.01,0.03,-0.01
4.94,-0.42,0.15,-0.01,0.03,-0.01
4.96,-0.48,0.06,-0.01,0.03,-0.01
4.96,-0.4,0.15,-0.01,0.03,-0.01
4.92,-0.38,0.15,-0.01,0.03,-0.0
4.94,-0.38,0.1,-0.01,0.03,-0.0
4.96,-0.38,0.11,-0.01,0.03,-0.0
4.92,-0.38,0.13,-0.01,0.03,-0.0
4.94,-0.42,0.08,-0.01,0.03,-0.0
4.94,-0.44,0.1,-0.01,0.03,-0.0
5.02,-0.44,0.15,-0.01,0.03,0.0
4.98,-0.46,0.15,-0.01,0.03,-0.0
5.02,-0.46,0.13,-0.01,0.03,-0.0
5.0,-0.4,0.13,-0.01,0.03,-0.0
4.96,-0.4,0.15,-0.01,0.03,-0.0
4.96,-0.36,0.11,-0.01,0.03,-0.0
4.94,-0.36,0.06,-0.01,0.03,-0.01
4.94,-0.38,0.0,-0.01,0.03,-0.0
4.96,-0.36,0.15,-0.01,0.03,-0.0
4.96,-0.38,0.15,-0.01,0.03,-0.0
5.0,-0.44,0.11,-0.02,0.03,-0.0
5.02,-0.38,0.15,-0.02,0.04,-0.0
4.98,-0.42,0.13,-0.01,0.04,-0.0
5.02,-0.38,0.08,-0.01,0.04,-0.0
5.0,-0.38,0.15,-0.01,0.04,-0.0
4.96,-0.4,0.1,-0.01,0.04,-0.0
4.96,-0.4,0.13,-0.01,0.03,-0.0
4.96,-0.44,0.1,-0.01,0.03,-0.0
4.96,-0.42,0.19,-0.01,0.03,-0.0
4.85,-0.44,0.06,-0.01,0.03,-0.0
4.9,-0.46,0.02,-0.01,0.03,-0.0
4.87,-0.42,0.15,-0.01,0.03,-0.0
4.9,-0.38,0.13,-0.01,0.03,-0.0
4.94,-0.46,0.15,-0.01,0.03,0.0
4.92,-0.42,0.11,-0.01,0.03,0.0
4.96,-0.4,0.11,-0.01,0.03,0.0
4.98,-0.42,0.11,-0.01,0.03,0.0
5.02,-0.46,0.11,-0.01,0.03,-0.0
5.0,-0.4,0.04,-0.01,0.04,0.0
5.0,-0.38,0.15,-0.01,0.04,0.0
4.94,-0.42,0.08,-0.01,0.04,0.0
4.92,-0.4,0.1,-0.01,0.04,0.0
4.96,-0.42,0.08,-0.0,0.04,0.0
4.92,-0.38,0.06,-0.0,0.04,0.0
4.92,-0.34,0.11,-0.0,0.04,0.0
4.96,-0.44,0.1,-0.0,0.04,0.0
4.9,-0.36,0.15,-0.0,0.04,0.0
4.96,-0.38,0.04,-0.0,0.04,0.0
4.98,-0.42,0.08,-0.0,0.04,0.0
5.0,-0.42,0.08,-0.0,0.04,0.0
4.96,-0.42,0.1,-0.0,0.04,0.0
4.94,-0.46,0.1,-0.0,0.04,0.0
4.98,-0.44,0.15,-0.0,0.03,0.0
4.92,-0.42,0.15,-0.0,0.03,0.0
4.98,-0.48,0.15,-0.0,0.03,0.0
4.92,-0.52,0.13,0.0,0.04,0.0
4.94,-0.44,0.13,0.0,0.04,0.0
4.94,-0.44,0.08,0.0,0.04,-0.0
4.9,-0.46,0.15,0.0,0.04,-0.0
4.94,-0.46,0.1,-0.0,0.04,-0.0
4.92,-0.46,0.11,-0.0,0.04,-0.0
4.98,-0.42,0.1,-0.0,0.04,-0.01
5.02,-0.44,0.13,-0.0,0.04,-0.0
4.9,-0.42,0.08,-0.0,0.04,-0.01
4.96,-0.44,0.13,-0.0,0.04,-0.0
4.87,-0.4,0.08,-0.0,0.04,-0.0
4.88,-0.38,0.17,-0.0,0.04,-0.0
4.92,-0.42,0.08,-0.0,0.04,-0.0
4.94,-0.4,0.13,-0.0,0.04,-0.0
4.88,-0.36,0.11,0.0,0.04,-0.0
4.98,-0.36,0.11,0.0,0.03,-0.0
4.96,-0.38,0.15,0.0,0.03,-0.0
4.94,-0.34,0.13,-0.0,0.03,-0.0
5.0,-0.44,0.17,-0.0,0.03,-0.0
4.94,-0.42,0.15,-0.0,0.03,0.0
5.0,-0.4,0.15,-0.01,0.03,0.0
4.96,-0.46,0.1,-0.01,0.03,0.0
4.9,-0.4,0.1,-0.0,0.03,-0.0
4.94,-0.38,0.13,-0.0,0.03,-0.0
4.96,-0.4,0.11,-0.01,0.03,-0.0
4.96,-0.48,0.15,-0.01,0.03,-0.0
4.96,-0.42,0.13,-0.01,0.03,-0.01
4.96,-0.36,0.17,-0.01,0.03,-0.0
4.92,-0.34,0.11,-0.0,0.03,-0.01
4.94,-0.34,0.11,-0.01,0.03,-0.0
4.88,-0.38,0.13,-0.01,0.03,-0.0
4.96,-0.34,0.11,-0.01,0.03,-0.0
5.02,-0.44,0.17,-0.01,0.03,-0.0
4.96,-0.38,0.13,-0.01,0.03,0.0
4.98,-0.44,0.13,-0.01,0.03,-0.0
4.92,-0.34,0.15,-0.01,0.03,-0.0
5.04,-0.42,0.11,-0.01,0.03,-0.0
5.0,-0.44,0.08,-0.01,0.03,-0.0
4.88,-0.34,0.11,-0.01,0.03,-0.0
4.87,-0.36,0.04,-0.01,0.03,-0.0
4.94,-0.4,0.1,-0.01,0.02,-0.0
4.88,-0.42,0.06,-0.01,0.02,-0.0
4.96,-0.36,0.15,-0.01,0.02,-0.0
4.98,-0.4,0.1,-0.01,0.02,0.0
4.96,-0.36,0.13,-0.01,0.02,-0.0
5.0,-0.46,0.13,-0.01,0.02,0.0
4.9,-0.36,0.11,-0.01,0.02,-0.0
4.92,-0.38,0.11,-0.01,0.02,0.0
4.98,-0.42,0.13,-0.01,0.02,-0.0
4.94,-0.34,0.11,-0.01,0.02,-0.0
5.0,-0.42,0.11,-0.01,0.02,-0.0
5.0,-0.42,0.13,-0.01,0.02,0.0
4.94,-0.4,0.13,-0.01,0.03,-0.0
4.94,-0.42,0.13,-0.01,0.03,0.0
4.9,-0.4,0.1,-0.02,0.03,-0.0
4.94,-0.4,0.1,-0.02,0.03,0.0
4.98,-0.4,0.06,-0.02,0.03,-0.0
4.94,-0.44,0.06,-0.02,0.03,-0.0
4.88,-0.42,0.06,-0.02,0.03,-0.0
4.92,-0.4,0.04,-0.02,0.03,-0.0
4.88,-0.38,0.06,-0.02,0.03,-0.0
4.92,-0.42,0.15,-0.02,0.03,-0.0
4.92,-0.44,0.1,-0.02,0.03,-0.0
4.94,-0.44,0.15,-0.02,0.02,-0.0
4.96,-0.5,0.11,-0.02,0.02,-0.0
4.9,-0.46,0.13,-0.02,0.02,-0.0
4.92,-0.46,0.1,-0.02,0.02,-0.0
4.94,-0.48,0.15,-0.02,0.02,-0.0
4.92,-0.42,0.11,-0.01,0.02,-0.0
4.92,-0.46,0.04,-0.01,0.02,-0.0
4.96,-0.48,0.11,-0.01,0.02,-0.0
4.98,-0.52,0.08,-0.01,0.02,0.0
4.94,-0.42,0.15,-0.01,0.02,-0.0
4.96,-0.38,0.06,-0.01,0.02,0.0
4.98,-0.4,0.08,-0.01,0.02,-0.0
4.98,-0.38,0.08,-0.01,0.02,0.0
4.94,-0.38,0.04,-0.01,0.02,-0.0
4.9,-0.33,0.17,-0.01,0.02,0.0
4.96,-0.36,0.1,-0.01,0.02,-0.0
4.94,-0.36,0.11,-0.01,0.02,0.0
4.94,-0.38,0.15,-0.01,0.02,0.0
4.96,-0.34,0.06,-0.01,0.02,0.0
4.94,-0.44,0.06,-0.01,0.02,0.0
5.0,-0.4,0.02,-0.01,0.02,0.0
4.96,-0.38,0.1,-0.01,0.02,0.0
4.94,-0.4,0.08,-0.01,0.02,0.0
4.92,-0.46,0.08,-0.01,0.02,0.0
4.94,-0.44,0.02,-0.01,0.02,0.0
4.92,-0.36,0.08,-0.01,0.02,-0.0
4.96,-0.42,-0.04,-0.01,0.02,-0.0
4.92,-0.36,0.0,-0.01,0.02,-0.0
4.92,-0.44,0.08,-0.01,0.02,-0.0
4.94,-0.36,0.04,-0.01,0.02,-0.0
4.94,-0.44,0.1,-0.01,0.03,-0.0
4.98,-0.42,0.1,-0.01,0.03,-0.0
4.96,-0.44,0.08,-0.01,0.03,-0.0
4.96,-0.42,0.1,-0.01,0.03,-0.0
4.96,-0.4,0.08,-0.01,0.03,-0.0
4.94,-0.36,0.17,-0.01,0.03,-0.0
4.96,-0.46,0.08,-0.01,0.03,0.0
4.96,-0.34,0.04,-0.01,0.04,-0.0
5.0,-0.38,0.13,-0.01,0.03,-0.0
4.96,-0.29,0.08,-0.01,0.03,-0.0
4.94,-0.34,0.13,-0.01,0.03,0.0
5.0,-0.36,0.0,-0.01,0.03,0.0
5.0,-0.48,0.29,-0.01,0.03,0.0
4.94,-0.42,0.13,-0.01,0.03,0.0
4.96,-0.42,0.13,-0.02,0.03,0.0
4.92,-0.44,0.11,-0.02,0.03,0.0
4.96,-0.48,0.1,-0.02,0.03,0.0
4.96,-0.44,0.04,-0.02,0.03,0.0
5.0,-0.54,0.1,-0.01,0.03,0.0
4.92,-0.44,0.15,-0.01,0.03,0.0
4.98,-0.5,0.15,-0.01,0.03,0.0
4.94,-0.46,0.15,-0.01,0.03,0.0
4.92,-0.44,0.11,-0.01,0.02,0.0
5.0,-0.42,0.15,-0.01,0.02,0.0
4.96,-0.46,0.13,-0.01,0.02,0.0
4.94,-0.36,0.13,-0.01,0.02,0.0
4.88,-0.38,0.0,-0.01,0.02,0.0
4.92,-0.4,0.15,-0.01,0.02,0.0
4.9,-0.34,0.1,-0.01,0.02,0.01
4.92,-0.46,0.08,-0.01,0.02,0.01
4.92,-0.4,0.17,-0.01,0.02,0.01
4.94,-0.4,0.11,-0.02,0.02,0.01
4.92,-0.42,0.11,-0.02,0.02,0.01
4.94,-0.33,0.1,-0.02,0.02,0.01
4.92,-0.36,0.0,-0.02,0.02,0.01
4.96,-0.36,0.13,-0.02,0.02,0.01
4.88,-0.33,0.06,-0.02,0.02,0.01
4.94,-0.34,0.08,-0.02,0.01,0.02
5.0,-0.38,-0.06,-0.01,0.01,0.02
5.08,-0.4,-0.15,-0.01,0.02,0.03
4.98,-0.42,-0.04,-0.01,0.02,0.03
5.04,-0.42,-0.04,-0.01,0.03,0.04
5.04,-0.48,-0.04,-0.01,0.04,0.04
5.11,-0.5,0.0,-0.01,0.04,0.05
5.08,-0.48,0.11,-0.01,0.05,0.05
5.15,-0.56,0.06,-0.01,0.06,0.06
5.23,-0.61,0.15,-0.01,0.07,0.07
5.27,-0.57,0.15,-0.01,0.07,0.07
5.36,-0.63,0.19,-0.0,0.08,0.07
5.54,-0.57,0.15,0.0,0.09,0.08
5.71,-0.54,0.11,0.0,0.09,0.09
5.8,-0.5,0.06,-0.0,0.09,0.09
5.84,-0.4,-0.02,-0.01,0.09,0.09
5.71,-0.4,0.08,-0.04,0.08,0.08
5.61,-0.33,-0.02,-0.06,0.06,0.07
5.54,-0.44,0.15,-0.08,0.03,0.06
5.4,-0.46,-0.04,-0.09,0.01,0.06
5.27,-0.52,-0.02,-0.11,-0.02,0.06
4.96,-0.54,-0.06,-0.13,-0.05,0.07
4.64,-0.65,-0.21,-0.15,-0.08,0.07
4.1,-0.77,-0.34,-0.17,-0.1,0.08
3.87,-0.96,-0.61,-0.18,-0.12,0.11
4.04,-1.11,-0.94,-0.18,-0.14,0.16
4.25,-1.15,-1.21,-0.17,-0.14,0.19
4.41,-1.11,-1.32,-0.15,-0.13,0.22
4.35,-1.0,-1.0,-0.14,-0.1,0.24
4.19,-0.84,-0.57,-0.13,-0.09,0.25
3.98,-0.63,0.1,-0.14,-0.1,0.25
3.72,-0.42,0.52,-0.16,-0.15,0.24
3.41,-0.36,0.71,-0.2,-0.23,0.21
3.31,-0.59,0.46,-0.23,-0.32,0.19
3.45,-0.71,0.15,-0.23,-0.39,0.17
3.68,-0.84,-0.34,-0.21,-0.46,0.17
3.83,-0.92,-0.48,-0.18,-0.51,0.17
4.04,-1.05,-0.75,-0.15,-0.54,0.17
4.16,-1.26,-0.67,-0.13,-0.56,0.17
4.29,-1.44,-0.57,-0.11,-0.58,0.17
4.58,-1.67,-0.46,-0.08,-0.61,0.17
4.88,-1.93,-0.17,-0.05,-0.64,0.16
5.08,-1.95,0.0,-0.02,-0.66,0.14
5.36,-1.95,0.17,0.01,-0.68,0.12
5.32,-1.8,0.27,0.04,-0.69,0.09
5.38,-1.55,0.5,0.08,-0.69,0.06
5.32,-1.11,0.63,0.09,-0.7,0.02
5.13,-0.71,0.75,0.11,-0.7,-0.0
5.02,-0.29,0.75,0.11,-0.73,-0.01
4.69,-0.11,0.79,0.1,-0.74,-0.01
4.58,0.02,0.88,0.09,-0.73,-0.02
4.67,0.13,1.03,0.05,-0.7,-0.02
4.71,0.15,1.21,0.01,-0.66,-0.01
5.06,0.11,1.17,-0.01,-0.62,0.0
5.71,0.11,1.26,-0.01,-0.57,0.03
5.92,-0.15,1.26,-0.01,-0.52,0.05
5.94,-0.08,1.36,0.01,-0.48,0.06
5.92,-0.15,1.13,0.01,-0.44,0.05
5.67,-0.23,0.86,0.01,-0.42,0.02
5.42,-0.17,0.75,0.01,-0.4,-0.03
5.27,-0.1,0.57,0.03,-0.39,-0.07
5.27,0.11,0.34,0.05,-0.39,-0.11
5.31,0.29,0.15,0.06,-0.38,-0.14
5.55,0.61,0.1,0.06,-0.38,-0.15
5.69,0.44,-0.23,0.07,-0.39,-0.12
5.73,0.44,-0.36,0.07,-0.39,-0.09
5.82,0.29,-0.23,0.08,-0.37,-0.06
6.05,0.34,-0.04,0.1,-0.36,-0.03
5.94,0.42,-0.21,0.13,-0.34,-0.01
6.15,0.94,-0.19,0.15,-0.33,-0.01
6.15,1.26,-0.56,0.17,-0.33,-0.01
5.92,1.46,-0.67,0.21,-0.33,0.02
5.86,1.8,-0.96,0.26,-0.33,0.06
5.75,1.95,-1.13,0.29,-0.31,0.12
6.26,1.99,-1.51,0.3,-0.3,0.19
5.57,1.76,-1.32,0.31,-0.31,0.28
5.4,1.19,-1.67,0.35,-0.31,0.33
5.5,1.17,-1.7,0.39,-0.31,0.36
5.55,1.05,-1.9,0.4,-0.31,0.39
5.36,1.03,-1.86,0.4,-0.32,0.4
4.98,0.86,-2.01,0.4,-0.33,0.42
4.87,0.86,-2.13,0.39,-0.34,0.45
4.79,0.69,-2.43,0.37,-0.35,0.5
4.65,0.31,-2.66,0.34,-0.36,0.54
4.46,0.13,-2.87,0.32,-0.35,0.56
4.33,-0.08,-2.83,0.3,-0.33,0.58
4.21,-0.42,-2.76,0.3,-0.31,0.61
4.1,-0.67,-2.85,0.33,-0.29,0.63
4.19,-0.8,-3.01,0.38,-0.28,0.65
4.41,-1.0,-3.06,0.42,-0.28,0.68
4.73,-1.05,-3.24,0.46,-0.26,0.71
5.29,-0.79,-2.7,0.46,-0.22,0.73
5.25,-1.02,-3.08,0.46,-0.16,0.78
5.5,-0.86,-3.01,0.46,-0.08,0.79
5.63,-0.63,-3.1,0.48,-0.0,0.8
5.52,-0.56,-2.89,0.49,0.08,0.82
5.32,-0.57,-2.76,0.48,0.15,0.85
5.13,-0.75,-2.55,0.48,0.22,0.88
4.9,-0.86,-2.47,0.48,0.27,0.91
4.77,-0.86,-2.38,0.47,0.3,0.94
4.73,-0.96,-2.22,0.45,0.33,0.97
4.6,-0.98,-2.03,0.44,0.36,1.0
4.5,-1.03,-1.92,0.43,0.42,1.05
4.56,-0.98,-1.7,0.44,0.47,1.09
4.54,-1.0,-1.46,0.45,0.52,1.13
4.42,-1.15,-1.21,0.47,0.55,1.17
4.42,-1.34,-1.36,0.51,0.57,1.2
4.37,-1.46,-1.49,0.54,0.58,1.22
4.1,-1.55,-1.82,0.57,0.57,1.23
3.98,-1.88,-1.99,0.59,0.54,1.23
3.6,-2.16,-1.76,0.58,0.5,1.22
3.16,-2.36,-1.4,0.56,0.45,1.2
2.82,-2.55,-1.03,0.54,0.36,1.18
2.51,-2.72,-0.84,0.52,0.28,1.15
2.51,-2.87,-0.77,0.5,0.19,1.14
2.68,-3.14,-0.8,0.5,0.13,1.14
3.01,-3.18,-0.9,0.5,0.1,1.14
3.35,-3.22,-0.82,0.53,0.1,1.15
3.62,-3.26,-0.36,0.55,0.11,1.17
3.77,-3.26,-0.23,0.56,0.11,1.17
3.93,-3.28,-0.15,0.58,0.09,1.17
3.96,-3.31,-0.23,0.59,0.06,1.17
3.79,-3.41,-0.31,0.6,0.05,1.17
3.95,-3.35,-0.56,0.61,0.05,1.17
3.87,-3.37,-0.56,0.62,0.07,1.17
3.79,-3.45,-0.84,0.61,0.08,1.17
3.73,-3.47,-1.03,0.61,0.1,1.18
3.75,-3.49,-1.11,0.59,0.12,1.18
3.68,-3.41,-1.26,0.58,0.15,1.18
3.81,-3.29,-1.32,0.56,0.19,1.18
3.79,-3.22,-1.34,0.52,0.22,1.17
3.87,-3.05,-1.57,0.48,0.25,1.16
3.85,-2.93,-1.61,0.43,0.27,1.15
3.93,-3.05,-1.57,0.37,0.29,1.14
3.83,-2.97,-1.28,0.32,0.31,1.11
3.47,-3.12,-1.11,0.26,0.32,1.08
3.06,-3.35,-0.75,0.21,0.31,1.05
2.66,-3.64,-0.38,0.17,0.29,1.02
2.41,-3.93,-0.17,0.14,0.27,0.99
2.13,-4.1,-0.04,0.12,0.26,0.97
1.8,-4.27,-0.17,0.09,0.25,0.95
1.57,-4.46,-0.17,0.08,0.27,0.93
1.17,-4.44,-0.31,0.08,0.29,0.91
0.63,-4.27,-0.17,0.07,0.3,0.9
0.29,-4.19,0.13,0.05,0.3,0.91
0.42,-4.21,0.27,0.04,0.28,0.92
0.54,-4.08,0.15,0.04,0.26,0.95
0.96,-4.14,-0.04,0.03,0.25,0.97
1.23,-4.16,-0.15,0.02,0.25,0.99
1.3,-4.25,-0.23,0.01,0.26,0.99
1.46,-4.18,-0.1,-0.01,0.27,1.0
1.7,-4.48,-0.11,-0.02,0.27,1.01
1.88,-4.52,-0.06,-0.03,0.26,1.0
2.05,-4.54,-0.17,-0.03,0.26,0.99
2.2,-4.58,-0.21,-0.02,0.26,0.97
2.28,-4.44,-0.23,-0.01,0.27,0.96
2.38,-4.41,-0.34,-0.0,0.29,0.94
2.47,-4.27,-0.29,0.01,0.31,0.93
2.34,-4.12,-0.36,0.02,0.34,0.91
2.2,-3.95,-0.52,0.02,0.35,0.89
2.03,-3.81,-0.52,0.02,0.37,0.89
1.97,-3.81,-0.57,0.02,0.39,0.89
1.88,-3.7,-0.52,0.0,0.4,0.89
1.88,-3.75,-0.57,-0.01,0.41,0.88
1.86,-3.77,-0.46,-0.03,0.41,0.89
1.78,-3.89,-0.33,-0.05,0.42,0.88
1.8,-4.1,-0.15,-0.06,0.43,0.88
1.78,-4.27,-0.06,-0.07,0.43,0.86
1.8,-4.48,0.02,-0.08,0.43,0.85
1.61,-4.67,0.13,-0.08,0.43,0.83
1.55,-4.92,0.21,-0.07,0.41,0.81
1.46,-5.13,0.21,-0.06,0.39,0.8
1.42,-5.38,0.48,-0.04,0.38,0.78
1.3,-5.52,0.5,-0.01,0.37,0.77
1.53,-5.84,0.59,0.02,0.37,0.76
1.65,-6.05,0.65,0.06,0.37,0.74
1.67,-6.21,0.57,0.1,0.36,0.72
1.55,-6.19,0.5,0.13,0.33,0.67
1.51,-6.07,0.27,0.14,0.29,0.62
1.38,-5.94,0.06,0.12,0.25,0.54
1.28,-5.71,0.0,0.09,0.23,0.5
1.09,-5.63,0.0,0.06,0.21,0.46
1.02,-5.46,0.15,0.03,0.19,0.44
1.05,-5.4,0.29,0.01,0.16,0.41
1.02,-5.31,0.27,-0.0,0.12,0.39
0.92,-5.23,0.29,-0.0,0.09,0.38
0.86,-5.25,0.19,0.01,0.07,0.39
0.77,-5.09,0.13,0.03,0.05,0.39
0.61,-5.04,0.11,0.03,0.03,0.41
0.36,-5.02,0.06,0.04,0.02,0.42
0.17,-4.98,0.0,0.05,0.01,0.43
0.04,-4.87,0.1,0.07,-0.01,0.44
0.11,-4.79,-0.04,0.1,-0.02,0.45
0.08,-4.75,-0.15,0.13,-0.02,0.44
0.19,-4.31,-0.06,0.17,-0.01,0.43
0.23,-4.29,-0.06,0.2,0.0,0.44
0.21,-4.21,0.11,0.22,0.02,0.45
0.21,-4.35,0.11,0.23,0.04,0.45
0.19,-4.42,0.15,0.24,0.05,0.46
0.23,-4.65,0.4,0.24,0.05,0.47
0.17,-4.75,0.36,0.24,0.04,0.48
0.08,-4.94,0.48,0.25,0.03,0.49
0.02,-5.09,0.59,0.25,0.02,0.5
0.02,-5.21,0.56,0.25,0.01,0.49
-0.02,-5.31,0.56,0.25,0.01,0.49
0.04,-5.42,0.46,0.25,0.01,0.47
0.02,-5.63,0.42,0.25,0.01,0.46
-0.1,-5.67,0.42,0.25,0.02,0.44
-0.19,-5.88,0.29,0.26,0.03,0.4
-0.31,-6.01,0.17,0.26,0.03,0.38
-0.4,-6.13,0.13,0.27,0.03,0.37
-0.44,-5.94,0.23,0.29,0.05,0.34
-0.54,-5.94,0.27,0.31,0.07,0.32
-0.57,-5.71,0.17,0.31,0.09,0.31
-0.63,-5.52,0.25,0.31,0.12,0.31
-0.75,-5.32,0.17,0.29,0.14,0.31
-0.82,-5.21,0.19,0.27,0.17,0.32
-0.92,-5.02,0.15,0.23,0.2,0.34
-0.94,-4.98,0.11,0.19,0.22,0.36
-1.09,-4.77,0.04,0.16,0.23,0.38
-1.11,-4.64,-0.06,0.14,0.23,0.39
-1.13,-4.5,-0.15,0.12,0.23,0.4
-1.13,-4.37,-0.13,0.1,0.23,0.41
-1.11,-4.27,-0.21,0.09,0.22,0.42
-1.07,-4.21,-0.23,0.08,0.21,0.41
-0.92,-4.14,-0.15,0.07,0.19,0.41
-0.82,-4.25,-0.04,0.06,0.18,0.41
-0.79,-4.39,0.1,0.05,0.17,0.4
-0.71,-4.5,0.19,0.06,0.16,0.38
-0.54,-4.54,0.33,0.07,0.16,0.36
-0.44,-4.67,0.46,0.08,0.16,0.36
-0.46,-4.73,0.5,0.09,0.17,0.34
-0.36,-4.75,0.67,0.11,0.18,0.33
-0.23,-4.79,0.63,0.12,0.2,0.31
-0.23,-4.88,0.63,0.13,0.21,0.3
-0.13,-4.92,0.63,0.13,0.22,0.29
-0.13,-4.96,0.63,0.13,0.23,0.27
-0.19,-4.98,0.59,0.14,0.24,0.25
-0.21,-4.92,0.52,0.15,0.25,0.23
-0.31,-4.98,0.61,0.16,0.25,0.21
-0.44,-4.88,0.59,0.17,0.26,0.18
-0.4,-4.75,0.59,0.19,0.26,0.17
-0.5,-4.71,0.63,0.2,0.25,0.17
-0.59,-4.73,0.67,0.21,0.24,0.18
-0.73,-4.65,0.67,0.22,0.24,0.18
-0.8,-4.65,0.67,0.24,0.23,0.17
-0.9,-4.58,0.63,0.24,0.22,0.17
-1.0,-4.56,0.69,0.24,0.21,0.16
-1.05,-4.52,0.73,0.24,0.2,0.15
-1.03,-4.5,0.67,0.23,0.18,0.15
-1.13,-4.48,0.69,0.22,0.16,0.14
-1.02,-4.46,0.56,0.21,0.14,0.13
-1.02,-4.46,0.63,0.2,0.13,0.12
-0.92,-4.5,0.65,0.19,0.11,0.11
-0.86,-4.52,0.61,0.19,0.11,0.1
-0.75,-4.64,0.59,0.18,0.1,0.1
-0.73,-4.67,0.59,0.17,0.1,0.09
-0.79,-4.92,0.57,0.16,0.1,0.08
-0.63,-4.67,0.63,0.16,0.1,0.07
-0.61,-4.75,0.67,0.16,0.1,0.07
-0.57,-4.75,0.71,0.14,0.11,0.07
-0.56,-4.75,0.59,0.13,0.11,0.06
-0.52,-4.77,0.57,0.12,0.12,0.06
-0.48,-4.83,0.57,0.12,0.12,0.05
-0.5,-4.85,0.57,0.11,0.12,0.03
-0.56,-4.79,0.63,0.11,0.11,0.02
-0.5,-4.77,0.61,0.11,0.11,0.0
-0.5,-4.73,0.57,0.11,0.12,-0.01
-0.56,-4.62,0.56,0.11,0.14,-0.02
-0.52,-4.54,0.61,0.11,0.16,-0.02
-0.52,-4.56,0.59,0.1,0.17,-0.02
-0.5,-4.52,0.73,0.08,0.18,-0.01
-0.46,-4.58,0.65,0.06,0.17,-0.01
-0.56,-4.62,0.73,0.03,0.16,-0.01
-0.56,-4.69,0.71,0.02,0.14,-0.02
-0.48,-4.75,0.65,0.0,0.13,-0.03
-0.52,-4.79,0.65,-0.0,0.11,-0.04
-0.61,-4.77,0.56,-0.0,0.11,-0.05
-0.59,-4.85,0.71,0.01,0.1,-0.05
-0.54,-4.81,0.65,0.01,0.09,-0.06
-0.57,-4.88,0.63,0.01,0.08,-0.07
-0.54,-4.87,0.69,0.02,0.07,-0.08
-0.56,-4.85,0.84,0.02,0.05,-0.09
-0.46,-4.85,0.77,0.02,0.04,-0.1
-0.52,-4.81,0.77,0.02,0.03,-0.11
-0.5,-4.83,0.86,0.03,0.02,-0.12
-0.52,-4.81,0.75,0.03,0.01,-0.12
-0.38,-4.79,0.79,0.04,0.02,-0.12
-0.38,-4.69,0.86,0.04,0.03,-0.12
-0.27,-4.65,0.92,0.04,0.04,-0.12
-0.36,-4.62,0.96,0.04,0.06,-0.12
-0.38,-4.65,0.92,0.03,0.06,-0.12
-0.33,-4.6,0.96,0.03,0.06,-0.11
-0.27,-4.65,0.88,0.02,0.05,-0.1
-0.27,-4.67,0.9,0.01,0.04,-0.1
-0.21,-4.65,0.96,0.01,0.03,-0.09
-0.06,-4.71,0.88,0.0,0.02,-0.09
-0.11,-4.71,0.86,0.01,0.01,-0.09
-0.02,-4.69,0.92,0.01,0.01,-0.09
-0.06,-4.77,0.9,0.01,0.01,-0.09
-0.11,-4.77,0.86,0.01,0.02,-0.1
-0.17,-4.75,0.86,0.01,0.02,-0.1
-0.21,-4.77,0.79,0.01,0.03,-0.11
-0.25,-4.79,0.77,0.0,0.03,-0.12
-0.33,-4.81,0.79,-0.01,0.04,-0.12
-0.4,-4.83,0.69,-0.02,0.05,-0.13
-0.46,-4.88,0.75,-0.02,0.05,-0.14
-0.4,-4.94,0.77,-0.02,0.05,-0.14
-0.48,-4.94,0.8,-0.01,0.05,-0.14
-0.44,-4.88,0.75,-0.0,0.05,-0.14
-0.42,-4.88,0.77,0.01,0.05,-0.14
-0.4,-4.77,0.75,0.02,0.05,-0.14
-0.29,-4.81,0.79,0.03,0.05,-0.13
-0.25,-4.79,0.73,0.04,0.05,-0.13
-0.21,-4.73,0.75,0.05,0.05,-0.12
-0.11,-4.64,0.75,0.05,0.06,-0.11
-0.08,-4.64,0.71,0.05,0.07,-0.1
-0.04,-4.67,0.75,0.05,0.06,-0.1
0.0,-4.67,0.73,0.04,0.05,-0.09
0.08,-4.67,0.77,0.03,0.04,-0.09
0.06,-4.75,0.86,0.03,0.04,-0.09
0.06,-4.69,0.86,0.02,0.03,-0.09
0.1,-4.65,0.71,0.02,0.03,-0.09
0.06,-4.56,0.77,0.02,0.04,-0.08
0.0,-4.67,0.79,0.02,0.05,-0.08
0.0,-4.69,0.69,0.01,0.05,-0.08
-0.11,-4.67,0.71,0.01,0.05,-0.08
-0.11,-4.81,0.67,0.01,0.05,-0.08
-0.17,-4.83,0.75,0.0,0.05,-0.08
-0.21,-4.79,0.75,0.01,0.04,-0.08
-0.23,-4.83,0.77,0.01,0.04,-0.08
-0.23,-4.85,0.77,0.01,0.03,-0.08
-0.27,-4.9,0.71,0.02,0.03,-0.09
-0.23,-4.69,0.44,0.02,0.03,-0.09
-0.31,-4.85,0.75,0.03,0.02,-0.09
-0.29,-4.81,0.77,0.04,0.02,-0.09
-0.23,-4.73,0.73,0.04,0.01,-0.09
-0.17,-4.73,0.79,0.04,0.01,-0.08
-0.08,-4.69,0.8,0.04,0.01,-0.08
-0.06,-4.67,0.77,0.03,0.01,-0.08
0.06,-4.64,0.77,0.03,0.01,-0.08
0.15,-4.62,0.77,0.03,0.01,-0.07
0.25,-4.69,0.88,0.02,0.01,-0.07
0.25,-4.58,0.88,0.01,0.01,-0.07
0.19,-4.67,0.77,0.0,0.01,-0.07
0.15,-4.69,0.8,-0.01,0.01,-0.07
0.15,-4.69,0.8,-0.01,0.01,-0.07
0.17,-4.79,0.75,-0.01,0.01,-0.07
0.08,-4.85,0.8,-0.01,0.02,-0.07
0.11,-4.88,0.75,-0.01,0.02,-0.06
0.02,-4.85,0.96,-0.0,0.03,-0.06
0.04,-4.87,0.86,0.0,0.03,-0.06
-0.04,-4.88,0.92,0.0,0.03,-0.05
0.0,-4.9,0.98,0.01,0.03,-0.05
-0.06,-4.87,0.98,0.01,0.03,-0.05
-0.04,-4.83,1.0,0.02,0.03,-0.05
-0.1,-4.88,0.88,0.02,0.03,-0.05
0.02,-4.85,0.96,0.02,0.03,-0.04
-0.06,-4.81,0.88,0.02,0.04,-0.04
-0.06,-4.81,0.92,0.02,0.04,-0.04
-0.02,-4.73,0.9,0.02,0.03,-0.04
0.02,-4.73,0.88,0.02,0.03,-0.04
0.06,-4.73,0.9,0.02,0.03,-0.04
0.04,-4.69,0.9,0.02,0.03,-0.03
0.08,-4.64,0.94,0.02,0.03,-0.04
0.04,-4.65,0.84,0.01,0.03,-0.04
0.02,-4.62,0.88,0.01,0.03,-0.04
0.06,-4.6,0.82,0.01,0.04,-0.04
0.08,-4.65,0.86,0.0,0.04,-0.04
0.13,-4.64,0.8,0.0,0.04,-0.04
0.19,-4.65,0.84,-0.0,0.04,-0.04
0.17,-4.65,0.73,-0.0,0.04,-0.03
0.15,-4.64,0.8,-0.01,0.04,-0.04
0.11,-4.69,0.82,-0.01,0.04,-0.04
0.17,-4.73,0.88,-0.02,0.04,-0.04
0.1,-4.75,0.82,-0.02,0.03,-0.04
0.06,-4.79,0.96,-0.02,0.03,-0.04
0.0,-4.79,0.92,-0.02,0.02,-0.04
-0.04,-4.79,0.94,-0.01,0.02,-0.04
-0.04,-4.85,0.92,-0.01,0.03,-0.04
-0.1,-4.81,0.92,-0.01,0.03,-0.04
-0.06,-4.83,0.96,-0.01,0.04,-0.03
-0.04,-4.83,0.9,-0.0,0.04,-0.03
-0.04,-4.79,0.94,-0.0,0.04,-0.03
-0.06,-4.87,0.88,-0.0,0.04,-0.03
-0.08,-4.81,0.9,-0.0,0.04,-0.02
-0.02,-4.85,0.92,-0.0,0.04,-0.02
0.02,-4.77,0.86,-0.0,0.04,-0.02
0.1,-4.79,0.84,0.0,0.04,-0.02
0.06,-4.71,0.88,0.0,0.03,-0.02
0.02,-4.69,0.88,-0.0,0.03,-0.02
0.06,-4.69,0.86,-0.0,0.03,-0.02
0.06,-4.73,0.86,-0.01,0.03,-0.01
0.08,-4.65,0.79,-0.01,0.03,-0.01
0.13,-4.69,0.82,-0.01,0.03,-0.01
0.13,-4.73,0.86,-0.01,0.03,-0.01
0.19,-4.67,0.88,-0.01,0.03,-0.01
0.17,-4.77,0.84,-0.02,0.03,-0.01
0.13,-4.77,0.92,-0.02,0.03,-0.02
0.17,-4.79,0.86,-0.02,0.02,-0.02
0.17,-4.79,0.88,-0.02,0.02,-0.02
0.19,-4.83,0.8,-0.02,0.03,-0.02
0.23,-4.75,0.94,-0.02,0.03,-0.02
0.21,-4.79,0.92,-0.02,0.03,-0.02
0.21,-4.75,0.88,-0.01,0.03,-0.02
0.19,-4.75,0.82,-0.01,0.03,-0.02
0.23,-4.73,0.84,-0.01,0.03,-0.02
0.19,-4.79,0.86,-0.01,0.03,-0.01
0.19,-4.75,0.82,-0.01,0.04,-0.02
0.1,-4.69,0.88,-0.02,0.04,-0.01
0.11,-4.73,0.73,-0.02,0.04,-0.01
0.1,-4.69,0.8,-0.02,0.04,-0.01
0.08,-4.73,0.88,-0.02,0.04,-0.01
0.08,-4.71,0.9,-0.02,0.04,-0.01
0.04,-4.64,0.9,-0.01,0.05,-0.02
0.08,-4.71,0.9,-0.02,0.05,-0.01
0.06,-4.77,0.92,-0.02,0.05,-0.02
-0.02,-4.75,0.84,-0.02,0.04,-0.02
0.02,-4.77,0.88,-0.03,0.04,-0.02
0.0,-4.71,0.84,-0.03,0.04,-0.02
0.0,-4.73,0.88,-0.03,0.04,-0.02
0.02,-4.75,0.9,-0.04,0.04,-0.02
0.08,-4.75,0.86,-0.04,0.04,-0.02
0.04,-4.65,0.84,-0.04,0.04,-0.02
0.08,-4.75,0.9,-0.05,0.04,-0.02
0.06,-4.71,0.79,-0.05,0.04,-0.02
0.1,-4.75,0.88,-0.06,0.04,-0.02
0.06,-4.81,0.84,-0.06,0.04,-0.02
0.11,-4.79,0.82,-0.06,0.05,-0.02
0.06,-4.83,0.82,-0.06,0.05,-0.02
0.06,-4.81,0.8,-0.05,0.05,-0.02
0.04,-4.83,0.82,-0.04,0.05,-0.02
0.0,-4.88,0.82,-0.04,0.05,-0.02
0.06,-4.9,0.82,-0.03,0.05,-0.01
0.04,-4.87,0.8,-0.03,0.04,-0.01
0.0,-4.83,0.8,-0.02,0.04,-0.01
0.04,-4.83,0.79,-0.01,0.04,-0.01
0.08,-4.81,0.73,-0.01,0.03,-0.01
0.08,-4.73,0.86,-0.0,0.03,-0.01
0.04,-4.75,0.84,-0.0,0.03,-0.0
0.0,-4.69,0.73,0.0,0.03,-0.0
0.02,-4.67,0.82,-0.0,0.03,-0.0
0.04,-4.69,0.73,-0.01,0.03,-0.0
0.08,-4.71,0.84,-0.01,0.02,-0.0
0.1,-4.75,0.88,-0.01,0.02,-0.0
0.1,-4.69,0.8,-0.01,0.02,-0.0
0.04,-4.71,0.8,-0.01,0.02,-0.01
0.15,-4.73,0.82,-0.01,0.02,-0.01
0.08,-4.81,0.77,-0.01,0.02,-0.01
0.08,-4.73,0.75,-0.02,0.03,-0.01
0.08,-4.79,0.8,-0.02,0.03,-0.01
0.08,-4.77,0.84,-0.02,0.04,-0.01
0.11,-4.79,0.79,-0.02,0.04,-0.01
0.11,-4.83,0.86,-0.02,0.04,-0.0
0.11,-4.79,0.86,-0.02,0.04,-0.0
0.13,-4.88,0.8,-0.02,0.04,-0.01
0.15,-4.83,0.75,-0.02,0.04,-0.01
0.15,-4.81,0.79,-0.02,0.04,-0.01
0.11,-4.77,0.75,-0.01,0.04,-0.01
0.15,-4.83,0.84,-0.01,0.03,-0.01
0.11,-4.81,0.79,-0.01,0.03,-0.01
0.13,-4.75,0.77,-0.0,0.03,-0.01
0.11,-4.75,0.86,-0.0,0.03,-0.01
0.15,-4.81,0.77,-0.0,0.03,-0.01
0.06,-4.71,0.77,-0.0,0.04,-0.01
0.08,-4.73,0.79,-0.0,0.03,-0.01
0.11,-4.75,0.79,-0.0,0.03,-0.01
0.04,-4.71,0.79,-0.01,0.03,-0.01
0.06,-4.73,0.75,-0.01,0.03,-0.01
0.0,-4.77,0.75,-0.01,0.03,-0.01
-0.02,-4.73,0.8,-0.01,0.03,-0.01
0.02,-4.71,0.79,-0.01,0.04,-0.01
0.0,-4.75,0.77,-0.01,0.04,-0.01
0.06,-4.75,0.79,-0.01,0.04,-0.01
0.02,-4.75,0.8,-0.01,0.04,-0.01
0.02,-4.77,0.8,-0.01,0.04,-0.01
0.1,-4.79,0.79,-0.01,0.04,-0.01
0.1,-4.83,0.8,-0.0,0.04,-0.0
0.04,-4.79,0.84,-0.0,0.04,-0.0
0.1,-4.81,0.8,-0.0,0.04,-0.0
0.1,-4.81,0.73,-0.0,0.04,-0.0
0.1,-4.81,0.82,-0.0,0.04,-0.0
0.15,-4.79,0.8,-0.0,0.04,-0.0
0.11,-4.81,0.8,-0.0,0.03,-0.01
0.06,-4.79,0.82,-0.0,0.03,-0.01
0.06,-4.69,0.8,-0.0,0.03,-0.01
0.08,-4.75,0.79,-0.0,0.03,-0.01
0.04,-4.75,0.75,-0.0,0.03,-0.01
0.04,-4.75,0.77,-0.0,0.03,-0.01
0.04,-4.73,0.79,-0.0,0.03,-0.01
0.08,-4.77,0.73,-0.01,0.03,-0.01
0.06,-4.77,0.8,-0.01,0.03,-0.01
0.1,-4.75,0.79,-0.01,0.03,-0.01
0.13,-4.73,0.79,-0.01,0.03,-0.01
0.04,-4.75,0.82,-0.01,0.03,-0.01
0.13,-4.81,0.8,-0.01,0.03,-0.01
0.13,-4.73,0.71,-0.01,0.03,-0.01
0.1,-4.79,0.8,-0.01,0.03,-0.01
0.19,-4.81,0.77,-0.01,0.03,-0.01
0.15,-4.77,0.73,-0.01,0.03,-0.01
0.13,-4.79,0.79,-0.01,0.03,-0.01
0.08,-4.81,0.82,-0.01,0.03,-0.01
0.11,-4.83,0.75,-0.01,0.03,-0.01
0.1,-4.71,0.77,-0.01,0.03,-0.01
0.08,-4.77,0.8,-0.0,0.03,-0.01
0.1,-4.79,0.8,-0.01,0.03,-0.01
0.06,-4.71,0.82,-0.01,0.03,-0.01
0.0,-4.65,0.86,-0.01,0.03,-0.01
0.04,-4.75,0.8,-0.01,0.03,-0.0
0.0,-4.79,0.79,-0.01,0.03,-0.0
0.06,-4.77,0.82,-0.01,0.03,-0.0
0.15,-4.81,0.82,-0.01,0.03,-0.0
0.13,-4.81,0.84,-0.01,0.03,-0.0
0.1,-4.81,0.9,-0.01,0.03,-0.0
0.1,-4.79,0.88,-0.0,0.03,-0.0
0.19,-4.79,0.86,0.0,0.03,-0.0
0.11,-4.73,0.82,0.0,0.03,-0.0
0.13,-4.75,0.79,0.0,0.03,-0.0
0.1,-4.75,0.82,0.0,0.03,-0.0
0.13,-4.71,0.84,0.0,0.03,-0.0
0.15,-4.77,0.77,0.0,0.03,-0.0
0.08,-4.77,0.88,-0.0,0.03,-0.0
0.11,-4.81,0.79,-0.0,0.03,-0.0
0.08,-4.77,0.84,-0.01,0.03,-0.01
0.06,-4.79,0.82,-0.01,0.03,-0.01
0.1,-4.73,0.86,-0.01,0.03,-0.0
0.1,-4.79,0.86,-0.0,0.03,-0.0
0.02,-4.73,0.84,-0.0,0.03,-0.0
0.11,-4.77,0.8,-0.0,0.03,-0.0
0.1,-4.75,0.8,-0.0,0.03,-0.0
0.1,-4.71,0.88,-0.0,0.03,-0.0
0.11,-4.81,0.94,-0.0,0.03,-0.0
0.08,-4.69,0.84,-0.01,0.03,-0.0
0.11,-4.77,0.92,-0.01,0.03,-0.0
0.11,-4.71,0.82,-0.01,0.03,-0.0
0.13,-4.75,0.84,-0.01,0.03,0.0
0.1,-4.75,0.86,-0.01,0.03,0.0
0.13,-4.79,0.84,-0.0,0.03,-0.0
0.1,-4.77,0.84,-0.0,0.03,-0.0
0.15,-4.73,0.9,0.0,0.03,-0.0
0.13,-4.77,0.88,0.0,0.03,-0.0
0.13,-4.73,0.8,0.0,0.03,-0.0
0.02,-4.71,0.88,-0.0,0.03,-0.0
0.06,-4.71,0.77,-0.0,0.03,-0.0
0.0,-4.71,0.9,-0.0,0.03,-0.0
0.08,-4.75,0.82,-0.01,0.03,-0.0
0.02,-4.69,0.9,-0.01,0.03,-0.0
0.08,-4.77,0.84,-0.01,0.03,-0.0
0.08,-4.73,0.88,-0.01,0.03,-0.0
0.13,-4.79,0.79,-0.01,0.03,0.0
0.08,-4.81,0.8,-0.01,0.03,0.0
0.08,-4.73,0.8,-0.01,0.03,0.0
0.11,-4.77,0.79,-0.01,0.03,0.0
0.15,-4.81,0.75,-0.01,0.03,0.0
0.1,-4.81,0.79,-0.01,0.03,0.0
0.04,-4.79,0.77,-0.01,0.03,-0.0
0.08,-4.71,0.79,-0.01,0.03,0.0
0.08,-4.71,0.77,-0.01,0.03,-0.0
0.11,-4.75,0.86,-0.01,0.03,0.0
