accX,accY,accZ,gyroX,gyroY,gyroZ
0.52,0.25,4.6,-0.03,0.03,-0.0
0.5,0.21,4.54,-0.03,0.03,-0.01
0.48,0.19,4.6,-0.03,0.03,-0.0
0.5,0.25,4.56,-0.02,0.03,-0.0
0.38,0.06,4.71,-0.02,0.03,-0.0
0.79,0.27,4.19,-0.02,0.03,-0.0
0.61,0.33,4.46,-0.02,0.03,-0.0
0.42,0.36,4.64,-0.02,0.03,-0.0
0.57,0.31,4.56,-0.02,0.03,-0.0
0.69,0.36,4.64,-0.02,0.03,-0.0
0.57,0.13,4.48,-0.02,0.03,-0.0
0.48,0.15,4.52,-0.02,0.03,-0.0
0.73,0.25,4.14,-0.02,0.03,0.0
0.61,0.42,4.37,-0.02,0.03,-0.0
0.52,0.34,4.65,-0.02,0.03,0.0
0.52,0.31,4.44,-0.02,0.03,0.0
0.54,0.23,4.46,-0.02,0.03,0.0
0.57,0.27,4.56,-0.03,0.03,-0.0
0.54,0.25,4.54,-0.03,0.03,0.0
0.61,0.21,4.58,-0.03,0.03,-0.0
0.5,0.31,4.65,-0.03,0.03,0.0
0.54,0.23,4.62,-0.03,0.03,-0.0
0.59,0.23,4.58,-0.03,0.03,-0.0
0.65,0.42,4.67,-0.02,0.03,-0.0
0.57,0.31,4.54,-0.02,0.03,-0.0
0.48,0.17,4.54,-0.02,0.03,-0.0
0.73,0.21,4.67,-0.01,0.03,-0.0
0.52,0.19,4.56,-0.01,0.03,-0.0
0.65,0.4,4.83,-0.02,0.03,0.0
0.54,0.13,4.71,-0.02,0.03,0.0
0.63,0.33,4.54,-0.02,0.03,0.0
0.5,0.21,4.69,-0.02,0.03,-0.0
0.63,0.04,4.58,-0.02,0.03,0.0
0.52,0.13,4.62,-0.02,0.04,-0.0
0.57,0.23,4.62,-0.02,0.04,0.0
0.57,0.21,4.64,-0.02,0.04,-0.0
0.57,0.29,4.67,-0.02,0.04,-0.0
0.59,0.21,4.64,-0.02,0.04,-0.0
0.67,0.31,4.54,-0.02,0.04,-0.0
0.57,0.29,4.58,-0.03,0.04,-0.0
0.34,0.4,4.5,-0.03,0.04,-0.0
0.65,0.08,4.94,-0.03,0.04,-0.0
0.69,0.34,4.69,-0.03,0.04,-0.0
0.69,0.19,4.69,-0.03,0.04,-0.0
0.77,0.21,4.69,-0.03,0.04,-0.0
0.9,0.31,4.94,-0.03,0.03,-0.0
0.57,0.23,4.65,-0.03,0.04,-0.0
0.44,0.17,4.58,-0.03,0.04,-0.0
0.54,0.42,4.67,-0.03,0.03,-0.0
0.59,0.17,4.6,-0.03,0.03,-0.0
0.63,0.19,4.58,-0.03,0.03,-0.0
0.56,0.17,4.58,-0.02,0.03,-0.0
0.56,0.21,4.6,-0.02,0.03,-0.0
0.34,0.44,4.54,-0.02,0.03,-0.0
0.29,0.13,4.62,-0.02,0.03,-0.0
0.59,0.13,4.29,-0.02,0.03,-0.0
0.61,0.44,4.77,-0.03,0.03,-0.0
0.86,0.27,4.56,-0.03,0.03,-0.0
0.4,0.23,4.75,-0.03,0.03,-0.0
0.57,0.36,4.77,-0.03,0.03,-0.0
0.56,0.19,4.64,-0.03,0.03,-0.01
0.33,-0.02,4.54,-0.03,0.03,-0.0
0.52,0.36,4.35,-0.03,0.03,-0.0
0.54,0.29,4.41,-0.03,0.03,-0.0
0.48,0.17,4.64,-0.02,0.03,-0.0
0.54,0.19,4.6,-0.02,0.03,-0.0
0.52,0.15,4.5,-0.02,0.04,-0.0
0.54,0.17,4.54,-0.02,0.04,-0.0
0.56,0.15,4.67,-0.02,0.04,-0.0
0.42,0.19,4.5,-0.02,0.04,-0.0
0.56,0.27,4.62,-0.02,0.04,-0.0
0.54,0.13,4.54,-0.02,0.04,-0.0
0.46,0.21,4.54,-0.02,0.04,-0.0
0.67,0.17,4.75,-0.02,0.03,-0.0
0.57,0.23,4.52,-0.02,0.03,-0.0
0.57,0.21,4.58,-0.02,0.03,-0.0
0.56,0.17,4.5,-0.02,0.03,-0.0
0.59,0.17,4.5,-0.02,0.03,-0.0
0.63,0.13,4.65,-0.02,0.03,-0.0
0.56,0.17,4.58,-0.02,0.03,-0.0
0.57,0.17,4.56,-0.02,0.03,-0.0
0.54,0.27,4.56,-0.02,0.03,-0.0
0.56,0.21,4.6,-0.02,0.04,-0.0
0.71,0.31,4.77,-0.02,0.04,-0.0
0.5,0.21,4.56,-0.02,0.04,-0.01
0.56,0.19,4.56,-0.03,0.04,-0.0
0.54,0.15,4.64,-0.03,0.04,-0.01
0.52,0.15,4.6,-0.03,0.04,-0.0
0.56,0.1,4.6,-0.03,0.04,-0.01
0.54,0.11,4.6,-0.03,0.04,-0.0
0.57,0.02,4.67,-0.03,0.03,-0.01
0.52,0.02,4.65,-0.03,0.03,-0.0
0.5,0.21,4.67,-0.03,0.03,-0.01
0.54,0.13,4.6,-0.03,0.03,-0.0
0.48,0.11,4.62,-0.03,0.02,-0.0
0.5,0.1,4.64,-0.03,0.02,-0.0
0.52,0.06,4.62,-0.03,0.02,-0.0
0.56,0.06,4.56,-0.02,0.02,-0.0
0.56,0.11,4.58,-0.01,0.02,-0.0
0.52,0.11,4.5,-0.0,0.02,-0.0
0.56,0.13,4.48,0.0,0.02,-0.0
0.5,0.17,4.46,0.0,0.02,-0.0
0.61,0.17,4.5,-0.0,0.02,-0.0
0.59,0.17,4.5,-0.01,0.02,-0.0
0.59,0.13,4.54,-0.01,0.02,-0.0
0.57,0.21,4.52,-0.01,0.03,-0.0
0.59,0.21,4.54,-0.01,0.03,-0.0
0.52,0.23,4.52,-0.01,0.03,-0.0
0.52,0.25,4.5,-0.01,0.03,-0.0
0.57,0.19,4.52,-0.01,0.03,-0.0
0.56,0.17,4.5,-0.01,0.03,-0.0
0.52,0.15,4.52,-0.01,0.03,-0.0
0.54,0.21,4.6,-0.01,0.03,-0.0
0.48,0.21,4.69,-0.01,0.03,-0.0
0.57,0.19,4.62,-0.01,0.03,-0.0
0.54,0.19,4.56,-0.01,0.03,-0.0
0.59,0.19,4.58,-0.01,0.03,-0.0
0.54,0.17,4.58,-0.01,0.03,-0.0
0.56,0.17,4.62,-0.01,0.03,-0.0
0.54,0.15,4.54,-0.01,0.03,-0.0
0.61,0.21,4.58,-0.01,0.03,-0.0
0.54,0.19,4.56,-0.01,0.03,-0.0
0.56,0.13,4.64,-0.01,0.03,0.0
0.54,0.19,4.54,-0.01,0.03,-0.0
0.56,0.17,4.56,-0.01,0.03,-0.0
0.54,0.19,4.58,-0.01,0.03,-0.0
0.63,0.13,4.58,-0.01,0.03,-0.0
0.56,0.17,4.52,-0.01,0.03,-0.0
0.57,0.17,4.62,-0.02,0.03,-0.0
0.54,0.13,4.65,-0.01,0.03,-0.0
0.56,0.17,4.64,-0.01,0.03,-0.0
0.63,0.15,4.6,-0.01,0.03,-0.0
0.56,0.15,4.52,-0.01,0.03,-0.0
0.57,0.17,4.62,-0.01,0.03,-0.0
0.56,0.13,4.62,-0.01,0.03,-0.0
0.56,0.19,4.6,-0.01,0.03,-0.0
0.59,0.08,4.52,-0.01,0.03,-0.0
0.65,0.17,4.56,-0.01,0.03,-0.0
0.57,0.13,4.56,-0.01,0.03,-0.0
0.54,0.15,4.65,-0.01,0.04,-0.0
0.57,0.17,4.6,-0.01,0.04,-0.0
0.61,0.17,4.52,-0.01,0.04,-0.0
0.52,0.15,4.52,-0.01,0.04,-0.0
0.54,0.11,4.52,-0.01,0.04,-0.0
0.54,0.19,4.46,-0.01,0.04,-0.0
0.57,0.1,4.56,-0.01,0.04,-0.0
0.56,0.17,4.6,-0.01,0.04,-0.0
0.5,0.13,4.54,-0.01,0.04,-0.0
0.54,0.15,4.56,-0.02,0.04,-0.0
0.5,0.15,4.65,-0.02,0.04,-0.0
0.54,0.06,4.65,-0.02,0.04,-0.0
0.5,0.1,4.67,-0.02,0.03,-0.0
0.57,0.08,4.67,-0.01,0.03,0.0
0.59,0.0,4.56,-0.01,0.03,-0.0
0.57,0.08,4.64,-0.0,0.04,0.0
0.52,0.04,4.56,0.0,0.04,-0.0
0.65,-0.02,4.71,0.01,0.04,0.0
0.59,0.02,4.48,0.02,0.04,-0.0
0.59,0.1,4.6,0.02,0.04,-0.0
0.54,0.08,4.52,0.02,0.04,-0.0
0.56,0.13,4.54,0.02,0.04,-0.0
0.56,0.15,4.62,0.02,0.04,-0.0
0.54,0.17,4.5,0.02,0.04,-0.0
0.57,0.15,4.54,0.01,0.04,-0.0
0.59,0.15,4.62,0.01,0.04,-0.0
0.52,0.17,4.6,0.01,0.04,-0.0
0.59,0.08,4.52,0.01,0.04,-0.0
0.59,0.15,4.6,0.01,0.04,-0.0
0.46,0.08,4.65,0.01,0.04,-0.0
0.8,0.13,4.64,0.02,0.02,-0.0
0.65,0.19,4.65,0.02,0.02,-0.01
0.65,0.15,4.62,0.02,0.03,-0.0
0.63,0.19,4.56,0.02,0.04,-0.0
0.57,0.17,4.6,0.02,0.04,-0.0
0.59,0.13,4.5,0.02,0.04,-0.0
0.57,0.19,4.62,0.02,0.04,-0.0
0.54,0.25,4.6,0.01,0.04,-0.0
0.57,0.15,4.58,0.02,0.04,-0.0
0.54,0.17,4.64,0.02,0.04,-0.0
0.59,0.15,4.65,0.02,0.04,-0.0
0.54,0.19,4.64,0.02,0.04,-0.0
0.57,0.21,4.62,0.01,0.04,-0.0
0.57,0.19,4.65,0.02,0.04,-0.0
0.56,0.21,4.65,0.02,0.04,-0.0
0.56,0.23,4.62,0.02,0.04,-0.0
0.54,0.21,4.62,0.02,0.04,-0.0
0.54,0.23,4.62,0.01,0.04,-0.0
0.54,0.23,4.54,0.01,0.04,-0.0
0.56,0.21,4.56,0.01,0.04,-0.0
0.61,0.19,4.62,0.01,0.04,-0.0
0.56,0.19,4.58,0.01,0.04,-0.0
0.52,0.21,4.6,0.01,0.04,-0.0
0.56,0.21,4.64,0.01,0.04,-0.0
0.56,0.19,4.67,0.01,0.04,-0.0
0.57,0.23,4.64,0.01,0.04,-0.0
0.63,0.23,4.62,0.01,0.04,-0.0
0.54,0.21,4.64,0.01,0.04,-0.0
0.57,0.15,4.56,0.01,0.04,-0.0
0.59,0.17,4.6,0.01,0.04,-0.0
0.61,0.23,4.54,0.01,0.04,-0.0
0.63,0.25,4.6,0.01,0.04,-0.0
0.56,0.23,4.52,0.01,0.04,-0.0
0.56,0.17,4.56,0.01,0.04,-0.0
0.56,0.23,4.58,0.01,0.04,-0.0
0.61,0.21,4.62,0.01,0.04,-0.0
0.59,0.19,4.56,0.01,0.04,-0.0
0.54,0.19,4.52,0.01,0.04,-0.0
0.57,0.23,4.56,0.01,0.04,-0.0
0.57,0.21,4.48,0.01,0.04,-0.0
0.52,0.27,4.67,0.01,0.04,-0.0
0.56,0.21,4.58,0.01,0.04,-0.0
0.54,0.25,4.56,0.01,0.04,-0.0
0.54,0.17,4.54,0.01,0.04,-0.0
0.52,0.25,4.6,0.01,0.04,-0.0
0.57,0.19,4.6,0.01,0.03,-0.0
0.52,0.21,4.5,0.01,0.04,-0.0
0.57,0.27,4.67,0.02,0.04,-0.0
0.54,0.23,4.64,0.02,0.04,-0.0
0.52,0.19,4.65,0.02,0.04,-0.0
0.5,0.21,4.56,0.02,0.03,0.0
0.54,0.15,4.62,0.02,0.03,-0.0
0.63,0.08,4.58,0.02,0.03,0.0
0.57,0.21,4.62,0.02,0.03,-0.0
0.52,0.27,4.56,0.02,0.03,-0.0
0.54,0.19,4.56,0.02,0.03,-0.0
0.59,0.21,4.56,0.02,0.04,-0.0
0.57,0.27,4.54,0.02,0.04,-0.0
0.54,0.25,4.58,0.02,0.04,-0.0
0.57,0.31,4.54,0.02,0.04,-0.0
0.54,0.27,4.52,0.02,0.04,-0.0
0.54,0.27,4.48,0.01,0.04,-0.0
0.57,0.29,4.54,0.01,0.04,-0.0
0.52,0.25,4.62,0.01,0.04,-0.0
0.52,0.23,4.56,0.01,0.04,-0.0
0.54,0.21,4.56,0.01,0.04,-0.0
0.56,0.21,4.56,0.01,0.04,-0.0
0.5,0.25,4.64,0.02,0.04,-0.0
0.57,0.21,4.6,0.02,0.04,-0.0
0.54,0.25,4.62,0.03,0.04,-0.0
0.54,0.33,4.56,0.03,0.04,-0.0
0.52,0.25,4.62,0.03,0.04,-0.0
0.57,0.33,4.58,0.03,0.04,-0.0
0.56,0.29,4.6,0.03,0.04,-0.0
0.56,0.4,4.54,0.03,0.04,-0.0
0.57,0.31,4.52,0.03,0.04,-0.0
0.52,0.33,4.54,0.03,0.04,-0.0
0.57,0.33,4.56,0.03,0.04,-0.0
0.52,0.33,4.58,0.03,0.04,-0.0
0.56,0.33,4.6,0.02,0.04,-0.0
0.56,0.33,4.62,0.02,0.04,-0.0
0.52,0.34,4.64,0.02,0.04,-0.0
0.52,0.34,4.56,0.01,0.04,-0.0
0.57,0.27,4.58,0.01,0.04,-0.0
0.59,0.31,4.6,0.01,0.04,-0.0
0.52,0.33,4.67,0.0,0.04,-0.0
0.5,0.36,4.65,0.0,0.04,-0.0
0.54,0.27,4.65,-0.0,0.03,0.0
0.52,0.31,4.62,-0.0,0.03,-0.0
0.56,0.19,4.65,-0.0,0.03,-0.0
0.54,0.19,4.65,0.0,0.03,-0.0
0.52,0.23,4.62,0.01,0.04,-0.0
0.59,0.19,4.56,0.02,0.04,-0.0
0.56,0.19,4.6,0.03,0.04,-0.0
0.59,0.25,4.52,0.03,0.04,-0.0
0.54,0.27,4.6,0.04,0.04,0.0
0.54,0.33,4.6,0.04,0.04,-0.0
0.59,0.33,4.5,0.04,0.03,0.0
0.56,0.29,4.52,0.04,0.03,-0.0
0.52,0.34,4.56,0.04,0.03,-0.0
0.54,0.38,4.54,0.04,0.04,-0.0
0.57,0.4,4.6,0.04,0.03,-0.0
0.57,0.38,4.58,0.04,0.04,-0.0
0.54,0.34,4.56,0.04,0.04,-0.0
0.63,0.42,4.6,0.04,0.04,-0.0
0.57,0.4,4.65,0.03,0.04,-0.0
0.56,0.4,4.64,0.03,0.04,-0.0
0.59,0.38,4.52,0.03,0.04,-0.0
0.52,0.4,4.56,0.02,0.04,-0.0
0.5,0.38,4.58,0.02,0.04,-0.0
0.52,0.36,4.58,0.02,0.04,-0.0
0.56,0.38,4.58,0.02,0.04,-0.0
0.52,0.34,4.65,0.02,0.04,-0.0
0.48,0.38,4.56,0.02,0.04,-0.0
0.46,0.4,4.69,0.02,0.04,0.0
0.5,0.34,4.6,0.02,0.04,-0.0
0.48,0.34,4.6,0.03,0.04,-0.0
0.52,0.34,4.5,0.03,0.04,0.0
0.56,0.34,4.62,0.03,0.04,-0.0
0.5,0.42,4.54,0.03,0.04,-0.0
0.5,0.42,4.64,0.03,0.04,-0.0
0.54,0.38,4.58,0.02,0.04,-0.0
0.52,0.42,4.52,0.02,0.04,-0.0
0.59,0.36,4.62,0.02,0.04,-0.0
0.5,0.38,4.56,0.02,0.04,-0.0
0.54,0.4,4.54,0.02,0.04,-0.0
0.5,0.36,4.58,0.02,0.04,-0.0
0.52,0.4,4.5,0.01,0.04,-0.0
0.52,0.36,4.54,0.01,0.04,-0.0
0.54,0.38,4.62,0.01,0.04,-0.0
0.56,0.36,4.62,0.01,0.04,-0.0
0.46,0.4,4.64,0.02,0.04,-0.0
0.57,0.4,4.62,0.02,0.03,-0.0
0.56,0.4,4.52,0.02,0.04,-0.0
0.54,0.36,4.54,0.02,0.04,0.0
0.54,0.38,4.6,0.02,0.04,-0.0
0.56,0.38,4.54,0.02,0.04,-0.0
0.67,0.4,4.52,0.02,0.04,-0.0
0.57,0.4,4.64,0.02,0.04,-0.0
0.57,0.44,4.5,0.02,0.04,-0.0
0.36,0.46,4.62,0.02,0.04,-0.0
0.56,0.44,4.6,0.02,0.04,-0.0
0.52,0.46,4.52,0.01,0.04,-0.0
0.52,0.44,4.58,0.01,0.04,-0.0
0.52,0.42,4.56,0.0,0.04,-0.0
0.52,0.42,4.64,-0.0,0.04,-0.0
0.5,0.44,4.6,-0.0,0.04,-0.0
0.54,0.33,4.6,-0.0,0.04,-0.0
0.52,0.34,4.54,-0.0,0.04,-0.0
0.52,0.33,4.64,0.0,0.04,-0.0
0.52,0.31,4.62,0.01,0.04,-0.0
0.48,0.36,4.62,0.01,0.04,-0.0
0.52,0.38,4.6,0.02,0.04,-0.0
0.56,0.38,4.58,0.02,0.04,-0.0
0.52,0.46,4.67,0.02,0.04,-0.0
0.5,0.4,4.67,0.03,0.04,-0.0
0.52,0.4,4.6,0.03,0.04,-0.0
0.52,0.44,4.44,0.03,0.04,-0.0
0.52,0.48,4.46,0.03,0.04,-0.0
0.54,0.46,4.54,0.02,0.04,-0.0
0.56,0.44,4.65,0.02,0.04,-0.0
0.54,0.48,4.5,0.02,0.04,-0.0
0.57,0.4,4.48,0.01,0.04,-0.0
0.52,0.44,4.6,0.01,0.04,-0.0
0.52,0.44,4.58,0.01,0.04,-0.0
0.54,0.42,4.58,0.01,0.04,-0.0
0.54,0.42,4.6,0.01,0.04,-0.0
0.5,0.44,4.58,0.01,0.04,-0.0
0.54,0.4,4.65,0.01,0.04,-0.0
0.54,0.48,4.58,0.02,0.04,-0.0
0.5,0.48,4.58,0.02,0.04,-0.0
0.46,0.48,4.6,0.02,0.03,-0.0
0.54,0.46,4.62,0.02,0.03,-0.0
0.5,0.5,4.58,0.02,0.03,-0.0
0.54,0.46,4.52,0.02,0.03,-0.0
0.54,0.46,4.56,0.02,0.03,-0.0
0.5,0.52,4.56,0.02,0.03,-0.0
0.5,0.46,4.54,0.02,0.04,-0.0
0.48,0.48,4.58,0.01,0.04,-0.0
0.52,0.5,4.62,0.01,0.04,-0.0
0.48,0.38,4.67,0.01,0.04,-0.0
0.5,0.5,4.5,0.01,0.03,-0.0
0.56,0.46,4.58,0.01,0.03,-0.0
0.5,0.44,4.58,0.01,0.04,-0.0
0.52,0.44,4.65,0.01,0.04,-0.0
0.5,0.44,4.56,0.01,0.03,-0.0
0.46,0.52,4.6,0.01,0.04,-0.0
0.5,0.42,4.6,0.01,0.03,-0.0
0.48,0.54,4.58,0.01,0.04,-0.0
0.5,0.46,4.54,0.01,0.03,-0.0
0.52,0.4,4.54,0.01,0.03,-0.0
0.54,0.46,4.58,0.01,0.03,-0.0
0.56,0.44,4.54,0.01,0.04,-0.0
0.52,0.44,4.64,0.01,0.04,-0.0
0.5,0.46,4.62,0.01,0.03,-0.0
0.48,0.52,4.58,0.01,0.03,-0.0
0.54,0.4,4.62,0.0,0.03,-0.0
0.56,0.52,4.56,0.0,0.03,-0.0
0.52,0.46,4.56,0.0,0.04,-0.0
0.54,0.44,4.58,0.0,0.04,-0.0
0.56,0.46,4.64,0.0,0.04,-0.0
0.52,0.5,4.58,0.0,0.04,-0.0
0.44,0.52,4.58,0.0,0.04,-0.0
0.52,0.5,4.6,0.0,0.04,-0.0
0.44,0.56,4.67,0.0,0.04,-0.0
0.56,0.38,4.46,0.0,0.03,-0.0
0.54,0.52,4.46,0.0,0.03,-0.0
0.52,0.46,4.54,0.0,0.03,-0.0
0.52,0.46,4.64,0.0,0.03,-0.0
0.54,0.48,4.56,0.0,0.03,-0.0
0.52,0.48,4.58,0.0,0.03,-0.0
0.54,0.48,4.62,0.0,0.03,-0.0
0.54,0.48,4.54,0.0,0.03,-0.0
0.52,0.48,4.58,0.0,0.04,-0.0
0.52,0.48,4.5,0.0,0.04,-0.0
0.59,0.52,4.58,0.0,0.04,-0.0
0.56,0.48,4.64,0.0,0.04,-0.0
0.52,0.54,4.64,0.0,0.04,-0.0
0.54,0.5,4.64,0.0,0.04,-0.0
0.52,0.52,4.6,0.0,0.04,-0.0
0.54,0.44,4.58,0.0,0.04,-0.0
0.52,0.5,4.52,0.0,0.04,-0.0
0.52,0.52,4.58,0.0,0.04,-0.0
0.52,0.48,4.58,0.0,0.04,-0.0
0.52,0.52,4.6,0.0,0.04,-0.0
0.52,0.52,4.54,0.0,0.04,-0.0
0.48,0.48,4.58,0.0,0.04,-0.0
0.5,0.5,4.62,-0.0,0.04,-0.0
0.5,0.48,4.56,-0.0,0.04,-0.0
0.5,0.48,4.65,0.0,0.03,-0.0
0.54,0.46,4.56,0.0,0.04,-0.0
0.56,0.54,4.64,0.0,0.04,-0.0
0.52,0.46,4.6,0.0,0.03,-0.0
0.56,0.54,4.54,0.0,0.03,-0.0
0.56,0.52,4.62,0.0,0.03,-0.0
0.56,0.56,4.58,0.0,0.03,-0.0
0.54,0.48,4.54,0.0,0.03,-0.0
0.54,0.54,4.62,0.0,0.03,-0.0
0.5,0.46,4.54,0.0,0.03,-0.0
0.5,0.52,4.54,0.0,0.04,-0.0
0.52,0.54,4.62,0.0,0.04,-0.0
0.56,0.52,4.56,-0.0,0.04,-0.0
0.52,0.57,4.52,-0.0,0.04,-0.0
0.56,0.46,4.58,-0.0,0.04,-0.0
0.52,0.52,4.6,-0.0,0.04,-0.0
0.5,0.5,4.62,-0.0,0.04,-0.0
0.5,0.54,4.64,-0.0,0.04,-0.0
0.48,0.52,4.6,-0.0,0.04,-0.0
0.56,0.52,4.56,-0.0,0.04,-0.0
0.48,0.52,4.6,-0.0,0.04,-0.0
0.5,0.5,4.6,-0.0,0.04,-0.0
0.46,0.52,4.64,-0.0,0.03,-0.0
0.5,0.52,4.56,-0.0,0.03,-0.0
0.5,0.52,4.54,-0.0,0.03,-0.0
0.5,0.46,4.56,-0.0,0.03,-0.0
0.46,0.52,4.65,-0.0,0.03,-0.0
0.56,0.48,4.58,-0.0,0.03,-0.0
0.5,0.42,4.62,-0.0,0.03,-0.0
0.59,0.52,4.58,-0.01,0.03,-0.0
0.59,0.52,4.54,-0.01,0.03,-0.0
0.54,0.54,4.6,-0.01,0.03,-0.0
0.52,0.56,4.6,-0.01,0.03,-0.0
0.56,0.48,4.62,-0.02,0.04,-0.0
0.57,0.52,4.56,-0.02,0.03,-0.0
0.54,0.48,4.6,-0.02,0.04,-0.0
0.54,0.48,4.6,-0.02,0.03,-0.01
0.57,0.5,4.58,-0.02,0.03,-0.0
0.5,0.5,4.56,-0.02,0.03,-0.01
0.5,0.5,4.56,-0.02,0.03,-0.0
0.54,0.54,4.62,-0.02,0.03,-0.01
0.59,0.46,4.46,-0.02,0.03,-0.0
0.57,0.5,4.58,-0.02,0.03,-0.0
0.52,0.52,4.62,-0.02,0.03,-0.0
0.5,0.59,4.58,-0.02,0.03,-0.0
0.52,0.56,4.54,-0.02,0.03,-0.0
0.54,0.59,4.56,-0.03,0.03,-0.0
0.48,0.56,4.5,-0.03,0.03,-0.0
0.5,0.52,4.6,-0.03,0.03,-0.0
0.5,0.48,4.6,-0.03,0.03,-0.0
0.56,0.5,4.56,-0.04,0.03,-0.0
0.56,0.57,4.58,-0.04,0.03,-0.0
0.5,0.56,4.56,-0.04,0.03,-0.0
0.54,0.5,4.58,-0.04,0.03,-0.0
0.52,0.5,4.58,-0.05,0.03,-0.0
0.48,0.48,4.64,-0.05,0.03,-0.0
0.48,0.48,4.64,-0.05,0.03,-0.0
0.46,0.54,4.71,-0.05,0.03,-0.0
0.46,0.48,4.65,-0.06,0.02,-0.0
0.48,0.46,4.62,-0.06,0.02,-0.0
0.52,0.34,4.65,-0.06,0.02,-0.0
0.5,0.33,4.64,-0.06,0.02,-0.0
0.52,0.31,4.62,-0.05,0.02,-0.0
0.56,0.31,4.54,-0.04,0.02,-0.0
0.48,0.4,4.54,-0.03,0.02,-0.0
0.52,0.38,4.56,-0.02,0.02,-0.0
0.57,0.44,4.52,-0.01,0.02,-0.0
0.57,0.42,4.52,-0.01,0.02,0.0
0.56,0.42,4.56,-0.01,0.02,0.0
0.54,0.5,4.46,-0.01,0.02,0.0
0.56,0.48,4.46,-0.01,0.02,0.0
0.56,0.52,4.56,-0.01,0.02,-0.0
0.57,0.5,4.52,-0.01,0.02,-0.0
0.59,0.5,4.54,-0.02,0.03,-0.0
0.61,0.48,4.52,-0.03,0.03,-0.0
0.61,0.54,4.54,-0.03,0.03,-0.01
0.61,0.5,4.56,-0.04,0.03,-0.0
0.59,0.44,4.54,-0.04,0.03,-0.01
0.57,0.42,4.58,-0.04,0.03,-0.01
0.56,0.44,4.56,-0.05,0.03,-0.01
0.5,0.46,4.54,-0.04,0.03,-0.0
0.59,0.44,4.58,-0.04,0.03,-0.01
0.57,0.38,4.62,-0.04,0.03,-0.0
0.57,0.38,4.64,-0.04,0.03,-0.01
0.56,0.42,4.64,-0.03,0.03,-0.0
0.56,0.42,4.5,-0.03,0.03,-0.0
0.57,0.46,4.69,-0.03,0.03,-0.0
0.56,0.48,4.62,-0.03,0.03,-0.0
0.59,0.5,4.56,-0.03,0.03,-0.0
0.63,0.42,4.52,-0.03,0.04,-0.0
0.67,0.44,4.5,-0.03,0.04,-0.0
0.67,0.48,4.56,-0.03,0.04,-0.01
0.65,0.44,4.54,-0.04,0.04,-0.0
0.69,0.48,4.56,-0.04,0.05,-0.01
0.69,0.4,4.56,-0.05,0.05,-0.01
0.65,0.44,4.62,-0.05,0.05,-0.01
0.59,0.4,4.62,-0.05,0.06,-0.01
0.57,0.42,4.64,-0.05,0.06,-0.01
0.5,0.38,4.58,-0.05,0.06,-0.01
0.56,0.33,4.67,-0.05,0.06,-0.01
0.42,0.36,4.6,-0.05,0.06,-0.01
0.5,0.36,4.6,-0.05,0.06,-0.01
0.46,0.34,4.65,-0.05,0.05,-0.0
0.42,0.4,4.67,-0.05,0.05,-0.0
0.42,0.38,4.62,-0.04,0.05,-0.0
0.36,0.34,4.65,-0.04,0.04,-0.0
0.36,0.4,4.58,-0.04,0.04,-0.0
0.23,0.44,4.58,-0.03,0.03,-0.0
0.36,0.44,4.6,-0.03,0.03,0.0
0.4,0.48,4.6,-0.04,0.03,0.0
0.38,0.5,4.52,-0.04,0.02,0.0
0.38,0.36,4.6,-0.04,0.02,0.0
0.38,0.42,4.48,-0.05,0.02,0.0
0.38,0.4,4.58,-0.05,0.01,0.0
0.4,0.33,4.62,-0.05,0.01,0.0
0.38,0.34,4.62,-0.06,0.01,0.0
0.46,0.36,4.64,-0.06,0.01,0.0
0.42,0.31,4.54,-0.06,0.01,0.0
0.4,0.31,4.56,-0.05,0.01,0.0
0.48,0.27,4.56,-0.05,0.01,0.0
0.48,0.31,4.65,-0.04,0.01,0.0
0.5,0.25,4.56,-0.04,0.01,0.0
0.54,0.23,4.58,-0.03,0.01,0.0
0.56,0.27,4.6,-0.03,0.01,0.0
0.52,0.34,4.52,-0.03,0.01,0.0
0.56,0.29,4.6,-0.03,0.01,0.0
0.54,0.23,4.58,-0.02,0.01,0.0
0.57,0.36,4.54,-0.02,0.01,0.0
0.56,0.33,4.52,-0.03,0.01,0.0
0.56,0.34,4.54,-0.03,0.01,0.0
0.56,0.36,4.54,-0.03,0.02,0.0
0.65,0.34,4.58,-0.03,0.02,0.0
0.65,0.38,4.52,-0.03,0.02,0.0
0.63,0.34,4.56,-0.03,0.03,0.0
0.63,0.38,4.52,-0.04,0.03,0.0
0.63,0.31,4.56,-0.04,0.03,0.0
0.63,0.36,4.56,-0.04,0.03,-0.0
0.69,0.33,4.54,-0.04,0.04,-0.0
0.75,0.31,4.52,-0.04,0.04,-0.0
0.73,0.31,4.5,-0.04,0.04,-0.0
0.71,0.36,4.62,-0.04,0.05,-0.01
0.75,0.36,4.5,-0.04,0.05,-0.0
0.79,0.34,4.58,-0.04,0.05,-0.01
0.79,0.34,4.52,-0.04,0.06,-0.01
0.73,0.36,4.48,-0.04,0.06,-0.01
0.75,0.31,4.46,-0.04,0.06,-0.01
0.75,0.31,4.56,-0.04,0.06,-0.01
0.71,0.33,4.5,-0.05,0.06,-0.01
0.73,0.29,4.5,-0.05,0.06,-0.02
0.69,0.29,4.52,-0.05,0.06,-0.02
0.75,0.21,4.54,-0.05,0.06,-0.02
0.65,0.23,4.62,-0.05,0.06,-0.01
0.67,0.19,4.64,-0.04,0.06,-0.02
0.67,0.19,4.62,-0.04,0.06,-0.02
0.65,0.21,4.67,-0.03,0.06,-0.02
0.67,0.17,4.58,-0.02,0.06,-0.02
0.5,0.34,4.54,-0.02,0.05,-0.03
0.4,0.38,4.5,-0.01,0.06,-0.03
0.36,0.34,4.58,-0.01,0.05,-0.02
0.42,0.25,4.65,-0.02,0.05,-0.02
0.36,0.31,4.71,-0.02,0.04,-0.01
0.42,0.23,4.71,-0.02,0.04,-0.01
0.36,0.13,4.65,-0.01,0.04,-0.01
0.33,0.23,4.64,-0.01,0.03,-0.01
0.34,0.21,4.67,-0.0,0.03,-0.01
0.29,0.17,4.71,0.01,0.03,-0.01
0.29,0.19,4.64,0.01,0.02,-0.0
0.23,0.23,4.6,0.02,0.02,-0.0
0.17,0.23,4.62,0.02,0.01,-0.0
0.23,0.21,4.62,0.01,0.0,-0.0
0.21,0.17,4.62,0.01,-0.0,0.0
0.08,0.21,4.64,0.02,-0.01,0.01
0.04,0.17,4.6,0.02,-0.02,0.01
0.04,0.19,4.52,0.03,-0.03,0.01
0.04,0.15,4.62,0.03,-0.05,0.02
0.04,0.19,4.65,0.03,-0.08,0.02
0.06,0.19,4.64,0.03,-0.1,0.03
0.0,0.19,4.67,0.03,-0.12,0.03
-0.08,0.17,4.79,0.03,-0.14,0.03
-0.02,0.17,4.81,0.03,-0.15,0.04
-0.02,0.13,4.87,0.03,-0.16,0.05
-0.02,0.17,4.9,0.04,-0.16,0.05
0.0,0.29,4.87,0.04,-0.16,0.05
-0.02,0.25,4.81,0.05,-0.16,0.06
-0.06,0.31,4.75,0.05,-0.17,0.06
-0.02,0.38,4.64,0.05,-0.18,0.06
0.0,0.42,4.62,0.05,-0.18,0.07
-0.02,0.57,4.6,0.04,-0.19,0.07
0.04,0.57,4.69,0.02,-0.19,0.07
0.06,0.56,4.62,0.0,-0.19,0.07
0.21,0.57,4.64,-0.02,-0.2,0.08
0.23,0.56,4.58,-0.04,-0.21,0.08
0.1,0.52,4.64,-0.06,-0.21,0.09
0.33,0.48,4.81,-0.07,-0.22,0.09
0.44,0.46,4.44,-0.08,-0.22,0.1
0.19,0.44,4.75,-0.1,-0.2,0.11
0.4,0.42,4.69,-0.1,-0.21,0.11
0.31,0.4,4.81,-0.11,-0.21,0.11
0.29,0.33,4.87,-0.13,-0.22,0.11
0.4,0.27,4.83,-0.15,-0.22,0.12
0.31,0.21,4.87,-0.16,-0.23,0.12
0.23,0.1,4.81,-0.16,-0.24,0.11
0.31,0.1,4.79,-0.15,-0.25,0.12
0.25,0.02,4.73,-0.14,-0.26,0.11
0.42,-0.04,4.69,-0.13,-0.27,0.12
0.21,0.06,4.81,-0.12,-0.27,0.11
0.29,0.04,4.79,-0.11,-0.28,0.12
0.52,-0.06,4.75,-0.12,-0.3,0.12
0.38,-0.04,4.77,-0.13,-0.31,0.11
0.54,-0.06,4.75,-0.13,-0.32,0.1
0.36,-0.06,4.65,-0.1,-0.32,0.09
0.44,-0.02,4.58,-0.05,-0.33,0.09
0.42,0.21,4.31,-0.0,-0.33,0.09
0.54,0.23,4.35,0.04,-0.34,0.08
0.52,0.48,4.33,0.06,-0.34,0.08
0.65,0.54,4.37,0.05,-0.34,0.08
0.63,0.61,4.29,0.03,-0.35,0.08
0.71,0.54,4.46,-0.02,-0.36,0.08
0.67,0.46,4.5,-0.05,-0.38,0.07
0.82,0.38,4.5,-0.07,-0.39,0.06
0.9,0.29,4.5,-0.08,-0.39,0.05
0.9,0.21,4.81,-0.08,-0.39,0.05
0.98,0.15,4.69,-0.09,-0.4,0.04
1.02,0.08,4.9,-0.1,-0.39,0.04
1.07,-0.04,4.79,-0.11,-0.39,0.04
1.17,-0.06,4.56,-0.1,-0.38,0.04
1.07,-0.08,4.58,-0.08,-0.36,0.04
1.17,-0.04,4.46,-0.05,-0.35,0.04
1.17,-0.38,4.27,-0.03,-0.33,0.03
0.98,0.31,4.75,-0.02,-0.32,0.01
1.23,0.13,4.39,0.01,-0.33,0.03
1.23,0.15,4.29,0.02,-0.34,0.04
1.24,0.15,4.12,0.04,-0.34,0.04
1.28,0.31,3.98,0.04,-0.34,0.04
1.24,0.29,4.02,0.03,-0.35,0.05
1.36,0.27,4.08,0.01,-0.36,0.05
1.4,0.17,4.0,-0.01,-0.37,0.05
1.47,0.21,4.1,-0.02,-0.39,0.05
1.57,-0.02,4.0,-0.03,-0.39,0.05
1.7,0.27,4.29,-0.04,-0.4,0.04
1.82,0.17,4.06,-0.02,-0.42,0.05
1.88,0.13,4.12,-0.01,-0.42,0.07
1.88,0.11,4.16,-0.0,-0.42,0.07
1.88,0.17,4.02,0.01,-0.43,0.06
1.95,0.23,4.16,0.03,-0.44,0.06
2.01,0.25,4.14,0.03,-0.43,0.06
1.93,0.19,4.19,0.03,-0.43,0.06
1.93,0.08,4.14,0.03,-0.43,0.06
2.09,0.06,3.95,0.04,-0.43,0.06
2.11,0.13,3.95,0.05,-0.43,0.07
2.05,0.1,4.04,0.05,-0.43,0.06
2.22,0.21,4.04,0.05,-0.44,0.06
2.24,0.23,4.04,0.05,-0.44,0.05
2.2,0.25,4.1,0.04,-0.43,0.05
2.34,0.17,3.89,0.04,-0.43,0.05
2.38,0.17,4.02,0.04,-0.42,0.05
2.38,0.33,4.16,0.04,-0.42,0.03
2.39,0.25,4.02,0.05,-0.42,0.04
2.59,0.25,3.89,0.06,-0.42,0.05
2.74,0.36,3.72,0.06,-0.41,0.06
2.64,0.34,3.77,0.06,-0.41,0.05
2.76,0.25,3.75,0.05,-0.42,0.05
2.74,0.33,3.79,0.05,-0.42,0.05
2.78,0.34,3.73,0.05,-0.43,0.04
2.7,0.36,3.81,0.04,-0.43,0.04
2.7,0.38,3.79,0.04,-0.42,0.03
2.7,0.42,3.85,0.04,-0.42,0.04
2.7,0.34,3.85,0.04,-0.42,0.04
2.68,0.4,3.79,0.04,-0.42,0.04
2.7,0.36,3.81,0.03,-0.42,0.04
2.74,0.33,3.73,0.03,-0.41,0.04
2.76,0.34,3.79,0.03,-0.41,0.04
2.7,0.4,3.85,0.03,-0.4,0.04
2.7,0.4,3.98,0.02,-0.39,0.04
2.68,0.34,4.02,0.01,-0.39,0.04
2.66,0.31,4.04,0.0,-0.39,0.04
2.68,0.21,3.91,-0.0,-0.39,0.04
2.74,0.13,3.87,0.0,-0.39,0.04
2.62,0.21,3.89,0.01,-0.39,0.04
2.64,0.25,3.89,0.01,-0.39,0.04
2.68,0.29,3.89,0.01,-0.4,0.03
2.72,0.27,3.89,0.0,-0.4,0.03
2.83,0.23,3.81,0.0,-0.4,0.03
2.8,0.21,3.83,0.01,-0.4,0.03
2.83,0.29,3.79,0.01,-0.4,0.03
2.87,0.29,3.83,0.01,-0.4,0.03
2.95,0.27,3.79,0.01,-0.41,0.03
2.95,0.33,3.79,0.01,-0.41,0.02
2.91,0.33,3.72,0.02,-0.4,0.02
2.93,0.25,3.73,0.02,-0.4,0.02
2.91,0.33,3.7,0.03,-0.4,0.02
2.99,0.38,3.7,0.02,-0.4,0.02
2.95,0.31,3.68,0.02,-0.4,0.02
2.89,0.23,3.7,0.01,-0.4,0.02
2.97,0.21,3.72,0.01,-0.4,0.03
2.82,0.21,3.73,0.02,-0.4,0.02
2.99,0.19,3.75,0.02,-0.39,0.03
2.83,0.17,3.73,0.03,-0.39,0.03
2.87,0.19,3.77,0.03,-0.39,0.03
2.91,0.17,3.79,0.03,-0.39,0.03
2.82,0.17,3.73,0.03,-0.39,0.04
2.89,0.15,3.73,0.03,-0.39,0.04
2.87,0.13,3.66,0.04,-0.39,0.04
2.85,0.13,3.72,0.03,-0.39,0.05
2.97,0.17,3.68,0.03,-0.39,0.05
2.91,0.13,3.75,0.03,-0.39,0.05
2.89,0.08,3.68,0.02,-0.39,0.06
2.95,0.06,3.75,0.02,-0.39,0.06
2.82,0.04,3.66,0.03,-0.39,0.07
2.87,0.13,3.58,0.04,-0.39,0.07
2.93,0.13,3.6,0.04,-0.4,0.08
2.91,0.17,3.6,0.03,-0.4,0.08
2.93,0.13,3.6,0.02,-0.4,0.08
2.97,0.17,3.52,0.01,-0.41,0.08
2.93,0.19,3.52,0.01,-0.41,0.08
2.89,0.23,3.41,0.02,-0.41,0.08
2.97,0.25,3.35,0.02,-0.41,0.08
2.95,0.31,3.31,0.03,-0.4,0.08
3.05,0.38,3.26,0.03,-0.41,0.08
3.03,0.42,3.33,0.03,-0.41,0.08
3.05,0.48,3.28,0.02,-0.41,0.08
4.12,-0.02,3.28,-0.0,-0.43,0.1
2.95,0.59,2.91,0.0,-0.4,0.05
3.33,0.42,3.14,0.02,-0.42,0.09
3.39,0.11,3.22,-0.02,-0.4,0.11
3.35,0.15,3.22,-0.02,-0.41,0.1
3.33,0.29,3.1,-0.01,-0.41,0.09
3.37,0.42,3.26,-0.01,-0.42,0.09
3.51,0.25,3.06,-0.01,-0.42,0.09
3.51,0.23,3.05,-0.01,-0.43,0.09
3.51,0.29,3.06,-0.01,-0.43,0.09
3.68,0.21,3.01,-0.01,-0.43,0.09
3.7,0.19,2.93,-0.02,-0.44,0.09
3.72,0.17,2.95,-0.02,-0.44,0.08
3.79,0.17,2.95,-0.02,-0.44,0.08
3.87,0.15,3.03,-0.02,-0.45,0.07
3.93,0.13,2.91,-0.01,-0.45,0.07
3.95,0.13,3.01,-0.01,-0.45,0.06
3.93,0.15,2.85,0.0,-0.45,0.06
4.0,0.19,2.85,0.01,-0.45,0.05
3.98,0.21,2.72,0.01,-0.44,0.05
3.96,0.19,2.62,0.01,-0.44,0.04
3.91,0.17,2.66,0.01,-0.44,0.04
3.96,0.13,2.62,0.01,-0.43,0.04
3.89,0.08,2.68,0.02,-0.43,0.04
3.96,0.02,2.66,0.02,-0.44,0.03
4.0,0.1,2.62,0.03,-0.44,0.03
4.04,0.13,2.62,0.03,-0.44,0.03
4.12,0.23,2.64,0.03,-0.44,0.03
4.18,0.13,2.74,0.03,-0.44,0.03
4.16,0.21,2.66,0.03,-0.44,0.03
4.18,0.15,2.66,0.03,-0.45,0.03
4.16,0.06,2.59,0.03,-0.46,0.03
4.16,0.1,2.57,0.03,-0.46,0.03
4.16,0.1,2.62,0.03,-0.46,0.03
4.21,0.02,2.55,0.04,-0.46,0.03
4.14,0.06,2.51,0.04,-0.46,0.03
4.12,0.13,2.59,0.05,-0.47,0.03
4.04,0.17,2.49,0.05,-0.47,0.03
4.02,0.1,2.47,0.05,-0.48,0.03
4.0,0.11,2.49,0.04,-0.48,0.02
4.0,0.11,2.49,0.03,-0.48,0.03
4.0,0.02,2.41,0.02,-0.49,0.03
4.16,-0.06,2.39,0.01,-0.49,0.03
4.23,-0.06,2.28,0.01,-0.49,0.02
4.33,-0.1,2.26,0.02,-0.48,0.02
4.42,-0.08,2.11,0.03,-0.48,0.02
4.56,-0.11,1.95,0.04,-0.47,0.02
4.69,-0.06,2.05,0.05,-0.46,0.01
4.37,-0.04,2.07,0.06,-0.45,0.01
4.33,-0.06,1.93,0.06,-0.45,0.01
4.33,-0.06,1.88,0.06,-0.45,0.01
4.25,-0.04,1.84,0.06,-0.44,0.01
4.23,-0.04,1.78,0.06,-0.44,0.02
4.21,-0.02,1.7,0.06,-0.43,0.02
4.25,0.0,1.7,0.06,-0.43,0.02
4.19,0.0,1.57,0.06,-0.42,0.02
4.41,0.02,1.51,0.06,-0.41,0.02
4.54,0.04,1.42,0.06,-0.41,0.03
4.67,0.13,1.49,0.05,-0.39,0.03
4.67,0.08,1.44,0.04,-0.37,0.03
4.79,0.1,1.51,0.04,-0.36,0.04
4.88,0.08,1.55,0.03,-0.34,0.04
5.0,0.02,1.57,0.03,-0.33,0.04
4.96,0.06,1.7,0.02,-0.32,0.04
5.08,0.04,1.59,0.03,-0.31,0.04
5.11,0.04,1.72,0.03,-0.31,0.04
5.0,0.1,1.63,0.04,-0.3,0.04
5.08,0.17,1.63,0.05,-0.3,0.04
5.09,0.23,1.59,0.05,-0.3,0.04
5.19,0.25,1.53,0.05,-0.31,0.04
5.02,0.25,1.46,0.05,-0.31,0.04
5.06,0.29,1.47,0.05,-0.31,0.04
5.04,0.27,1.4,0.04,-0.31,0.04
4.98,0.29,1.4,0.03,-0.32,0.04
4.96,0.29,1.28,0.02,-0.32,0.03
4.9,0.23,1.28,0.0,-0.33,0.03
4.9,0.21,1.3,-0.01,-0.33,0.03
4.56,0.08,1.47,-0.02,-0.33,0.03
5.09,0.15,1.23,-0.02,-0.36,0.02
4.88,0.13,1.36,-0.04,-0.36,0.01
4.77,0.04,1.34,-0.04,-0.35,0.01
4.69,0.08,1.26,-0.04,-0.33,0.01
4.58,-0.02,1.28,-0.03,-0.33,0.01
4.52,-0.02,1.32,-0.04,-0.32,0.0
4.42,0.0,1.26,-0.05,-0.33,-0.0
4.35,-0.02,1.28,-0.05,-0.34,-0.0
4.31,-0.04,1.28,-0.05,-0.35,-0.01
4.39,-0.06,1.3,-0.05,-0.36,-0.01
4.33,0.04,1.26,-0.04,-0.36,-0.01
4.33,0.0,1.26,-0.03,-0.36,-0.01
4.41,0.11,1.19,-0.03,-0.36,-0.01
4.37,0.11,1.15,-0.02,-0.37,-0.01
4.62,0.08,1.19,-0.02,-0.37,-0.01
4.69,0.11,1.15,-0.01,-0.36,-0.01
4.71,0.13,1.15,-0.01,-0.36,-0.01
4.9,0.13,1.09,-0.01,-0.34,-0.0
4.9,0.21,1.15,-0.01,-0.33,-0.01
4.88,0.23,1.09,-0.0,-0.31,-0.01
5.02,0.21,1.13,0.0,-0.3,-0.0
5.08,0.21,1.17,0.0,-0.28,-0.0
4.98,0.19,1.13,-0.0,-0.27,-0.0
4.94,0.19,1.09,-0.0,-0.26,-0.0
4.94,0.19,1.07,-0.0,-0.25,-0.0
4.92,0.15,1.11,-0.01,-0.25,-0.0
4.92,0.11,1.13,-0.01,-0.24,-0.0
4.88,0.13,1.19,-0.01,-0.24,0.0
4.87,0.11,1.13,-0.01,-0.23,0.0
4.73,0.15,1.23,-0.01,-0.23,0.01
4.69,0.11,1.17,-0.0,-0.23,0.01
4.71,0.1,1.19,-0.0,-0.24,0.01
4.67,0.19,1.23,-0.0,-0.24,0.01
4.69,0.13,1.23,-0.0,-0.25,0.01
4.65,0.25,1.21,-0.0,-0.25,0.01
4.67,0.25,1.26,-0.0,-0.26,0.01
4.71,0.23,1.19,-0.01,-0.26,0.01
4.6,0.27,1.19,-0.01,-0.27,0.01
4.69,0.29,1.11,-0.02,-0.27,0.01
4.67,0.23,1.19,-0.04,-0.28,0.01
4.64,0.25,1.07,-0.04,-0.28,0.02
4.67,0.17,1.15,-0.05,-0.29,0.02
4.69,0.19,1.09,-0.06,-0.29,0.02
4.69,0.19,1.09,-0.06,-0.29,0.02
4.73,0.23,1.21,-0.06,-0.29,0.02
4.75,0.23,1.07,-0.05,-0.3,0.02
4.73,0.19,0.96,-0.05,-0.3,0.02
4.79,0.15,0.96,-0.06,-0.3,0.03
4.77,0.13,0.79,-0.06,-0.29,0.03
4.94,0.04,0.8,-0.06,-0.29,0.03
4.77,0.02,0.88,-0.07,-0.28,0.03
4.75,0.06,0.71,-0.06,-0.27,0.03
4.94,0.02,0.84,-0.06,-0.26,0.03
4.88,0.08,0.69,-0.05,-0.26,0.03
4.94,0.11,0.73,-0.04,-0.25,0.02
5.04,0.1,0.61,-0.04,-0.25,0.03
5.0,0.06,0.52,-0.04,-0.24,0.04
5.17,-0.04,0.63,-0.05,-0.23,0.03
5.13,-0.02,0.65,-0.06,-0.22,0.03
5.17,-0.08,0.65,-0.07,-0.21,0.03
5.19,-0.08,0.56,-0.07,-0.2,0.03
5.17,-0.1,0.52,-0.07,-0.19,0.03
5.23,-0.11,0.36,-0.06,-0.19,0.03
5.11,-0.11,0.44,-0.05,-0.18,0.02
5.19,-0.15,0.34,-0.04,-0.17,0.01
5.09,-0.1,0.34,-0.03,-0.17,0.01
5.11,0.0,0.25,-0.03,-0.17,0.01
5.19,-0.06,0.21,-0.03,-0.16,0.01
5.09,-0.02,0.13,-0.03,-0.16,0.01
5.17,-0.02,0.15,-0.03,-0.15,0.01
5.17,-0.04,0.06,-0.04,-0.15,0.01
5.21,0.0,0.06,-0.05,-0.15,0.01
5.21,-0.06,0.1,-0.05,-0.15,0.01
5.19,-0.02,0.11,-0.06,-0.14,0.01
5.23,-0.06,0.15,-0.06,-0.13,0.01
5.17,-0.04,0.13,-0.06,-0.12,0.0
5.21,-0.08,0.11,-0.06,-0.12,0.0
5.29,-0.04,0.15,-0.06,-0.11,0.0
5.13,0.0,0.23,-0.05,-0.1,0.0
5.09,-0.04,0.15,-0.04,-0.09,0.0
5.21,-0.04,0.06,-0.04,-0.09,0.0
5.15,-0.08,0.04,-0.03,-0.08,-0.0
5.15,-0.06,0.13,-0.03,-0.07,-0.0
5.13,-0.04,0.11,-0.02,-0.06,-0.0
5.11,-0.04,0.1,-0.01,-0.05,-0.01
5.08,-0.04,0.11,-0.01,-0.04,-0.01
5.11,0.0,0.15,0.0,-0.03,-0.01
5.11,0.0,0.1,0.0,-0.02,-0.01
5.17,0.0,0.11,0.0,-0.01,-0.01
5.06,-0.02,0.21,0.0,-0.0,-0.01
5.15,0.06,0.15,-0.0,0.0,-0.01
5.19,0.08,0.17,-0.0,0.01,-0.01
5.11,0.13,0.23,-0.0,0.01,-0.01
5.17,0.08,0.17,-0.01,0.02,-0.01
5.17,0.04,0.17,-0.01,0.02,-0.01
5.17,0.08,0.17,-0.01,0.02,-0.01
5.15,0.04,0.21,-0.01,0.03,-0.01
5.09,0.08,0.13,-0.01,0.03,-0.02
5.08,0.08,0.23,-0.01,0.03,-0.02
5.08,0.04,0.23,-0.0,0.04,-0.02
5.15,0.06,0.31,0.0,0.04,-0.02
5.04,0.13,0.23,0.0,0.05,-0.02
5.08,0.11,0.21,0.01,0.05,-0.01
5.06,0.11,0.25,0.01,0.06,-0.01
5.02,0.11,0.31,0.01,0.07,-0.01
5.0,0.1,0.4,0.01,0.07,-0.01
4.98,0.04,0.33,0.01,0.07,-0.01
5.02,0.06,0.34,0.01,0.07,-0.01
5.02,0.08,0.4,0.02,0.07,-0.01
5.04,0.11,0.4,0.02,0.07,-0.01
4.96,0.11,0.42,0.03,0.07,-0.01
4.98,0.17,0.38,0.03,0.07,-0.01
4.96,0.17,0.44,0.03,0.07,-0.01
4.98,0.13,0.38,0.03,0.06,-0.01
4.96,0.15,0.36,0.03,0.06,-0.01
4.94,0.04,0.46,0.03,0.06,-0.01
4.94,0.06,0.42,0.03,0.06,-0.01
4.92,0.04,0.42,0.04,0.06,-0.0
4.92,0.08,0.52,0.04,0.06,-0.0
4.9,0.1,0.46,0.05,0.06,0.0
4.9,0.15,0.42,0.06,0.06,0.0
4.88,0.15,0.48,0.06,0.06,0.01
5.0,0.33,0.31,0.06,0.06,0.01
4.92,0.17,0.46,0.06,0.06,0.01
4.83,0.17,0.52,0.06,0.05,0.01
4.87,0.27,0.54,0.06,0.05,0.01
4.81,0.13,0.48,0.05,0.04,0.01
4.87,0.17,0.54,0.04,0.04,0.02
4.88,0.19,0.52,0.04,0.03,0.02
4.88,0.15,0.48,0.03,0.03,0.02
4.94,0.13,0.56,0.03,0.03,0.02
4.92,0.1,0.59,0.03,0.02,0.02
4.87,0.15,0.52,0.04,0.02,0.02
4.75,0.02,0.4,0.04,0.02,0.02
4.81,0.19,0.73,0.05,0.02,0.01
4.77,0.29,0.59,0.06,0.0,-0.0
4.85,0.27,0.44,0.06,-0.01,0.01
4.83,0.25,0.44,0.04,-0.01,0.01
4.81,0.17,0.54,0.01,-0.01,0.01
4.77,0.13,0.61,-0.01,-0.02,0.01
4.81,0.11,0.65,-0.02,-0.02,0.01
4.73,0.04,0.69,-0.02,-0.03,0.01
4.65,0.0,1.05,-0.02,-0.03,0.01
5.13,0.21,0.48,-0.0,-0.07,0.01
4.96,0.11,0.73,-0.02,-0.06,0.01
4.81,0.17,0.63,-0.01,-0.05,0.01
4.88,0.13,0.57,-0.01,-0.04,0.01
4.79,0.11,0.56,-0.01,-0.04,0.01
4.83,0.13,0.52,-0.01,-0.05,0.01
4.9,0.06,0.44,-0.01,-0.05,0.01
4.88,0.08,0.46,-0.01,-0.05,0.01
4.88,0.04,0.38,-0.01,-0.05,0.01
4.87,0.08,0.52,-0.01,-0.05,0.01
4.85,0.0,0.61,-0.0,-0.06,0.01
4.83,0.1,0.56,0.0,-0.07,0.01
4.96,0.13,0.42,0.01,-0.07,0.01
4.96,0.1,0.31,0.01,-0.07,0.01
4.98,0.06,0.36,-0.0,-0.07,0.02
4.9,0.1,0.4,-0.01,-0.07,0.02
4.92,0.04,0.48,-0.01,-0.07,0.02
4.92,0.0,0.48,-0.01,-0.08,0.02
4.94,0.04,0.4,-0.0,-0.08,0.02
4.98,0.08,0.33,0.0,-0.08,0.02
4.96,0.08,0.27,0.01,-0.08,0.02
5.04,0.06,0.27,0.01,-0.07,0.03
5.08,0.06,0.31,0.01,-0.07,0.03
5.04,0.08,0.15,0.02,-0.06,0.03
5.09,0.08,0.19,0.02,-0.06,0.03
5.06,0.1,0.11,0.02,-0.06,0.03
5.08,0.06,0.15,0.01,-0.05,0.03
5.04,0.08,0.15,0.01,-0.05,0.03
5.0,0.08,0.13,0.01,-0.04,0.02
5.08,0.08,0.15,0.01,-0.04,0.02
4.98,0.1,0.08,0.01,-0.04,0.02
5.0,0.08,0.15,0.0,-0.04,0.02
5.0,0.06,0.1,-0.0,-0.04,0.02
5.04,0.04,0.11,-0.0,-0.04,0.02
5.0,0.06,0.13,-0.01,-0.04,0.01
4.98,-0.02,0.11,-0.01,-0.03,0.01
4.92,0.1,0.17,-0.01,-0.03,0.01
4.94,0.04,0.21,-0.02,-0.03,0.01
4.94,0.08,0.23,-0.02,-0.03,0.01
4.98,0.04,0.15,-0.02,-0.04,0.01
4.98,0.02,0.15,-0.02,-0.04,0.01
5.0,0.02,0.17,-0.03,-0.04,0.01
5.02,0.06,0.13,-0.03,-0.04,0.01
5.0,0.04,0.1,-0.03,-0.04,0.01
4.85,0.13,0.17,-0.04,-0.03,0.01
5.02,0.08,0.1,-0.04,-0.03,0.01
5.06,0.06,0.15,-0.05,-0.03,0.01
5.02,0.02,0.15,-0.05,-0.03,0.01
5.02,0.02,0.15,-0.06,-0.03,0.0
5.04,0.04,0.15,-0.06,-0.02,0.0
5.06,-0.02,0.15,-0.07,-0.02,0.0
5.06,-0.04,0.19,-0.06,-0.01,0.0
5.06,-0.02,0.17,-0.06,-0.01,-0.0
5.11,0.0,0.15,-0.05,-0.0,-0.0
5.13,0.0,0.13,-0.04,0.0,-0.0
5.09,0.0,0.13,-0.03,0.0,0.0
5.11,0.02,0.11,-0.03,0.01,-0.0
5.13,-0.02,0.1,-0.02,0.01,-0.0
5.08,0.06,0.08,-0.02,0.01,-0.0
5.06,0.08,-0.02,-0.02,0.02,-0.0
5.08,0.1,-0.02,-0.01,0.02,-0.0
5.08,0.08,0.0,-0.02,0.02,-0.0
5.0,0.15,0.0,-0.02,0.02,0.0
5.02,0.06,0.1,-0.03,0.02,0.0
4.98,0.04,-0.02,-0.03,0.02,0.0
4.94,0.02,0.04,-0.03,0.02,0.0
4.88,-0.06,-0.13,-0.03,0.02,0.0
4.94,-0.02,0.08,-0.03,0.02,0.0
5.0,-0.04,0.15,-0.03,0.02,0.0
5.02,-0.06,0.1,-0.02,0.02,0.01
5.0,-0.04,0.1,-0.02,0.02,0.01
5.06,0.0,0.11,-0.01,0.02,0.01
4.98,0.13,0.1,-0.01,0.02,0.01
5.0,0.02,0.15,-0.01,0.02,0.01
5.04,-0.04,0.17,-0.01,0.02,0.01
5.02,-0.04,0.15,-0.01,0.02,0.01
4.96,0.02,0.15,-0.01,0.02,0.01
4.96,-0.04,0.15,-0.01,0.02,0.01
5.0,0.04,0.15,-0.01,0.02,0.01
5.02,0.02,0.13,-0.0,0.02,0.01
5.04,0.0,0.15,0.0,0.02,0.01
5.04,0.0,0.13,0.0,0.02,0.01
5.04,0.04,0.15,0.01,0.02,0.01
4.96,0.04,0.17,0.01,0.02,0.0
5.06,0.02,0.17,0.01,0.02,0.01
5.04,0.13,0.13,0.01,0.03,0.0
5.02,0.15,0.13,0.01,0.03,0.01
5.02,0.1,0.11,0.01,0.03,0.01
5.04,0.11,0.11,0.01,0.03,0.01
4.96,0.08,0.11,0.01,0.04,0.01
5.02,0.04,0.13,0.0,0.04,0.01
5.02,0.0,0.15,-0.0,0.04,0.0
4.98,0.02,0.06,-0.0,0.04,0.01
5.0,0.0,0.11,-0.0,0.04,0.0
5.0,0.1,0.15,-0.01,0.04,0.0
4.96,0.06,0.17,-0.01,0.04,0.0
4.96,0.08,0.15,-0.01,0.04,0.0
5.0,0.0,0.15,-0.01,0.04,0.0
5.04,0.02,0.1,-0.01,0.04,0.0
5.0,-0.02,0.11,-0.01,0.04,0.0
5.0,0.0,0.13,-0.01,0.03,0.0
5.0,0.02,0.11,-0.01,0.03,0.0
5.06,-0.06,0.13,-0.01,0.04,0.0
5.02,-0.04,0.13,-0.01,0.03,0.0
5.0,-0.02,0.08,-0.01,0.03,0.0
5.02,-0.02,0.1,-0.01,0.03,0.0
5.09,-0.08,0.11,-0.01,0.03,0.0
5.0,-0.02,0.11,-0.01,0.03,0.0
5.0,-0.06,0.11,-0.0,0.03,0.0
5.02,-0.06,0.06,-0.0,0.03,0.0
5.0,-0.04,0.08,-0.0,0.04,0.0
5.02,-0.06,0.11,0.0,0.04,0.0
5.0,0.0,0.17,0.0,0.04,0.0
5.0,-0.02,0.1,0.0,0.04,-0.0
4.98,0.0,0.15,0.01,0.04,0.0
5.0,-0.04,0.13,0.01,0.04,-0.0
4.92,0.04,0.15,0.01,0.05,-0.0
5.0,0.0,0.08,0.01,0.05,-0.0
4.98,0.04,0.17,0.01,0.05,-0.0
4.96,-0.02,0.1,0.01,0.05,-0.0
4.96,-0.02,0.13,0.01,0.05,-0.0
5.04,-0.02,0.11,0.01,0.05,-0.01
4.98,0.0,0.15,0.01,0.05,-0.01
4.96,0.02,0.17,0.01,0.05,-0.01
4.98,0.04,0.19,0.0,0.05,-0.01
5.02,0.02,0.19,0.0,0.05,-0.01
5.0,0.04,0.19,-0.0,0.05,-0.01
4.96,0.0,0.15,-0.0,0.05,-0.01
4.92,0.02,0.19,-0.0,0.05,-0.01
4.92,0.04,0.17,-0.0,0.05,-0.01
4.92,0.0,0.19,-0.0,0.05,-0.01
4.98,0.02,0.17,-0.0,0.05,-0.01
4.94,0.04,0.15,-0.0,0.04,-0.01
4.94,0.0,0.15,-0.0,0.05,-0.01
4.96,0.04,0.13,-0.0,0.04,-0.01
4.96,0.02,0.17,-0.0,0.04,-0.01
4.92,0.04,0.17,-0.01,0.04,-0.01
4.94,0.06,0.1,-0.01,0.04,-0.01
5.04,-0.04,0.19,-0.0,0.04,-0.01
5.0,-0.04,0.15,-0.0,0.04,-0.01
5.04,0.04,0.17,-0.0,0.04,-0.01
4.94,0.04,0.15,0.0,0.04,-0.01
4.98,0.04,0.11,0.0,0.04,-0.01
4.98,0.08,0.15,0.0,0.04,-0.01
5.0,0.06,0.17,0.0,0.04,-0.01
4.98,0.06,0.15,0.0,0.04,-0.01
5.04,0.04,0.17,0.0,0.04,-0.01
5.02,0.02,0.15,0.0,0.04,-0.01
4.96,0.08,0.15,0.0,0.04,-0.01
4.96,0.08,0.15,0.0,0.04,-0.01
5.0,0.08,0.15,0.0,0.04,-0.01
4.96,0.1,0.15,0.0,0.04,-0.0
4.9,0.15,0.15,0.01,0.04,-0.01
5.09,0.11,0.11,0.0,0.04,-0.0
5.0,0.06,0.17,0.0,0.04,-0.01
4.96,0.02,0.17,0.0,0.04,-0.0
4.98,0.0,0.08,0.0,0.04,-0.0
4.94,0.04,0.19,0.0,0.04,-0.0
4.98,0.06,0.17,0.0,0.04,-0.0
4.98,0.06,0.17,0.0,0.05,-0.0
4.96,0.06,0.13,0.0,0.05,-0.0
5.08,0.0,0.17,0.0,0.05,-0.0
5.02,0.0,0.17,0.0,0.05,-0.0
4.98,0.08,0.17,0.0,0.05,-0.0
5.0,0.08,0.15,0.0,0.05,-0.0
5.02,0.11,0.13,0.01,0.05,-0.0
5.0,0.08,0.13,0.01,0.05,-0.0
4.98,0.13,0.15,0.0,0.05,-0.0
5.0,0.06,0.15,0.0,0.05,-0.0
5.0,0.1,0.15,0.0,0.05,-0.0
5.02,0.08,0.27,-0.0,0.05,-0.0
4.94,0.1,0.13,-0.01,0.05,-0.0
4.98,0.02,0.21,-0.01,0.05,-0.0
4.96,0.08,0.25,-0.01,0.05,-0.0
5.02,0.06,0.19,-0.01,0.05,-0.0
4.98,0.08,0.15,-0.02,0.05,-0.0
4.98,0.04,0.15,-0.02,0.04,-0.0
4.92,0.06,0.23,-0.02,0.04,-0.0
4.96,0.06,0.15,-0.02,0.04,-0.0
4.96,-0.02,0.19,-0.02,0.04,-0.0
4.98,0.0,0.17,-0.02,0.04,-0.0
4.94,0.0,0.19,-0.02,0.04,-0.0
4.96,0.02,0.17,-0.02,0.04,-0.0
4.92,0.0,0.21,-0.02,0.04,-0.0
4.98,0.04,0.11,-0.02,0.04,-0.0
4.92,-0.04,0.21,-0.02,0.04,-0.0
4.96,0.02,0.23,-0.02,0.04,-0.0
4.96,0.06,0.19,-0.02,0.04,-0.0
4.98,0.02,0.23,-0.02,0.04,-0.0
4.98,0.08,0.19,-0.02,0.04,-0.0
4.94,0.04,0.19,-0.02,0.04,-0.0
4.98,0.04,0.29,-0.02,0.04,-0.01
4.98,0.08,0.19,-0.02,0.04,-0.0
4.98,0.02,0.13,-0.02,0.04,-0.0
5.0,0.08,0.21,-0.02,0.04,-0.0
5.0,0.0,0.21,-0.02,0.04,-0.0
5.02,0.02,0.25,-0.02,0.04,-0.0
4.98,0.02,0.17,-0.02,0.04,-0.01
5.02,0.02,0.15,-0.01,0.05,-0.0
5.0,0.06,0.15,-0.01,0.05,-0.01
4.96,0.06,0.17,-0.02,0.05,-0.01
4.98,0.04,0.19,-0.02,0.05,-0.01
4.94,0.1,0.17,-0.02,0.05,-0.01
4.98,0.06,0.15,-0.02,0.05,-0.01
5.0,0.02,0.17,-0.02,0.05,-0.0
5.0,0.1,0.23,-0.03,0.05,-0.01
4.96,0.1,0.17,-0.03,0.05,-0.0
5.0,0.0,0.17,-0.03,0.05,-0.0
4.98,0.08,0.23,-0.03,0.05,-0.0
4.94,0.06,0.23,-0.04,0.04,-0.0
4.98,0.06,0.19,-0.04,0.04,-0.0
4.92,0.06,0.15,-0.04,0.04,-0.0
4.96,0.04,0.17,-0.04,0.04,-0.0
5.02,-0.02,0.19,-0.04,0.04,-0.0
5.0,-0.02,0.15,-0.03,0.04,-0.0
5.0,0.0,0.21,-0.03,0.04,-0.0
4.92,0.06,0.21,-0.03,0.04,-0.0
5.06,0.1,0.06,-0.03,0.04,-0.0
4.94,0.04,0.11,-0.03,0.04,-0.0
4.94,0.04,0.19,-0.03,0.04,-0.0
4.88,0.06,0.19,-0.03,0.04,-0.0
4.98,0.08,0.19,-0.04,0.04,-0.0
5.0,-0.02,0.21,-0.04,0.04,-0.0
4.96,0.06,0.17,-0.04,0.04,-0.01
5.04,0.0,0.15,-0.04,0.04,-0.0
5.02,-0.02,0.19,-0.04,0.04,-0.01
4.94,-0.02,0.21,-0.04,0.04,-0.01
4.98,0.0,0.21,-0.04,0.04,-0.0
4.88,0.0,0.17,-0.04,0.04,-0.01
4.96,0.04,0.15,-0.04,0.04,-0.0
4.96,0.02,0.19,-0.04,0.04,-0.0
5.02,0.02,0.23,-0.04,0.04,-0.01
4.98,0.0,0.17,-0.04,0.04,-0.01
4.98,0.0,0.15,-0.04,0.04,-0.01
5.0,-0.08,0.21,-0.04,0.04,-0.01
4.96,-0.04,0.21,-0.03,0.04,-0.01
4.98,-0.04,0.19,-0.03,0.04,-0.01
5.0,0.0,0.21,-0.02,0.04,-0.01
5.02,-0.02,0.23,-0.02,0.04,-0.01
5.02,0.02,0.27,-0.02,0.04,-0.01
4.9,0.06,0.27,-0.02,0.04,-0.01
4.98,0.08,0.23,-0.02,0.04,-0.01
4.94,0.08,0.19,-0.03,0.03,-0.01
4.98,-0.02,0.21,-0.03,0.04,-0.01
5.0,0.04,0.19,-0.03,0.04,-0.01
4.96,0.02,0.23,-0.03,0.03,-0.01
4.98,0.06,0.17,-0.03,0.03,-0.01
4.96,0.04,0.21,-0.03,0.03,-0.01
4.92,0.06,0.15,-0.03,0.03,-0.01
4.98,0.02,0.17,-0.03,0.03,-0.01
4.94,0.08,0.13,-0.04,0.03,-0.01
5.0,0.08,0.25,-0.04,0.03,-0.01
4.98,0.02,0.15,-0.04,0.03,-0.01
5.04,-0.02,0.13,-0.04,0.03,-0.01
4.98,0.04,0.19,-0.04,0.04,-0.01
4.94,0.02,0.23,-0.03,0.04,-0.01
4.98,0.02,0.15,-0.03,0.04,-0.01
5.02,0.0,0.15,-0.03,0.04,-0.01
5.0,0.02,0.21,-0.03,0.04,-0.01
4.98,0.02,0.23,-0.03,0.04,-0.01
5.0,0.04,0.25,-0.03,0.04,-0.01
4.98,0.04,0.27,-0.04,0.04,-0.01
5.04,0.11,0.25,-0.04,0.04,-0.01
4.98,0.08,0.21,-0.04,0.04,-0.01
4.96,0.06,0.21,-0.04,0.04,-0.01
4.96,0.0,0.17,-0.04,0.04,-0.01
5.02,0.06,0.15,-0.04,0.04,-0.01
4.9,0.08,0.13,-0.04,0.04,-0.01
5.0,0.04,0.27,-0.04,0.04,-0.01
4.94,-0.04,0.21,-0.04,0.04,-0.01
5.02,-0.06,0.17,-0.04,0.04,-0.01
5.02,0.04,0.31,-0.04,0.04,-0.01
5.02,0.02,0.21,-0.03,0.04,-0.01
5.02,0.0,0.25,-0.03,0.04,-0.0
4.96,0.08,0.17,-0.03,0.04,-0.0
5.0,0.04,0.13,-0.03,0.04,-0.0
5.0,0.08,0.17,-0.03,0.04,-0.0
5.0,0.04,0.17,-0.03,0.03,-0.0
4.94,0.06,0.21,-0.03,0.04,-0.0
5.02,0.04,0.19,-0.03,0.04,-0.0
4.96,0.06,0.11,-0.03,0.04,-0.0
5.0,0.02,0.19,-0.03,0.03,-0.0
4.96,0.04,0.19,-0.03,0.03,-0.0
4.9,0.02,0.17,-0.04,0.03,-0.0
4.9,0.0,0.21,-0.04,0.03,-0.0
4.94,0.04,0.19,-0.04,0.03,-0.0
4.96,0.04,0.21,-0.04,0.03,-0.0
5.02,-0.02,0.17,-0.04,0.03,-0.0
4.94,0.06,0.15,-0.04,0.03,-0.0
4.96,0.02,0.19,-0.04,0.03,-0.0
4.94,0.0,0.21,-0.04,0.03,-0.0
5.0,0.02,0.27,-0.04,0.03,-0.0
5.0,0.02,0.27,-0.04,0.03,-0.0
4.98,0.0,0.15,-0.04,0.03,-0.0
5.02,-0.02,0.15,-0.04,0.03,-0.0
4.92,0.11,0.19,-0.03,0.03,-0.01
4.98,0.06,0.27,-0.03,0.03,-0.01
5.0,0.0,0.15,-0.03,0.03,-0.01
4.96,0.04,0.17,-0.03,0.03,-0.0
4.98,0.02,0.21,-0.04,0.03,-0.0
5.06,0.06,0.23,-0.03,0.03,-0.01
4.96,0.0,0.15,-0.03,0.03,-0.01
4.98,0.0,0.25,-0.03,0.04,-0.01
5.0,0.0,0.17,-0.03,0.03,-0.0
5.04,0.0,0.19,-0.03,0.03,-0.0
4.96,0.02,0.21,-0.03,0.03,-0.01
4.98,0.1,0.15,-0.03,0.03,-0.01
5.06,0.0,0.25,-0.03,0.04,-0.01
4.98,0.0,0.15,-0.03,0.04,-0.0
4.98,0.02,0.21,-0.03,0.04,-0.0
4.96,0.04,0.15,-0.03,0.04,-0.0
5.04,0.02,0.15,-0.03,0.04,-0.0
5.06,0.08,0.17,-0.03,0.04,-0.0
4.98,0.0,0.17,-0.03,0.04,-0.0
4.92,0.11,0.15,-0.03,0.04,-0.0
4.94,0.08,0.15,-0.03,0.04,-0.0
4.98,0.08,0.17,-0.03,0.04,-0.0
5.02,0.06,0.11,-0.03,0.04,-0.0
5.0,0.08,0.15,-0.03,0.04,-0.0
4.98,0.04,0.15,-0.03,0.04,-0.0
4.96,0.06,0.15,-0.03,0.04,0.0
4.96,0.02,0.13,-0.03,0.04,-0.0
4.96,0.04,0.15,-0.03,0.04,-0.0
4.94,0.06,0.13,-0.03,0.04,-0.0
5.11,0.0,0.23,-0.04,0.04,0.0
5.02,0.04,0.17,-0.04,0.04,-0.0
4.94,0.0,0.23,-0.04,0.04,-0.0
4.96,-0.04,0.31,-0.04,0.04,-0.0
5.0,0.0,0.17,-0.04,0.05,-0.0
5.02,-0.02,0.17,-0.03,0.05,-0.01
5.02,-0.04,0.19,-0.03,0.05,-0.01
5.0,0.0,0.21,-0.03,0.05,-0.01
5.02,0.0,0.15,-0.03,0.05,-0.01
5.02,-0.04,0.15,-0.02,0.05,-0.01
4.98,-0.04,0.15,-0.02,0.05,-0.01
4.98,0.0,0.17,-0.02,0.05,-0.01
4.96,-0.02,0.15,-0.02,0.05,-0.0
5.02,-0.04,0.13,-0.02,0.05,-0.0
4.94,-0.04,0.17,-0.01,0.05,-0.0
4.9,0.04,0.15,-0.01,0.05,-0.0
4.88,0.02,0.15,-0.01,0.05,-0.0
4.94,-0.02,0.15,-0.01,0.05,-0.0
4.92,-0.08,0.19,-0.02,0.05,0.0
4.94,0.0,0.23,-0.02,0.05,-0.0
4.98,-0.06,0.23,-0.02,0.05,0.0
4.94,-0.08,0.25,-0.01,0.04,0.0
4.96,-0.08,0.27,-0.0,0.04,-0.0
4.94,-0.04,0.23,0.0,0.04,0.0
4.96,-0.04,0.21,0.01,0.04,-0.0
4.85,0.02,0.27,0.01,0.04,-0.0
4.96,-0.04,0.21,0.01,0.04,0.0
4.94,-0.02,0.25,0.01,0.04,-0.0
4.96,0.0,0.19,0.01,0.04,-0.0
4.96,0.04,0.31,0.01,0.04,0.0
4.94,0.06,0.27,0.01,0.04,-0.0
4.96,0.02,0.23,0.01,0.04,-0.0
4.98,0.1,0.29,0.01,0.04,-0.0
4.94,0.04,0.27,0.01,0.04,-0.0
4.94,0.06,0.21,0.02,0.04,-0.0
4.94,0.1,0.31,0.02,0.04,-0.0
4.98,0.04,0.27,0.01,0.04,-0.0
4.92,0.1,0.25,0.01,0.04,-0.0
4.96,0.08,0.25,0.01,0.04,-0.0
4.96,0.08,0.23,0.01,0.04,-0.0
4.94,0.13,0.27,0.01,0.03,-0.0
5.0,0.1,0.27,0.01,0.03,-0.0
4.98,0.08,0.23,0.0,0.03,-0.0
4.94,0.11,0.19,0.0,0.03,0.0
4.96,0.11,0.19,-0.0,0.03,-0.0
5.0,0.04,0.27,-0.0,0.03,0.0
4.92,0.0,0.19,-0.0,0.03,0.0
4.94,0.04,0.46,-0.0,0.03,0.0
5.0,0.04,0.19,-0.0,0.03,0.0
4.98,0.04,0.25,-0.0,0.03,0.0
5.04,0.0,0.17,-0.0,0.03,0.0
4.98,0.02,0.19,-0.0,0.03,0.0
4.98,0.02,0.19,-0.0,0.03,0.0
4.98,0.04,0.19,-0.0,0.03,0.0
4.98,0.0,0.19,-0.0,0.03,-0.0
4.96,0.1,0.13,-0.0,0.03,0.0
5.02,0.02,0.23,-0.0,0.04,-0.0
5.0,0.0,0.21,-0.0,0.04,0.0
5.02,0.0,0.11,0.0,0.04,-0.0
5.0,-0.04,0.21,0.0,0.04,0.0
4.98,0.02,0.21,0.01,0.04,0.0
5.0,-0.04,0.11,0.01,0.04,0.0
5.06,-0.02,0.21,0.01,0.04,-0.0
5.08,-0.02,0.15,0.01,0.04,0.0
5.04,-0.02,0.15,0.01,0.04,0.0
5.0,0.0,0.11,0.01,0.04,0.0
5.04,-0.02,0.19,0.01,0.05,0.0
4.98,0.0,0.19,0.01,0.05,0.0
5.0,-0.04,0.19,0.01,0.05,-0.0
4.94,0.0,0.15,0.01,0.05,-0.0
5.0,-0.02,0.15,0.01,0.05,-0.0
5.0,-0.02,0.15,0.01,0.05,-0.0
4.96,0.0,0.19,0.01,0.05,-0.0
4.96,0.02,0.23,0.01,0.05,-0.0
5.0,0.0,0.21,0.01,0.05,-0.0
4.98,0.04,0.25,0.01,0.06,-0.0
4.98,0.0,0.23,0.02,0.06,-0.0
5.04,-0.02,0.25,0.02,0.05,-0.0
4.98,0.04,0.25,0.02,0.05,-0.0
5.0,0.04,0.21,0.02,0.06,-0.0
4.98,0.04,0.17,0.03,0.06,-0.0
5.02,0.02,0.25,0.03,0.06,-0.0
5.0,0.06,0.19,0.03,0.06,-0.0
5.04,0.02,0.25,0.02,0.05,-0.0
4.94,0.04,0.21,0.02,0.05,-0.0
4.9,0.06,0.21,0.02,0.05,-0.0
4.98,0.06,0.21,0.02,0.05,0.0
5.0,0.04,0.23,0.02,0.05,-0.0
4.9,0.1,0.31,0.02,0.05,-0.0
4.98,0.06,0.31,0.02,0.05,-0.0
5.04,0.13,0.33,0.01,0.05,-0.0
4.92,0.02,0.29,0.01,0.05,-0.0
4.96,0.06,0.29,0.01,0.05,-0.0
4.96,0.02,0.27,0.01,0.04,-0.0
5.02,0.06,0.23,0.01,0.04,-0.0
5.0,0.04,0.23,0.01,0.04,-0.0
4.98,0.1,0.19,0.01,0.04,-0.0
4.92,0.1,0.27,0.01,0.04,-0.0
4.96,0.06,0.27,0.01,0.04,-0.0
4.96,-0.04,0.23,0.01,0.04,-0.0
4.96,0.04,0.27,0.01,0.04,-0.0
4.92,0.0,0.23,0.01,0.04,-0.0
4.96,0.02,0.25,0.01,0.04,-0.0
4.94,0.04,0.27,0.0,0.04,-0.0
5.02,0.1,0.17,0.0,0.04,0.0
4.94,0.06,0.29,0.0,0.04,-0.0
4.94,0.02,0.27,0.0,0.04,0.0
4.92,0.06,0.31,-0.0,0.03,0.0
5.02,0.02,0.29,-0.0,0.03,0.0
4.98,0.04,0.27,-0.0,0.03,0.0
4.96,0.04,0.25,-0.0,0.03,0.0
4.96,0.06,0.23,-0.01,0.03,0.0
4.96,-0.02,0.31,-0.01,0.03,0.0
4.92,0.04,0.27,-0.01,0.03,0.0
4.96,-0.02,0.29,-0.01,0.03,0.0
4.92,0.0,0.21,-0.01,0.03,-0.0
4.88,-0.04,0.27,-0.0,0.03,-0.0
4.92,0.0,0.23,-0.0,0.03,-0.0
4.96,0.04,0.19,-0.0,0.03,0.0
4.98,0.02,0.27,-0.0,0.03,-0.0
5.04,-0.02,0.23,-0.0,0.03,-0.0
5.0,-0.06,0.23,0.0,0.03,-0.0
4.98,0.02,0.23,0.0,0.03,-0.0
4.98,0.02,0.27,0.01,0.03,-0.0
4.98,0.0,0.23,0.01,0.03,-0.0
5.0,-0.02,0.19,0.01,0.03,-0.0
5.0,-0.02,0.21,0.01,0.03,-0.0
5.02,0.0,0.21,0.01,0.03,-0.0
5.02,0.0,0.19,0.01,0.03,-0.0
5.0,-0.04,0.19,0.02,0.04,-0.0
4.94,0.02,0.23,0.02,0.04,-0.0
5.02,-0.02,0.17,0.02,0.04,-0.0
5.0,0.0,0.21,0.02,0.04,-0.0
4.98,0.0,0.19,0.02,0.04,-0.0
5.0,0.02,0.23,0.03,0.04,-0.0
4.96,0.11,0.19,0.03,0.04,-0.0
4.98,0.0,0.15,0.03,0.04,-0.0
5.0,0.04,0.15,0.03,0.04,-0.0
4.98,-0.02,0.19,0.03,0.04,-0.0
5.04,-0.02,0.17,0.03,0.05,-0.0
4.98,0.06,0.17,0.03,0.05,-0.0
5.02,0.0,0.23,0.03,0.05,0.0
4.96,0.11,0.21,0.03,0.05,-0.0
4.96,0.08,0.27,0.03,0.05,-0.0
4.87,0.02,0.27,0.03,0.05,-0.0
4.92,0.06,0.23,0.03,0.05,-0.0
4.96,0.1,0.21,0.02,0.05,-0.0
4.98,0.06,0.25,0.02,0.05,-0.0
4.94,0.1,0.29,0.02,0.05,-0.0
4.96,0.04,0.25,0.02,0.05,-0.0
4.94,0.04,0.21,0.02,0.05,-0.0
4.98,0.0,0.21,0.02,0.05,-0.0
4.94,-0.02,0.25,0.02,0.05,-0.0
5.04,-0.02,0.25,0.02,0.05,-0.0
4.94,0.08,0.21,0.02,0.05,-0.0
4.98,-0.04,0.31,0.02,0.05,-0.0
5.02,0.08,0.29,0.02,0.05,-0.0
4.92,0.06,0.27,0.02,0.05,-0.0
5.0,0.0,0.31,0.02,0.05,-0.0
5.02,0.06,0.34,0.02,0.05,-0.0
4.98,0.06,0.33,0.02,0.05,-0.0
4.94,0.08,0.34,0.02,0.05,-0.0
5.0,0.06,0.29,0.02,0.05,-0.0
4.94,0.08,0.31,0.02,0.05,-0.0
5.02,0.06,0.29,0.01,0.05,-0.0
4.94,0.11,0.33,0.01,0.05,-0.0
4.9,0.11,0.27,0.01,0.04,-0.0
4.96,0.13,0.27,0.01,0.04,0.0
4.96,0.11,0.27,0.01,0.04,-0.0
4.92,0.06,0.25,0.01,0.04,0.0
4.9,0.06,0.23,0.01,0.04,0.0
4.98,0.02,0.31,0.0,0.04,0.0
4.94,0.04,0.29,0.0,0.04,0.0
4.88,0.06,0.31,-0.0,0.04,0.0
4.96,0.06,0.27,-0.0,0.04,0.0
4.92,0.1,0.29,-0.0,0.03,0.0
4.9,0.06,0.34,-0.0,0.03,0.0
4.98,0.11,0.21,-0.0,0.03,0.0
4.96,-0.04,0.29,-0.0,0.03,0.0
4.96,0.02,0.33,-0.0,0.03,0.0
5.0,-0.04,0.34,-0.0,0.03,-0.0
4.98,-0.04,0.21,0.0,0.03,0.0
5.02,-0.06,0.21,0.01,0.03,-0.0
4.96,0.02,0.17,0.01,0.03,-0.0
4.98,0.02,0.29,0.01,0.03,-0.0
5.04,0.02,0.25,0.02,0.03,-0.0
4.92,0.02,0.21,0.02,0.03,-0.0
4.92,0.04,0.25,0.02,0.03,-0.0
4.98,0.04,0.19,0.01,0.03,0.0
4.94,0.06,0.27,0.01,0.03,-0.0
5.02,0.02,0.27,0.01,0.03,-0.0
4.94,0.06,0.29,0.01,0.03,-0.0
4.96,0.02,0.25,0.01,0.03,-0.0
4.92,0.06,0.29,0.01,0.03,-0.0
4.94,0.08,0.27,0.01,0.03,-0.0
4.96,0.08,0.27,0.01,0.03,-0.0
4.92,0.08,0.33,0.01,0.03,-0.0
5.0,0.0,0.29,0.0,0.03,-0.0
4.96,0.04,0.31,0.0,0.04,-0.0
4.94,0.02,0.33,0.0,0.04,-0.0
5.0,0.04,0.25,0.0,0.04,-0.0
4.96,0.1,0.25,0.0,0.04,-0.0
4.96,0.04,0.29,0.0,0.04,-0.0
4.96,0.04,0.27,0.0,0.04,-0.0
5.02,0.04,0.29,0.0,0.04,0.0
4.98,0.04,0.29,0.0,0.04,-0.0
5.02,0.02,0.25,0.0,0.03,0.0
4.96,0.0,0.31,-0.0,0.04,-0.0
4.96,0.0,0.33,0.0,0.03,0.0
4.96,0.0,0.23,-0.0,0.03,-0.0
4.98,0.04,0.21,0.0,0.03,0.0
5.0,0.0,0.25,0.0,0.03,-0.0
4.94,0.04,0.27,0.0,0.03,0.0
5.0,0.04,0.19,0.0,0.03,-0.0
4.98,0.04,0.25,0.0,0.04,0.0
4.96,0.08,0.29,0.0,0.04,-0.0
4.98,0.06,0.19,0.0,0.04,0.0
5.02,0.02,0.21,0.0,0.04,-0.0
4.98,0.0,0.27,-0.0,0.04,-0.0
5.0,0.04,0.21,0.0,0.04,-0.0
4.94,-0.04,0.21,-0.0,0.04,0.0
5.0,0.02,0.23,0.0,0.04,-0.0
4.98,0.04,0.31,0.0,0.04,-0.0
5.02,0.0,0.29,-0.0,0.04,-0.0
4.98,0.04,0.23,0.0,0.04,-0.0
4.98,-0.02,0.27,0.0,0.04,-0.0
4.94,0.1,0.25,0.0,0.04,-0.0
4.94,0.02,0.29,0.0,0.04,-0.0
4.94,0.06,0.23,0.0,0.04,-0.0
4.98,0.02,0.25,0.0,0.04,-0.0
4.96,0.06,0.27,-0.0,0.04,-0.0
4.94,0.04,0.27,-0.0,0.04,-0.0
4.96,0.06,0.33,-0.01,0.04,-0.0
4.94,0.04,0.29,-0.01,0.04,-0.0
5.0,0.04,0.29,-0.01,0.04,-0.0
4.94,0.06,0.27,-0.01,0.04,-0.0
4.96,0.0,0.29,-0.01,0.04,-0.0
4.96,-0.08,0.25,-0.01,0.03,-0.0
5.0,-0.04,0.27,-0.01,0.04,-0.0
4.94,0.02,0.25,-0.0,0.03,-0.0
4.94,0.0,0.23,-0.0,0.04,-0.0
4.94,0.08,0.25,0.0,0.04,-0.0
4.96,0.04,0.25,0.0,0.04,-0.0
5.02,0.19,0.33,-0.0,0.04,-0.0
4.98,0.1,0.25,-0.0,0.04,-0.0
4.98,0.04,0.25,-0.0,0.04,-0.0
5.0,0.04,0.25,-0.01,0.04,-0.0
4.98,0.06,0.27,-0.0,0.04,-0.0
4.98,-0.04,0.33,-0.0,0.04,-0.0
4.94,0.04,0.25,-0.0,0.04,-0.0
4.98,0.0,0.23,-0.0,0.04,-0.0
4.92,0.1,0.25,-0.0,0.04,-0.0
4.98,0.0,0.25,-0.01,0.03,-0.0
4.98,0.06,0.23,-0.0,0.03,-0.0
4.96,0.02,0.27,-0.0,0.03,-0.0
4.88,0.08,0.29,-0.0,0.03,-0.0
4.92,0.06,0.23,-0.0,0.03,-0.0
4.94,0.04,0.23,-0.0,0.03,-0.0
4.98,0.02,0.21,-0.0,0.03,-0.0
4.94,0.1,0.33,-0.01,0.03,-0.0
4.98,0.04,0.23,-0.01,0.03,-0.0
4.96,0.08,0.33,-0.01,0.03,-0.0
4.96,0.08,0.27,-0.01,0.04,-0.0
4.94,0.06,0.25,-0.01,0.04,-0.0
4.96,0.02,0.23,-0.01,0.04,-0.0
4.96,0.08,0.27,-0.01,0.04,-0.0
4.96,0.02,0.31,-0.01,0.04,-0.0
4.96,0.06,0.27,-0.01,0.04,-0.0
4.98,0.0,0.31,-0.01,0.04,-0.0
5.02,0.0,0.31,-0.01,0.04,-0.0
4.94,0.06,0.25,-0.01,0.03,-0.0
4.96,0.04,0.27,-0.01,0.03,-0.0
4.98,0.02,0.29,-0.01,0.03,-0.0
4.98,0.02,0.27,-0.0,0.04,-0.0
5.02,-0.02,0.33,-0.0,0.04,-0.0
4.96,0.04,0.25,-0.0,0.04,-0.0
5.0,0.04,0.23,-0.0,0.04,-0.0
4.96,0.04,0.27,-0.01,0.04,-0.0
4.96,0.04,0.23,-0.01,0.04,-0.0
5.0,0.02,0.19,-0.01,0.04,-0.0
4.98,-0.02,0.21,-0.01,0.04,-0.0
4.98,0.02,0.27,-0.01,0.04,-0.0
5.0,0.04,0.21,-0.01,0.04,-0.0
5.0,0.02,0.27,-0.01,0.04,-0.0
5.02,0.0,0.29,-0.01,0.04,-0.0
5.0,0.04,0.25,-0.01,0.04,-0.0
4.92,0.08,0.23,-0.01,0.04,-0.0
4.96,0.0,0.29,-0.01,0.04,-0.0
4.96,0.04,0.27,-0.01,0.04,-0.0
5.0,0.02,0.21,-0.01,0.04,-0.0
5.04,0.0,0.29,-0.01,0.04,-0.0
4.96,0.04,0.21,-0.01,0.04,-0.0
5.02,0.04,0.23,-0.01,0.04,-0.0
4.98,0.04,0.25,-0.01,0.04,-0.0
4.98,0.0,0.23,-0.01,0.04,-0.0
4.98,0.04,0.31,-0.01,0.04,-0.0
4.98,0.0,0.29,-0.01,0.04,-0.0
5.02,0.04,0.23,-0.01,0.04,-0.0
5.04,0.02,0.23,-0.01,0.04,-0.0
4.98,0.04,0.25,-0.01,0.04,-0.0
5.0,0.04,0.27,-0.01,0.04,-0.0
5.02,0.04,0.21,-0.01,0.04,-0.0
4.98,0.04,0.25,-0.01,0.04,-0.0
5.06,0.02,0.23,-0.01,0.04,-0.0
4.96,0.04,0.27,-0.01,0.04,-0.0
5.0,-0.04,0.23,-0.01,0.05,-0.0
4.92,0.0,0.23,-0.01,0.05,-0.0
5.04,-0.02,0.23,-0.01,0.05,-0.0
5.0,0.11,0.17,-0.01,0.05,-0.0
5.02,-0.04,0.31,-0.0,0.06,-0.0
5.02,-0.02,0.23,-0.0,0.06,-0.01
5.02,0.04,0.31,0.0,0.06,-0.01
5.09,0.04,0.25,0.01,0.06,-0.01
5.06,0.02,0.17,0.01,0.07,-0.01
5.06,0.02,0.21,0.01,0.07,-0.01
5.06,0.04,0.13,0.01,0.08,-0.01
5.08,0.06,0.17,0.0,0.09,-0.01
5.13,0.02,0.17,-0.01,0.09,-0.01
5.09,0.04,0.23,-0.01,0.1,-0.01
5.06,0.02,0.27,-0.01,0.11,-0.01
5.11,0.0,0.25,-0.01,0.11,-0.01
5.13,0.02,0.27,-0.0,0.11,-0.02
5.08,0.06,0.27,-0.0,0.12,-0.02
5.08,0.0,0.21,0.0,0.12,-0.02
5.09,0.19,0.29,-0.0,0.12,-0.02
5.06,0.11,0.23,0.0,0.13,-0.02
5.06,0.11,0.21,-0.0,0.13,-0.02
5.04,0.17,0.23,-0.01,0.13,-0.02
5.0,0.15,0.27,-0.02,0.13,-0.02
4.94,0.1,0.17,-0.03,0.13,-0.02
4.96,0.11,0.21,-0.03,0.14,-0.02
4.96,0.1,0.21,-0.04,0.14,-0.02
4.98,0.06,0.33,-0.05,0.14,-0.02
4.98,0.06,0.33,-0.05,0.14,-0.02
5.06,-0.02,0.34,-0.06,0.15,-0.02
5.08,0.02,0.31,-0.06,0.15,-0.02
5.11,0.02,0.27,-0.06,0.16,-0.02
5.15,0.0,0.23,-0.06,0.16,-0.03
5.23,0.08,0.48,-0.07,0.17,-0.03
5.13,0.11,0.36,-0.06,0.18,-0.03
5.15,0.0,0.34,-0.05,0.18,-0.03
5.09,0.0,0.33,-0.05,0.19,-0.03
5.23,0.02,0.31,-0.05,0.19,-0.03
5.17,0.0,0.27,-0.05,0.2,-0.03
5.17,0.08,0.25,-0.04,0.2,-0.03
5.09,0.04,0.17,-0.04,0.21,-0.03
5.73,0.23,0.56,-0.05,0.22,-0.04
5.06,0.52,0.38,-0.03,0.23,-0.1
4.65,0.57,0.0,-0.02,0.24,-0.09
4.94,0.27,0.1,-0.06,0.25,-0.05
5.08,0.04,0.4,-0.11,0.26,-0.03
5.06,-0.17,0.63,-0.12,0.26,-0.03
5.09,-0.11,0.69,-0.12,0.27,-0.04
4.9,-0.08,0.65,-0.1,0.26,-0.05
4.98,-0.06,0.52,-0.08,0.26,-0.05
4.92,-0.08,0.59,-0.07,0.27,-0.04
4.92,-0.02,0.54,-0.06,0.27,-0.04
4.9,0.0,0.54,-0.06,0.27,-0.04
4.88,-0.04,0.52,-0.06,0.27,-0.04
5.0,-0.02,0.56,-0.06,0.27,-0.04
5.0,0.0,0.48,-0.05,0.27,-0.04
4.98,-0.02,0.57,-0.05,0.27,-0.04
5.0,0.0,0.52,-0.05,0.28,-0.04
5.04,0.06,0.52,-0.04,0.28,-0.04
5.04,0.13,0.48,-0.04,0.29,-0.04
5.04,0.13,0.5,-0.04,0.3,-0.04
5.02,0.17,0.57,-0.05,0.3,-0.04
4.98,0.08,0.63,-0.05,0.31,-0.04
4.98,0.17,0.67,-0.05,0.31,-0.04
5.06,0.06,0.63,-0.06,0.31,-0.04
5.0,0.1,0.73,-0.06,0.31,-0.04
5.04,0.13,0.75,-0.06,0.32,-0.04
5.0,0.1,0.67,-0.05,0.32,-0.04
4.98,0.15,0.65,-0.05,0.33,-0.04
4.96,0.1,0.67,-0.05,0.34,-0.04
4.98,0.15,0.77,-0.05,0.35,-0.04
5.06,0.13,0.73,-0.05,0.36,-0.03
5.11,0.04,0.69,-0.05,0.37,-0.03
5.08,0.08,0.77,-0.05,0.38,-0.03
5.11,0.11,0.75,-0.04,0.39,-0.03
5.02,0.13,0.8,-0.04,0.4,-0.03
5.08,0.11,0.84,-0.04,0.42,-0.03
5.06,0.15,0.9,-0.04,0.43,-0.03
5.08,0.15,1.0,-0.04,0.44,-0.03
4.96,0.15,0.92,-0.03,0.45,-0.03
4.96,0.25,0.86,-0.02,0.45,-0.03
4.9,0.13,0.94,-0.02,0.45,-0.03
4.88,0.13,0.94,-0.03,0.45,-0.03
4.92,0.17,0.96,-0.03,0.45,-0.03
4.77,0.08,0.96,-0.03,0.44,-0.03
4.77,0.1,1.0,-0.04,0.44,-0.03
4.65,0.19,1.02,-0.04,0.44,-0.03
4.65,0.13,0.96,-0.04,0.43,-0.03
4.54,0.04,1.03,-0.05,0.43,-0.02
4.67,0.06,1.11,-0.05,0.42,-0.02
4.65,0.1,1.11,-0.06,0.42,-0.01
4.77,0.02,1.24,-0.07,0.41,-0.01
4.67,-0.02,1.28,-0.07,0.41,-0.01
4.62,0.04,1.36,-0.06,0.41,-0.02
4.69,0.02,1.23,-0.06,0.4,-0.03
4.67,0.1,1.26,-0.05,0.39,-0.03
4.69,0.0,1.34,-0.06,0.38,-0.02
4.88,0.02,1.28,-0.06,0.38,-0.02
4.73,-0.04,1.32,-0.05,0.39,-0.03
4.6,-0.04,1.26,-0.04,0.39,-0.02
4.77,-0.08,1.34,-0.03,0.39,-0.01
4.67,-0.06,1.24,-0.03,0.39,-0.01
4.69,-0.11,1.34,-0.03,0.39,-0.01
4.71,-0.08,1.38,-0.03,0.39,-0.0
4.73,-0.1,1.44,-0.02,0.39,-0.01
4.79,-0.08,1.42,-0.01,0.39,-0.01
4.79,-0.13,1.44,0.0,0.39,-0.01
4.73,-0.1,1.42,0.01,0.4,-0.01
4.75,-0.08,1.47,0.03,0.4,-0.01
4.71,-0.11,1.42,0.04,0.41,-0.01
4.75,-0.11,1.47,0.05,0.42,-0.01
4.69,-0.08,1.46,0.06,0.43,-0.02
4.69,-0.04,1.46,0.07,0.45,-0.02
4.65,-0.06,1.57,0.07,0.46,-0.02
4.29,0.1,1.61,0.08,0.47,-0.02
4.6,0.1,1.57,0.08,0.48,-0.04
4.75,0.19,1.47,0.07,0.47,-0.04
4.67,0.31,1.55,0.06,0.48,-0.04
4.56,0.34,1.59,0.05,0.49,-0.04
4.46,0.34,1.69,0.04,0.49,-0.04
4.42,0.4,1.7,0.03,0.48,-0.04
4.46,0.33,1.72,0.01,0.48,-0.04
4.6,0.21,1.82,-0.01,0.48,-0.05
4.65,0.25,1.93,-0.01,0.48,-0.04
4.64,0.21,2.05,-0.01,0.5,-0.04
4.52,0.23,1.95,0.0,0.51,-0.04
4.5,0.29,1.92,0.02,0.52,-0.04
4.44,0.27,1.88,0.02,0.52,-0.04
4.5,0.25,1.92,0.02,0.53,-0.04
4.41,0.38,2.13,0.02,0.54,-0.05
4.37,0.44,1.93,0.02,0.54,-0.06
4.56,0.4,2.03,0.01,0.54,-0.06
4.64,0.42,2.05,-0.0,0.53,-0.05
4.58,0.4,2.18,-0.01,0.53,-0.05
4.5,0.42,2.18,-0.01,0.52,-0.05
4.62,0.29,2.07,-0.02,0.51,-0.05
4.65,0.34,2.13,-0.02,0.51,-0.05
4.67,0.33,2.24,-0.02,0.5,-0.05
4.62,0.31,2.22,-0.02,0.5,-0.05
4.56,0.33,2.28,-0.02,0.5,-0.05
4.44,0.33,2.32,-0.02,0.5,-0.05
4.48,0.29,2.41,-0.02,0.49,-0.05
4.42,0.27,2.32,-0.03,0.49,-0.06
4.41,0.29,2.51,-0.03,0.48,-0.06
4.33,0.25,2.51,-0.03,0.48,-0.06
4.14,0.23,2.49,-0.03,0.47,-0.07
4.18,0.11,2.47,-0.03,0.47,-0.06
4.1,0.11,2.47,-0.04,0.47,-0.06
4.06,0.13,2.57,-0.04,0.46,-0.07
4.0,0.08,2.57,-0.04,0.46,-0.07
4.0,0.06,2.62,-0.03,0.46,-0.07
4.04,0.08,2.64,-0.03,0.46,-0.07
4.02,0.1,2.66,-0.02,0.46,-0.08
3.93,0.17,2.62,-0.01,0.46,-0.08
3.91,0.17,2.57,0.01,0.46,-0.08
4.04,0.15,2.62,0.01,0.46,-0.08
3.83,0.4,2.66,0.01,0.46,-0.08
3.83,0.38,2.59,0.01,0.47,-0.09
3.73,0.38,2.64,0.01,0.47,-0.09
3.75,0.36,2.62,-0.0,0.47,-0.08
3.73,0.31,2.66,-0.02,0.47,-0.07
3.68,0.29,2.66,-0.03,0.47,-0.07
3.62,0.23,2.76,-0.04,0.47,-0.07
3.58,0.23,2.7,-0.04,0.48,-0.06
3.7,0.13,2.72,-0.05,0.47,-0.06
3.54,0.13,2.72,-0.05,0.47,-0.06
3.68,0.06,2.78,-0.05,0.47,-0.06
3.58,0.0,2.74,-0.05,0.47,-0.06
3.73,0.04,2.7,-0.05,0.47,-0.06
3.68,-0.02,2.89,-0.04,0.48,-0.06
3.62,0.1,2.83,-0.03,0.49,-0.06
3.56,0.13,2.8,-0.02,0.49,-0.06
3.68,0.19,2.91,-0.02,0.5,-0.05
3.58,0.21,2.87,-0.02,0.5,-0.06
3.54,0.21,2.93,-0.02,0.5,-0.05
3.56,0.29,2.89,-0.02,0.5,-0.05
3.54,0.25,2.91,-0.02,0.5,-0.04
3.62,0.21,2.97,-0.03,0.5,-0.03
3.54,0.13,3.05,-0.04,0.5,-0.03
3.51,0.13,3.14,-0.04,0.5,-0.03
3.45,0.13,3.14,-0.03,0.5,-0.03
3.49,0.15,3.14,-0.01,0.5,-0.04
3.49,0.27,3.1,-0.0,0.5,-0.04
3.45,0.34,3.12,0.0,0.5,-0.04
3.47,0.33,3.14,-0.01,0.5,-0.04
3.43,0.29,3.16,-0.02,0.5,-0.05
3.39,0.21,3.22,-0.03,0.5,-0.04
3.41,0.17,3.29,-0.03,0.5,-0.05
3.39,0.19,3.37,-0.03,0.5,-0.04
3.28,0.17,3.33,-0.03,0.49,-0.05
3.47,0.15,3.35,-0.03,0.49,-0.05
3.45,0.19,3.37,-0.03,0.49,-0.05
3.45,0.19,3.35,-0.03,0.49,-0.05
3.37,0.11,3.37,-0.03,0.48,-0.06
3.35,0.13,3.29,-0.03,0.48,-0.05
3.33,0.15,3.45,-0.03,0.48,-0.06
3.33,0.19,3.52,-0.02,0.48,-0.05
3.39,0.19,3.52,-0.01,0.49,-0.06
3.41,0.23,3.6,-0.01,0.49,-0.06
3.45,0.13,3.77,-0.0,0.49,-0.06
3.1,0.23,3.43,0.01,0.49,-0.07
3.06,0.25,3.64,0.0,0.49,-0.06
3.12,0.23,3.68,-0.0,0.49,-0.06
3.08,0.21,3.73,-0.0,0.48,-0.06
3.08,0.15,3.7,-0.0,0.48,-0.06
3.01,0.21,3.75,0.0,0.48,-0.06
2.99,0.19,3.73,0.01,0.48,-0.06
2.93,0.21,3.66,0.01,0.48,-0.06
2.87,0.23,3.62,0.01,0.47,-0.06
2.91,0.19,3.56,0.0,0.46,-0.05
2.87,0.25,3.62,-0.0,0.44,-0.05
2.95,0.25,3.52,-0.0,0.43,-0.05
2.93,0.29,3.54,-0.0,0.42,-0.05
2.97,0.38,3.66,-0.0,0.42,-0.04
2.95,0.42,3.6,-0.0,0.42,-0.04
2.87,0.48,3.72,-0.01,0.43,-0.04
2.82,0.44,3.72,-0.01,0.44,-0.04
2.7,0.38,3.73,-0.0,0.45,-0.03
2.76,0.36,3.77,0.0,0.46,-0.03
2.82,0.36,3.72,0.01,0.46,-0.03
2.66,0.27,3.68,0.01,0.47,-0.03
2.6,0.4,3.73,0.01,0.47,-0.02
2.72,0.29,3.75,0.01,0.48,-0.02
2.8,0.31,3.85,0.02,0.48,-0.02
2.72,0.4,3.77,0.03,0.48,-0.02
2.72,0.38,3.83,0.03,0.49,-0.02
2.72,0.42,3.83,0.04,0.49,-0.02
2.74,0.36,3.85,0.04,0.49,-0.02
2.74,0.36,3.83,0.03,0.49,-0.03
2.76,0.29,3.85,0.03,0.49,-0.03
2.74,0.33,3.83,0.02,0.49,-0.03
2.8,0.31,3.85,0.03,0.5,-0.03
2.85,0.34,3.81,0.03,0.5,-0.03
2.8,0.38,3.89,0.04,0.51,-0.04
2.7,0.4,3.89,0.04,0.51,-0.04
2.68,0.4,3.81,0.04,0.52,-0.04
2.66,0.4,3.83,0.04,0.52,-0.04
2.68,0.34,3.93,0.03,0.52,-0.04
2.66,0.34,3.85,0.02,0.52,-0.05
2.62,0.31,3.91,0.03,0.53,-0.05
2.64,0.31,3.87,0.04,0.54,-0.05
2.51,0.36,3.95,0.05,0.54,-0.05
2.55,0.34,3.83,0.05,0.55,-0.05
2.41,0.27,3.93,0.05,0.55,-0.05
2.45,0.4,3.96,0.05,0.55,-0.06
2.41,0.48,3.93,0.05,0.56,-0.06
2.41,0.5,3.95,0.04,0.56,-0.05
2.39,0.48,3.98,0.03,0.56,-0.05
2.26,0.56,4.04,0.02,0.56,-0.05
2.34,0.56,4.06,0.02,0.56,-0.06
2.36,0.54,4.02,0.01,0.56,-0.06
2.24,0.59,4.04,0.01,0.57,-0.06
2.28,0.46,3.98,0.01,0.57,-0.07
2.34,0.5,3.93,-0.0,0.58,-0.06
2.32,0.5,4.0,-0.01,0.59,-0.07
2.53,0.4,4.06,-0.02,0.6,-0.06
2.45,0.4,4.08,-0.03,0.61,-0.07
2.57,0.23,4.02,-0.03,0.62,-0.07
2.32,0.23,4.12,-0.03,0.64,-0.08
2.22,0.29,4.12,-0.02,0.66,-0.09
2.2,0.23,4.14,-0.0,0.67,-0.09
2.09,0.23,4.14,0.0,0.67,-0.09
1.88,0.25,4.06,0.01,0.67,-0.09
1.72,0.21,4.02,0.01,0.66,-0.09
1.65,0.19,4.1,0.02,0.66,-0.09
1.46,0.23,4.12,0.02,0.64,-0.09
1.32,0.33,4.31,0.03,0.63,-0.09
1.13,0.46,4.37,0.03,0.61,-0.1
1.05,0.42,4.33,0.04,0.59,-0.1
0.88,0.4,4.35,0.04,0.56,-0.1
0.79,0.38,4.27,0.04,0.54,-0.09
0.69,0.48,4.42,0.04,0.51,-0.09
0.44,0.44,4.37,0.04,0.49,-0.09
0.44,0.54,4.29,0.04,0.46,-0.08
0.59,0.52,4.46,0.04,0.44,-0.08
0.61,0.54,4.42,0.03,0.41,-0.08
0.5,0.5,4.35,0.02,0.4,-0.07
0.5,0.48,4.41,0.02,0.39,-0.07
0.56,0.4,4.35,0.01,0.37,-0.07
0.67,0.46,4.5,0.01,0.35,-0.07
0.77,0.42,4.41,0.01,0.34,-0.07
0.88,0.34,4.42,0.01,0.34,-0.08
0.92,0.38,4.48,0.02,0.34,-0.07
0.94,0.4,4.37,0.03,0.35,-0.08
0.8,0.42,4.52,0.04,0.35,-0.08
0.73,0.48,4.58,0.05,0.36,-0.08
0.65,0.44,4.62,0.05,0.36,-0.07
0.54,0.46,4.77,0.05,0.36,-0.07
0.46,0.5,4.79,0.05,0.36,-0.06
0.46,0.52,4.81,0.06,0.36,-0.06
0.4,0.42,4.88,0.06,0.36,-0.05
0.67,0.04,4.44,0.07,0.36,-0.04
0.38,0.56,4.62,0.09,0.35,-0.05
0.21,0.61,4.52,0.11,0.36,-0.04
0.1,0.65,4.54,0.12,0.37,-0.03
0.15,0.69,4.54,0.12,0.36,-0.03
0.11,0.77,4.6,0.11,0.35,-0.02
0.04,0.77,4.56,0.09,0.35,-0.02
-0.1,0.77,4.58,0.08,0.35,-0.02
-0.06,0.67,4.6,0.07,0.34,-0.02
-0.11,0.65,4.62,0.05,0.34,-0.02
-0.1,0.63,4.6,0.04,0.33,-0.02
-0.1,0.57,4.67,0.04,0.32,-0.02
-0.31,0.56,4.73,0.04,0.32,-0.02
-0.23,0.59,4.77,0.05,0.31,-0.01
-0.15,0.59,4.77,0.05,0.3,-0.01
-0.17,0.63,4.71,0.05,0.29,-0.01
-0.19,0.63,4.75,0.05,0.28,-0.01
-0.1,0.61,4.64,0.05,0.27,-0.01
-0.21,0.69,4.71,0.05,0.26,-0.01
-0.17,0.69,4.67,0.05,0.24,-0.01
-0.27,0.69,4.58,0.04,0.23,-0.01
-0.23,0.63,4.62,0.04,0.22,-0.01
-0.36,0.65,4.65,0.04,0.21,-0.01
-0.23,0.65,4.58,0.04,0.2,-0.01
-0.17,0.63,4.6,0.04,0.19,-0.0
-0.1,0.63,4.65,0.04,0.18,-0.01
-0.04,0.73,4.67,0.05,0.18,-0.01
0.02,0.79,4.62,0.06,0.17,-0.01
0.06,0.82,4.48,0.06,0.17,-0.01
-0.23,0.63,4.16,0.06,0.17,-0.02
0.21,0.79,4.52,0.08,0.14,-0.02
0.17,0.86,4.52,0.06,0.12,-0.02
0.19,0.86,4.48,0.05,0.12,-0.02
0.23,0.82,4.58,0.04,0.13,-0.02
0.19,0.8,4.54,0.03,0.14,-0.02
0.21,0.8,4.58,0.02,0.13,-0.02
0.23,0.77,4.58,0.01,0.12,-0.01
0.19,0.71,4.62,0.01,0.12,-0.02
0.27,0.71,4.73,0.01,0.11,-0.01
0.25,0.71,4.73,0.0,0.11,-0.01
0.25,0.73,4.75,0.0,0.1,-0.01
0.21,0.67,4.71,-0.0,0.1,-0.01
0.31,0.63,4.69,0.0,0.1,-0.01
0.44,0.63,4.69,0.0,0.09,-0.0
0.52,0.59,4.69,0.01,0.09,-0.0
0.61,0.59,4.62,0.01,0.08,-0.0
0.57,0.73,4.6,0.03,0.08,-0.0
0.56,0.73,4.52,0.04,0.08,-0.01
0.65,0.79,4.48,0.05,0.08,-0.01
0.65,0.77,4.39,0.05,0.08,-0.01
0.59,0.8,4.42,0.04,0.07,-0.01
0.67,0.79,4.44,0.03,0.07,-0.02
0.65,0.79,4.5,0.02,0.06,-0.02
0.54,0.75,4.52,0.01,0.06,-0.03
0.59,0.67,4.48,0.01,0.06,-0.02
0.5,0.63,4.52,-0.0,0.06,-0.02
0.56,0.65,4.54,-0.01,0.06,-0.01
0.56,0.56,4.62,-0.01,0.06,-0.01
0.56,0.54,4.65,-0.02,0.05,-0.01
0.52,0.46,4.62,-0.01,0.05,-0.01
0.52,0.54,4.79,-0.0,0.05,-0.0
0.61,0.52,4.79,0.01,0.04,-0.0
0.69,0.56,4.75,0.03,0.05,-0.0
0.79,0.61,4.75,0.05,0.05,-0.0
0.88,0.65,4.69,0.06,0.06,-0.0
0.84,0.77,4.6,0.08,0.06,-0.01
0.82,0.8,4.54,0.09,0.07,-0.01
0.86,0.84,4.52,0.1,0.08,-0.01
0.8,0.96,4.35,0.1,0.09,-0.02
0.79,0.96,4.33,0.09,0.09,-0.02
0.77,0.94,4.41,0.08,0.09,-0.02
0.77,0.86,4.42,0.06,0.1,-0.03
0.67,0.92,4.44,0.04,0.1,-0.03
0.73,0.82,4.42,0.03,0.1,-0.03
0.67,0.88,4.48,0.01,0.1,-0.03
0.67,0.71,4.52,-0.01,0.1,-0.03
0.57,0.73,4.6,-0.01,0.1,-0.03
0.54,0.63,4.58,-0.01,0.09,-0.03
0.54,0.61,4.64,-0.01,0.09,-0.03
0.5,0.52,4.79,-0.0,0.08,-0.03
0.59,0.5,4.69,0.01,0.07,-0.03
0.5,0.61,4.69,0.02,0.07,-0.03
0.46,0.54,4.79,0.03,0.07,-0.03
0.63,0.65,4.67,0.05,0.07,-0.03
0.44,0.71,4.69,0.06,0.08,-0.02
0.48,0.73,4.65,0.07,0.08,-0.02
0.52,0.73,4.65,0.07,0.08,-0.02
0.5,0.79,4.56,0.07,0.08,-0.02
0.5,0.82,4.58,0.07,0.08,-0.02
0.46,0.86,4.56,0.06,0.08,-0.02
0.5,0.88,4.62,0.06,0.08,-0.02
0.44,0.9,4.56,0.05,0.08,-0.02
0.42,0.86,4.5,0.05,0.08,-0.01
0.42,0.86,4.48,0.04,0.08,-0.01
0.36,0.9,4.5,0.04,0.08,-0.01
0.38,0.8,4.5,0.04,0.08,-0.01
0.46,0.77,4.62,0.03,0.08,-0.01
0.4,0.79,4.56,0.03,0.08,-0.01
0.36,0.84,4.58,0.03,0.08,-0.01
0.42,0.84,4.56,0.04,0.08,-0.01
0.38,0.84,4.52,0.04,0.08,-0.01
0.38,0.88,4.58,0.04,0.08,-0.01
0.33,0.88,4.6,0.04,0.08,-0.02
0.34,0.82,4.6,0.04,0.08,-0.01
0.36,0.82,4.71,0.04,0.08,-0.02
0.31,0.88,4.56,0.03,0.08,-0.02
0.25,0.92,4.64,0.03,0.07,-0.02
0.25,0.94,4.64,0.02,0.07,-0.02
0.29,0.9,4.58,0.02,0.07,-0.02
0.36,0.82,4.52,0.01,0.07,-0.02
0.31,0.82,4.54,0.01,0.07,-0.02
0.27,0.82,4.56,0.01,0.07,-0.02
0.27,0.77,4.54,0.01,0.07,-0.02
0.19,0.88,4.5,0.02,0.07,-0.02
0.21,0.84,4.52,0.02,0.06,-0.02
0.23,0.8,4.48,0.01,0.06,-0.02
0.25,0.79,4.52,0.01,0.06,-0.02
0.25,0.8,4.58,0.0,0.05,-0.02
0.21,0.77,4.5,0.0,0.05,-0.02
0.17,0.79,4.6,0.0,0.05,-0.02
0.1,0.84,4.64,0.01,0.04,-0.02
0.11,0.9,4.5,0.01,0.04,-0.01
0.08,0.9,4.6,0.01,0.03,-0.01
0.04,0.88,4.65,0.01,0.02,-0.01
0.1,0.92,4.52,0.01,0.01,-0.01
0.17,0.92,4.58,0.0,0.01,-0.01
0.21,0.92,4.6,-0.0,0.0,-0.01
0.21,0.92,4.52,-0.01,0.0,-0.01
0.19,0.96,4.6,-0.01,0.0,-0.01
0.17,0.98,4.56,-0.02,0.0,-0.01
0.19,0.94,4.6,-0.02,0.01,-0.01
0.27,0.92,4.56,-0.03,0.01,-0.01
0.27,0.92,4.56,-0.03,0.01,-0.01
0.29,0.92,4.58,-0.03,0.01,-0.01
0.31,0.84,4.5,-0.03,0.02,-0.01
0.38,0.84,4.48,-0.03,0.02,-0.01
0.34,0.9,4.56,-0.03,0.03,-0.0
0.31,0.86,4.56,-0.03,0.03,-0.0
0.33,0.9,4.54,-0.03,0.03,-0.0
0.31,0.88,4.56,-0.03,0.04,-0.0
0.33,0.9,4.6,-0.03,0.04,-0.0
0.33,0.86,4.54,-0.03,0.04,-0.0
0.34,0.84,4.52,-0.03,0.04,-0.0
0.29,0.84,4.6,-0.02,0.05,-0.0
0.27,0.82,4.6,-0.02,0.05,-0.0
0.17,0.79,4.58,-0.02,0.05,-0.0
0.25,0.82,4.52,-0.02,0.04,0.0
0.23,0.84,4.6,-0.02,0.03,0.0
0.29,0.82,4.6,-0.02,0.03,0.0
0.29,0.75,4.54,-0.03,0.03,0.0
0.33,0.8,4.54,-0.03,0.02,0.0
0.27,0.8,4.64,-0.02,0.03,0.0
0.36,0.79,4.71,-0.02,0.03,0.0
0.31,0.79,4.64,-0.01,0.03,-0.0
0.34,0.79,4.69,-0.01,0.03,-0.0
0.34,0.8,4.65,-0.0,0.03,-0.0
0.33,0.8,4.65,0.0,0.03,-0.0
0.25,0.86,4.64,0.01,0.03,-0.0
0.29,0.77,4.65,0.01,0.03,0.0
0.33,0.79,4.54,0.01,0.03,0.0
0.31,0.86,4.56,0.01,0.02,0.0
0.31,0.82,4.48,0.02,0.02,0.0
0.31,0.84,4.48,0.01,0.02,0.01
0.31,0.86,4.5,0.01,0.01,0.01
0.34,0.9,4.52,0.0,0.01,0.01
0.33,0.9,4.54,-0.01,0.01,0.01
0.38,0.86,4.54,-0.01,0.01,0.01
0.36,0.86,4.54,-0.02,0.0,0.01
0.36,0.9,4.52,-0.03,0.0,0.01
0.34,0.82,4.65,-0.03,0.0,0.01
0.33,0.75,4.37,-0.03,0.0,0.01
0.31,0.82,4.56,-0.04,-0.0,0.01
0.36,0.8,4.54,-0.04,-0.0,0.01
0.34,0.8,4.56,-0.04,-0.0,0.01
0.33,0.69,4.58,-0.04,-0.01,0.01
0.31,0.75,4.5,-0.04,-0.01,0.01
0.27,0.73,4.62,-0.04,-0.01,0.01
0.34,0.69,4.52,-0.04,-0.01,0.01
0.4,0.67,4.52,-0.04,-0.01,0.01
0.38,0.65,4.6,-0.03,-0.01,0.01
0.42,0.65,4.64,-0.03,-0.01,0.01
0.36,0.71,4.5,-0.03,-0.01,0.01
0.38,0.71,4.6,-0.02,-0.01,0.01
0.36,0.71,4.5,-0.02,-0.01,0.01
0.36,0.79,4.54,-0.02,-0.01,0.01
0.44,0.77,4.5,-0.01,-0.01,0.01
0.4,0.8,4.52,-0.01,-0.01,0.01
0.38,0.77,4.54,-0.01,-0.01,0.01
0.44,0.77,4.48,-0.02,-0.01,0.01
0.46,0.79,4.5,-0.01,-0.01,0.01
0.46,0.79,4.58,-0.01,-0.01,0.01
0.48,0.79,4.58,-0.01,-0.0,0.01
0.42,0.77,4.56,-0.01,-0.0,0.01
0.48,0.79,4.44,-0.01,0.0,0.01
0.5,0.77,4.56,-0.01,0.0,0.01
0.52,0.79,4.56,-0.01,0.0,0.01
0.56,0.79,4.48,-0.01,0.0,0.01
0.5,0.82,4.54,-0.01,0.0,0.01
0.57,0.8,4.58,-0.01,0.0,0.01
0.5,0.86,4.48,-0.01,0.0,0.01
0.52,0.84,4.54,-0.01,0.0,0.01
0.57,0.77,4.52,-0.01,-0.0,0.01
0.56,0.84,4.64,-0.01,0.0,0.0
0.61,0.82,4.46,-0.01,0.0,0.01
0.59,0.82,4.52,-0.02,0.0,0.0
0.59,0.86,4.52,-0.02,0.01,0.0
0.56,0.84,4.48,-0.02,0.01,0.0
0.59,0.79,4.54,-0.02,0.01,0.0
0.65,0.77,4.48,-0.02,0.01,0.0
0.63,0.79,4.54,-0.03,0.01,0.0
0.67,0.77,4.52,-0.03,0.02,-0.0
0.63,0.73,4.52,-0.03,0.02,0.0
0.59,0.75,4.58,-0.03,0.02,-0.0
0.56,0.77,4.64,-0.02,0.03,-0.0
0.57,0.79,4.5,-0.02,0.03,-0.0
0.59,0.77,4.52,-0.02,0.03,-0.0
0.61,0.79,4.6,-0.01,0.03,-0.0
0.57,0.77,4.64,-0.01,0.03,-0.0
0.52,0.77,4.52,-0.01,0.03,-0.0
0.52,0.84,4.56,-0.01,0.03,-0.0
0.48,0.84,4.6,-0.01,0.03,-0.0
0.54,0.77,4.48,-0.01,0.03,-0.0
0.52,0.82,4.5,-0.01,0.03,-0.01
0.46,0.82,4.5,-0.02,0.03,-0.01
0.4,0.82,4.58,-0.02,0.03,-0.01
0.48,0.86,4.54,-0.02,0.02,-0.01
0.42,0.82,4.56,-0.02,0.02,-0.01
0.44,0.82,4.65,-0.02,0.02,-0.01
0.4,0.82,4.6,-0.03,0.02,-0.01
0.38,0.84,4.54,-0.03,0.02,-0.01
0.42,0.82,4.58,-0.03,0.02,-0.01
0.48,0.77,4.56,-0.03,0.02,-0.0
0.46,0.79,4.56,-0.03,0.02,-0.0
0.46,0.82,4.56,-0.03,0.02,-0.0
0.48,0.8,4.6,-0.03,0.02,-0.0
0.38,0.82,4.56,-0.03,0.03,-0.0
0.44,0.79,4.64,-0.03,0.03,-0.0
0.5,0.77,4.56,-0.03,0.03,-0.0
0.48,0.8,4.54,-0.03,0.03,-0.0
0.54,0.73,4.54,-0.03,0.03,-0.0
0.56,0.77,4.56,-0.03,0.03,-0.0
0.52,0.73,4.54,-0.03,0.04,-0.0
0.52,0.73,4.52,-0.03,0.04,-0.0
0.56,0.84,4.58,-0.03,0.04,-0.0
0.52,0.8,4.62,-0.03,0.04,-0.0
0.54,0.73,4.64,-0.03,0.04,-0.0
0.44,0.77,4.62,-0.03,0.04,-0.0
0.5,0.8,4.56,-0.03,0.04,-0.0
0.54,0.77,4.52,-0.03,0.04,-0.0
0.52,0.73,4.48,-0.03,0.04,-0.0
0.52,0.75,4.52,-0.03,0.04,-0.0
0.46,0.8,4.6,-0.03,0.04,-0.0
0.48,0.8,4.5,-0.03,0.04,-0.0
0.46,0.8,4.5,-0.03,0.04,-0.01
0.44,0.8,4.56,-0.03,0.04,-0.0
0.46,0.77,4.56,-0.03,0.04,-0.01
0.46,0.77,4.52,-0.03,0.04,-0.0
0.42,0.77,4.5,-0.03,0.04,-0.0
0.5,0.71,4.48,-0.03,0.03,-0.0
0.4,0.75,4.6,-0.03,0.03,-0.0
0.46,0.75,4.56,-0.03,0.03,-0.0
0.5,0.75,4.5,-0.03,0.03,-0.0
0.46,0.75,4.58,-0.02,0.03,-0.0
0.52,0.71,4.46,-0.02,0.03,-0.0
0.54,0.69,4.58,-0.02,0.03,-0.0
0.52,0.73,4.48,-0.02,0.04,-0.0
0.52,0.67,4.6,-0.02,0.04,-0.0
0.46,0.75,4.6,-0.03,0.04,-0.0
0.52,0.67,4.56,-0.03,0.04,-0.0
0.48,0.71,4.52,-0.03,0.04,-0.01
0.48,0.71,4.62,-0.03,0.04,-0.01
0.48,0.67,4.64,-0.03,0.04,-0.01
0.44,0.71,4.58,-0.03,0.04,-0.01
0.44,0.71,4.62,-0.03,0.03,-0.01
0.42,0.73,4.58,-0.03,0.03,-0.01
0.42,0.71,4.58,-0.03,0.03,-0.01
0.4,0.71,4.67,-0.03,0.03,-0.01
0.36,0.65,4.65,-0.03,0.03,-0.01
0.46,0.57,4.5,-0.03,0.03,-0.0
0.44,0.57,4.54,-0.03,0.03,-0.0
0.48,0.59,4.56,-0.02,0.02,-0.0
0.46,0.67,4.5,-0.01,0.03,-0.0
0.46,0.67,4.52,-0.01,0.02,-0.0
0.46,0.71,4.5,-0.01,0.02,-0.0
0.4,0.73,4.56,-0.01,0.02,0.0
0.46,0.73,4.52,-0.01,0.02,0.0
0.48,0.69,4.52,-0.0,0.03,0.0
0.54,0.75,4.54,-0.0,0.03,0.0
0.48,0.73,4.5,-0.0,0.03,-0.0
0.48,0.73,4.52,-0.0,0.03,-0.0
0.5,0.77,4.52,-0.01,0.03,-0.0
0.5,0.77,4.48,-0.01,0.03,-0.0
0.54,0.8,4.62,-0.01,0.03,-0.0
0.59,0.71,4.62,-0.01,0.04,-0.0
0.48,0.75,4.58,-0.01,0.04,-0.0
0.52,0.71,4.52,-0.01,0.04,-0.0
0.48,0.75,4.58,-0.01,0.04,-0.0
0.52,0.79,4.6,-0.01,0.04,-0.0
0.48,0.77,4.52,-0.0,0.04,-0.0
0.46,0.69,4.58,-0.0,0.04,-0.0
0.63,0.61,4.64,-0.0,0.04,-0.0
0.46,0.69,4.56,-0.0,0.04,-0.0
0.5,0.69,4.48,-0.0,0.04,-0.0
0.46,0.73,4.6,-0.0,0.04,0.0
0.46,0.69,4.5,-0.0,0.04,-0.0
0.46,0.73,4.52,-0.0,0.04,0.0
0.5,0.73,4.54,-0.0,0.04,0.0
0.48,0.67,4.56,-0.0,0.04,0.0
0.5,0.65,4.62,0.0,0.03,0.0
0.46,0.75,4.58,0.0,0.04,0.0
0.48,0.75,4.52,0.0,0.03,0.0
0.48,0.71,4.58,0.01,0.04,0.0
0.48,0.71,4.54,0.01,0.04,-0.0
0.5,0.71,4.54,0.01,0.04,-0.0
0.48,0.79,4.54,0.01,0.04,-0.0
0.48,0.71,4.58,0.01,0.04,-0.0
0.46,0.67,4.52,0.0,0.04,-0.0
0.48,0.67,4.54,0.0,0.04,-0.0
0.46,0.69,4.56,0.01,0.04,-0.0
0.5,0.75,4.54,0.01,0.04,-0.0
0.42,0.73,4.54,0.01,0.04,-0.0
0.48,0.71,4.58,0.01,0.04,0.0
0.5,0.65,4.58,0.01,0.04,0.0
0.46,0.75,4.56,0.01,0.04,0.0
0.48,0.75,4.56,0.02,0.04,0.0
0.42,0.75,4.52,0.02,0.04,0.0
0.44,0.75,4.54,0.02,0.04,0.0
0.44,0.75,4.56,0.02,0.04,0.0
0.5,0.75,4.54,0.01,0.04,0.0
0.46,0.77,4.54,0.01,0.04,0.0
0.44,0.77,4.58,0.01,0.04,0.0
0.44,0.79,4.58,0.01,0.04,0.0
0.5,0.75,4.54,0.0,0.04,0.0
0.4,0.75,4.58,0.0,0.04,0.0
0.48,0.75,4.56,0.0,0.04,0.0
0.46,0.73,4.58,0.0,0.03,0.0
0.42,0.71,4.54,0.0,0.03,0.0
0.52,0.65,4.64,0.01,0.03,0.0
0.5,0.67,4.58,0.01,0.04,0.0
0.5,0.69,4.6,0.01,0.04,0.0
0.54,0.67,4.58,0.02,0.04,0.0
0.57,0.65,4.58,0.02,0.04,0.0
0.48,0.79,4.58,0.03,0.04,0.0
0.5,0.73,4.52,0.03,0.05,-0.0
0.42,0.77,4.56,0.03,0.04,-0.0
0.48,0.77,4.62,0.03,0.04,-0.0
0.44,0.84,4.5,0.03,0.04,-0.0
0.46,0.82,4.56,0.03,0.04,-0.0
0.46,0.84,4.5,0.03,0.04,-0.0
0.5,0.77,4.48,0.02,0.04,-0.0
0.46,0.79,4.48,0.02,0.04,-0.0
0.46,0.79,4.58,0.02,0.04,-0.0
0.44,0.73,4.5,0.02,0.04,-0.0
0.42,0.77,4.56,0.02,0.04,-0.0
0.4,0.79,4.56,0.02,0.04,0.0
0.48,0.69,4.6,0.02,0.04,-0.0
0.5,0.75,4.64,0.03,0.04,-0.0
0.46,0.84,4.6,0.03,0.04,-0.0
0.46,0.82,4.52,0.03,0.04,-0.0
0.42,0.77,4.5,0.03,0.04,-0.0
0.44,0.9,4.5,0.03,0.04,-0.0
0.48,0.84,4.56,0.03,0.04,-0.0
0.42,0.82,4.56,0.03,0.04,0.0
0.38,0.86,4.58,0.03,0.04,-0.0
0.44,0.86,4.56,0.03,0.04,0.0
0.44,0.82,4.52,0.02,0.04,0.0
0.33,0.84,4.54,0.02,0.04,0.0
0.42,0.8,4.64,0.02,0.04,0.0
0.38,0.82,4.58,0.02,0.04,0.0
0.34,0.88,4.62,0.02,0.03,0.0
0.4,0.86,4.54,0.02,0.03,0.0
0.4,0.79,4.56,0.02,0.03,0.0
0.44,0.82,4.58,0.02,0.03,0.0
0.5,0.79,4.52,0.02,0.03,0.0
0.48,0.84,4.52,0.03,0.03,0.0
0.54,0.82,4.64,0.03,0.03,0.0
0.52,0.82,4.56,0.03,0.04,0.0
0.54,0.88,4.54,0.03,0.04,-0.0
0.5,0.82,4.48,0.03,0.04,-0.0
0.5,0.79,4.54,0.03,0.04,-0.0
0.5,0.84,4.48,0.03,0.04,-0.0
0.4,0.77,4.5,0.03,0.04,-0.0
0.44,0.86,4.71,0.03,0.04,-0.0
0.54,0.82,4.56,0.04,0.03,-0.0
0.54,0.84,4.6,0.04,0.03,-0.0
0.52,0.8,4.54,0.04,0.04,-0.0
0.46,0.9,4.54,0.05,0.04,-0.0
0.52,0.77,4.44,0.05,0.04,-0.0
0.4,0.77,4.77,0.04,0.04,0.0
0.4,0.82,4.58,0.04,0.04,-0.0
0.46,0.88,4.58,0.04,0.04,0.0
0.46,0.9,4.5,0.04,0.04,-0.0
0.48,0.9,4.56,0.04,0.04,0.0
0.5,0.86,4.52,0.04,0.04,0.0
0.48,0.86,4.58,0.04,0.04,0.0
0.46,0.94,4.6,0.04,0.04,-0.0
0.46,0.92,4.52,0.04,0.04,-0.0
0.46,0.88,4.46,0.04,0.04,-0.0
0.42,0.9,4.54,0.04,0.04,-0.0
0.4,0.9,4.48,0.04,0.04,-0.0
0.46,0.9,4.54,0.03,0.04,-0.0
0.46,0.82,4.56,0.03,0.04,-0.0
0.48,0.86,4.58,0.03,0.04,-0.0
0.44,0.86,4.58,0.03,0.04,-0.0
0.42,0.84,4.5,0.04,0.04,-0.0
0.46,0.88,4.56,0.04,0.04,-0.0
0.36,0.86,4.58,0.04,0.04,-0.0
0.44,0.88,4.62,0.05,0.04,-0.0
0.44,0.92,4.58,0.05,0.04,0.0
0.48,0.84,4.52,0.05,0.04,0.0
0.5,0.92,4.5,0.05,0.04,-0.0
0.42,0.96,4.56,0.05,0.04,-0.0
0.5,0.92,4.52,0.05,0.04,-0.0
0.48,0.94,4.54,0.05,0.04,-0.0
0.52,0.98,4.44,0.05,0.04,-0.0
0.5,0.98,4.48,0.04,0.04,-0.0
0.46,1.02,4.54,0.04,0.04,-0.0
0.46,0.92,4.58,0.04,0.04,-0.0
0.5,0.94,4.54,0.04,0.04,-0.0
0.46,0.98,4.5,0.03,0.04,-0.0
0.48,1.0,4.54,0.04,0.04,-0.0
0.48,0.92,4.5,0.04,0.04,-0.0
0.48,0.96,4.5,0.04,0.04,-0.0
0.42,0.98,4.54,0.04,0.04,-0.0
0.4,1.02,4.54,0.04,0.04,-0.0
0.42,0.98,4.6,0.05,0.04,-0.0
0.42,0.98,4.48,0.05,0.04,-0.0
0.42,0.98,4.52,0.05,0.04,-0.0
0.4,0.98,4.52,0.05,0.04,-0.0
0.42,1.05,4.56,0.05,0.04,-0.0
0.46,0.96,4.48,0.05,0.04,-0.0
0.48,0.92,4.62,0.05,0.04,0.0
0.44,1.02,4.5,0.05,0.04,-0.0
0.46,1.02,4.52,0.05,0.04,-0.0
0.38,1.05,4.54,0.05,0.04,-0.0
0.38,1.07,4.56,0.04,0.04,-0.0
0.46,1.03,4.54,0.04,0.03,-0.0
0.36,1.09,4.52,0.03,0.03,-0.0
0.38,1.05,4.58,0.03,0.03,-0.0
0.44,1.02,4.46,0.03,0.03,-0.0
0.5,0.92,4.48,0.03,0.03,-0.0
0.44,0.96,4.44,0.03,0.03,-0.0
0.54,0.98,4.48,0.03,0.04,-0.0
0.48,0.98,4.52,0.03,0.04,-0.0
0.42,1.05,4.54,0.03,0.04,-0.0
0.44,0.98,4.6,0.03,0.04,-0.0
0.5,0.92,4.52,0.03,0.04,-0.0
0.46,1.03,4.5,0.04,0.04,-0.0
0.46,1.03,4.6,0.05,0.04,-0.0
0.52,1.02,4.48,0.05,0.04,-0.0
0.48,1.02,4.52,0.06,0.04,-0.0
0.44,1.07,4.5,0.06,0.04,-0.0
0.46,1.0,4.5,0.07,0.04,-0.0
0.65,1.11,4.48,0.07,0.04,-0.0
0.4,1.07,4.44,0.07,0.04,-0.0
0.48,1.07,4.5,0.07,0.04,-0.0
0.46,1.07,4.48,0.07,0.04,-0.0
0.4,1.11,4.5,0.07,0.04,-0.0
0.44,1.09,4.46,0.06,0.05,-0.0
0.44,1.09,4.46,0.06,0.05,-0.01
0.42,1.13,4.54,0.06,0.04,-0.0
0.34,1.11,4.56,0.06,0.04,-0.01
0.38,1.13,4.48,0.06,0.04,-0.0
0.38,1.11,4.6,0.05,0.04,-0.0
0.48,1.09,4.5,0.05,0.04,-0.0
0.36,1.13,4.54,0.05,0.04,-0.0
0.42,1.11,4.46,0.05,0.04,-0.0
0.42,1.09,4.5,0.05,0.04,-0.0
0.42,1.09,4.54,0.05,0.04,-0.0
0.42,1.13,4.48,0.05,0.04,-0.0
0.48,1.15,4.46,0.04,0.04,-0.0
0.46,1.13,4.5,0.04,0.04,-0.0
0.48,1.11,4.48,0.04,0.04,-0.0
0.46,1.13,4.5,0.04,0.04,-0.0
0.44,1.17,4.48,0.04,0.04,-0.0
0.46,1.11,4.54,0.04,0.04,-0.0
0.38,1.11,4.44,0.03,0.04,-0.0
0.36,1.13,4.5,0.03,0.04,-0.0
0.38,1.17,4.52,0.03,0.04,-0.0
0.44,1.15,4.5,0.03,0.04,-0.0
0.46,1.15,4.5,0.03,0.04,-0.0
0.4,1.15,4.5,0.03,0.04,-0.0
0.38,1.15,4.58,0.03,0.04,-0.0
0.36,1.13,4.48,0.03,0.04,-0.0
0.42,1.19,4.52,0.03,0.04,-0.0
0.4,1.15,4.5,0.03,0.04,-0.0
0.38,1.19,4.52,0.03,0.04,-0.0
0.4,1.15,4.46,0.03,0.04,-0.0
0.42,1.13,4.52,0.04,0.04,-0.0
0.4,1.13,4.46,0.04,0.04,-0.0
0.38,1.09,4.54,0.04,0.04,-0.0
0.38,1.15,4.5,0.04,0.03,-0.0
0.4,1.17,4.44,0.03,0.03,-0.0
0.42,1.17,4.48,0.03,0.03,-0.0
0.46,1.15,4.5,0.03,0.03,-0.0
0.4,1.15,4.54,0.03,0.03,-0.0
0.44,1.15,4.48,0.03,0.03,-0.0
0.48,1.15,4.62,0.03,0.03,-0.0
0.44,1.15,4.5,0.02,0.04,-0.0
0.42,1.13,4.48,0.02,0.04,-0.0
0.4,1.13,4.58,0.02,0.04,-0.0
0.42,1.15,4.52,0.02,0.03,-0.0
0.42,1.19,4.5,0.02,0.04,-0.0
0.44,1.17,4.56,0.02,0.04,-0.0
0.44,1.19,4.56,0.02,0.04,-0.0
0.4,1.21,4.42,0.02,0.04,-0.0
0.44,1.17,4.56,0.03,0.04,-0.0
0.4,1.23,4.48,0.03,0.04,-0.0
0.4,1.19,4.42,0.03,0.04,-0.0
0.44,1.21,4.46,0.03,0.04,-0.0
0.46,1.17,4.44,0.03,0.04,-0.0
0.44,1.23,4.42,0.02,0.04,-0.0
0.38,1.23,4.44,0.02,0.04,-0.0
0.42,1.17,4.46,0.02,0.04,-0.0
0.44,1.15,4.48,0.02,0.04,-0.0
0.42,1.17,4.48,0.02,0.04,-0.0
0.42,1.15,4.46,0.02,0.04,-0.0
0.42,1.17,4.54,0.02,0.04,-0.0
0.44,1.13,4.41,0.02,0.04,-0.0
0.42,1.21,4.54,0.02,0.04,-0.0
0.4,1.24,4.5,0.02,0.03,-0.0
0.48,1.19,4.5,0.02,0.03,-0.0
0.42,1.23,4.46,0.02,0.03,-0.0
0.44,1.21,4.46,0.02,0.03,-0.0
0.44,1.23,4.44,0.01,0.03,-0.0
0.42,1.23,4.42,0.01,0.03,-0.0
0.42,1.23,4.46,0.01,0.03,-0.0
0.4,1.24,4.5,0.0,0.03,-0.0
0.42,1.23,4.5,-0.0,0.03,-0.0
0.44,1.19,4.48,-0.0,0.03,-0.0
0.4,1.19,4.44,-0.01,0.03,-0.0
0.44,1.24,4.5,-0.01,0.03,-0.0
0.42,1.21,4.52,-0.01,0.03,-0.0
0.44,1.17,4.46,-0.01,0.03,-0.0
0.42,1.15,4.48,-0.01,0.03,-0.0
0.38,1.23,4.54,-0.01,0.03,-0.0
0.36,1.19,4.5,-0.01,0.03,-0.0
0.36,1.21,4.5,-0.01,0.03,-0.0
0.4,1.17,4.52,-0.01,0.03,-0.0
