accX,accY,accZ,gyroX,gyroY,gyroZ
-0.21,-0.13,4.67,-0.0,0.04,-0.0
-0.17,-0.1,4.69,0.0,0.04,-0.0
-0.23,-0.08,4.69,0.0,0.04,-0.0
-0.17,-0.1,4.69,0.0,0.04,-0.0
-0.13,-0.15,4.79,0.0,0.04,-0.0
-0.21,-0.06,4.67,0.0,0.04,-0.0
-0.15,-0.08,4.65,0.0,0.04,-0.0
-0.17,-0.06,4.69,-0.0,0.04,-0.0
-0.11,-0.08,4.71,-0.0,0.04,0.0
-0.21,-0.02,4.67,-0.0,0.04,0.0
-0.23,-0.08,4.69,-0.0,0.03,0.0
-0.21,-0.1,4.65,-0.0,0.03,-0.0
-0.21,-0.13,4.73,-0.0,0.03,0.0
-0.17,-0.15,4.75,-0.0,0.03,0.0
-0.23,-0.11,4.6,-0.0,0.03,-0.0
-0.23,-0.15,4.73,-0.0,0.03,-0.0
-0.21,-0.08,4.69,-0.0,0.03,-0.0
-0.21,-0.13,4.71,-0.0,0.03,-0.0
-0.23,-0.06,4.67,-0.0,0.03,-0.0
-0.13,-0.08,4.62,-0.0,0.04,-0.0
-0.23,-0.08,4.73,-0.0,0.04,-0.0
-0.13,-0.1,4.73,-0.0,0.04,-0.0
-0.29,-0.1,4.65,-0.0,0.04,-0.0
-0.13,-0.11,4.67,0.0,0.04,0.0
-0.13,-0.17,4.71,0.0,0.04,0.0
-0.21,-0.11,4.65,0.0,0.04,0.0
-0.17,-0.06,4.73,0.0,0.04,0.0
-0.23,-0.06,4.69,-0.0,0.04,0.0
-0.17,-0.11,4.67,-0.0,0.04,0.0
-0.23,-0.06,4.71,-0.01,0.04,-0.0
-0.21,-0.1,4.81,-0.01,0.04,-0.0
-0.15,-0.06,4.67,-0.02,0.04,-0.0
-0.15,-0.04,4.73,-0.03,0.04,-0.0
-0.15,-0.11,4.75,-0.03,0.04,-0.0
-0.17,-0.13,4.71,-0.04,0.04,-0.0
-0.21,-0.11,4.69,-0.03,0.04,-0.0
-0.15,-0.17,4.67,-0.03,0.04,-0.0
-0.17,-0.19,4.71,-0.02,0.04,-0.0
-0.19,-0.13,4.65,-0.01,0.04,-0.0
-0.23,-0.19,4.69,-0.0,0.04,-0.0
-0.15,-0.11,4.64,0.0,0.04,-0.0
-0.23,-0.08,4.6,0.01,0.04,-0.0
-0.17,-0.08,4.65,0.01,0.04,-0.0
-0.21,-0.1,4.6,0.01,0.04,-0.0
-0.19,-0.13,4.58,0.01,0.03,-0.0
-0.23,-0.08,4.65,0.01,0.03,-0.0
-0.23,-0.25,4.71,0.0,0.03,-0.0
-0.23,-0.08,4.67,0.0,0.03,-0.0
-0.13,-0.08,4.73,-0.0,0.03,0.0
-0.17,-0.11,4.64,-0.0,0.03,0.0
-0.19,-0.1,4.71,-0.01,0.03,0.0
-0.29,-0.04,4.69,-0.01,0.03,0.0
-0.27,-0.04,4.67,-0.01,0.03,0.0
-0.21,-0.11,4.71,-0.01,0.04,0.0
-0.19,-0.11,4.69,-0.01,0.04,0.0
-0.15,-0.11,4.75,-0.01,0.04,0.0
-0.15,-0.13,4.69,-0.01,0.04,-0.0
-0.13,-0.08,4.65,-0.01,0.04,0.0
-0.19,-0.08,4.62,-0.01,0.04,-0.0
-0.17,-0.08,4.67,-0.01,0.04,-0.0
-0.1,-0.06,4.65,-0.02,0.04,0.0
-0.15,-0.11,4.69,-0.02,0.04,0.0
-0.15,-0.06,4.71,-0.02,0.04,0.0
-0.21,-0.06,4.65,-0.02,0.04,0.0
-0.21,-0.06,4.71,-0.02,0.04,0.0
-0.17,-0.1,4.64,-0.02,0.04,0.0
-0.19,-0.08,4.71,-0.02,0.04,0.0
-0.21,-0.1,4.75,-0.02,0.04,0.0
-0.21,-0.11,4.69,-0.02,0.04,0.0
-0.21,0.02,4.58,-0.02,0.03,0.0
-0.15,-0.15,4.65,-0.02,0.03,0.0
-0.15,-0.11,4.67,-0.02,0.03,0.0
-0.21,-0.08,4.62,-0.02,0.03,0.0
-0.23,-0.15,4.65,-0.02,0.04,0.0
-0.17,-0.13,4.71,-0.02,0.04,0.0
-0.17,-0.11,4.64,-0.02,0.04,0.0
-0.17,-0.15,4.71,-0.03,0.04,0.0
-0.23,-0.06,4.73,-0.03,0.04,0.0
-0.19,-0.15,4.65,-0.03,0.04,0.0
-0.21,-0.11,4.73,-0.03,0.04,0.0
-0.21,-0.11,4.69,-0.04,0.04,0.0
-0.23,-0.08,4.69,-0.04,0.04,0.0
-0.23,-0.11,4.75,-0.04,0.04,0.0
-0.15,-0.15,4.69,-0.04,0.04,0.0
-0.15,-0.11,4.65,-0.04,0.04,0.0
-0.21,-0.15,4.75,-0.04,0.04,0.0
-0.19,-0.15,4.64,-0.03,0.04,0.0
-0.21,-0.1,4.71,-0.03,0.04,0.0
-0.27,-0.1,4.62,-0.03,0.04,0.0
-0.19,-0.13,4.67,-0.03,0.04,0.0
-0.19,-0.17,4.65,-0.03,0.04,0.0
-0.27,-0.11,4.64,-0.03,0.04,0.0
-0.15,-0.19,4.64,-0.03,0.04,0.0
-0.15,-0.17,4.62,-0.03,0.04,0.0
-0.19,-0.11,4.65,-0.03,0.04,0.0
-0.21,-0.13,4.69,-0.03,0.04,0.0
-0.23,-0.11,4.71,-0.03,0.04,0.0
-0.25,-0.11,4.67,-0.03,0.03,0.0
-0.23,-0.17,4.64,-0.03,0.04,0.0
-0.21,-0.17,4.67,-0.03,0.04,0.0
-0.21,-0.15,4.62,-0.03,0.04,0.0
-0.15,-0.13,4.65,-0.03,0.04,0.0
-0.15,-0.1,4.75,-0.03,0.04,0.0
-0.25,-0.17,4.77,-0.04,0.04,0.0
-0.23,-0.11,4.67,-0.04,0.04,0.0
-0.17,-0.17,4.67,-0.04,0.04,0.0
-0.15,-0.19,4.6,-0.04,0.04,0.0
-0.23,-0.17,4.69,-0.04,0.04,0.0
-0.17,-0.19,4.64,-0.04,0.04,0.0
-0.21,-0.15,4.65,-0.04,0.04,0.0
-0.21,-0.19,4.71,-0.04,0.04,0.0
-0.19,-0.19,4.73,-0.04,0.04,0.0
-0.29,-0.31,4.64,-0.04,0.04,0.0
-0.25,-0.15,4.6,-0.04,0.04,0.0
-0.21,-0.11,4.64,-0.04,0.04,0.0
-0.19,-0.17,4.69,-0.04,0.04,0.0
-0.23,-0.17,4.6,-0.04,0.04,0.0
-0.27,-0.17,4.67,-0.03,0.04,0.0
-0.21,-0.17,4.65,-0.03,0.04,0.0
-0.19,-0.21,4.71,-0.03,0.04,0.0
-0.23,-0.17,4.71,-0.03,0.04,0.0
-0.21,-0.17,4.67,-0.03,0.04,0.0
-0.13,-0.21,4.62,-0.03,0.04,-0.0
-0.17,-0.25,4.67,-0.03,0.04,-0.0
-0.21,-0.19,4.69,-0.03,0.04,-0.0
-0.19,-0.29,4.67,-0.03,0.04,-0.0
-0.13,-0.17,4.69,-0.03,0.04,-0.0
-0.15,-0.17,4.71,-0.03,0.04,0.0
-0.21,-0.17,4.62,-0.03,0.04,0.0
-0.15,-0.15,4.67,-0.03,0.04,0.0
-0.13,-0.21,4.71,-0.03,0.04,0.0
-0.23,-0.21,4.67,-0.03,0.04,0.0
-0.11,-0.17,4.67,-0.03,0.04,0.0
-0.19,-0.21,4.65,-0.03,0.04,0.0
-0.21,-0.19,4.69,-0.03,0.04,0.0
-0.17,-0.13,4.67,-0.04,0.04,0.0
-0.17,-0.21,4.79,-0.04,0.04,0.0
-0.13,-0.27,4.65,-0.04,0.04,0.0
-0.13,-0.13,4.69,-0.04,0.04,0.0
-0.17,-0.19,4.64,-0.03,0.04,0.0
-0.21,-0.19,4.62,-0.03,0.04,-0.0
-0.11,-0.23,4.64,-0.03,0.04,-0.0
-0.13,-0.21,4.67,-0.04,0.05,-0.0
-0.19,-0.21,4.75,-0.04,0.05,-0.0
-0.21,-0.21,4.62,-0.04,0.05,-0.0
-0.21,-0.21,4.67,-0.05,0.05,-0.0
-0.15,-0.27,4.73,-0.05,0.05,-0.0
-0.19,-0.27,4.75,-0.06,0.05,-0.0
-0.17,-0.34,4.73,-0.06,0.05,0.0
-0.19,-0.31,4.73,-0.06,0.05,0.0
-0.25,-0.31,4.71,-0.05,0.05,0.0
-0.19,-0.23,4.69,-0.04,0.05,0.0
-0.19,-0.29,4.65,-0.03,0.05,0.0
-0.13,-0.31,4.64,-0.02,0.05,0.0
-0.21,-0.23,4.62,-0.01,0.05,-0.0
-0.23,-0.11,4.5,-0.01,0.05,-0.0
-0.34,-0.02,4.62,-0.0,0.04,-0.0
-0.19,-0.21,4.46,-0.0,0.04,0.0
-0.19,-0.19,4.6,-0.01,0.04,-0.0
-0.25,-0.08,4.6,-0.01,0.04,0.0
-0.04,0.04,4.85,-0.02,0.04,0.0
-0.11,-0.19,4.69,-0.02,0.04,0.0
-0.42,-0.11,4.64,-0.03,0.04,-0.0
-0.36,-0.15,4.64,-0.03,0.04,0.0
-0.21,-0.38,4.64,-0.03,0.04,0.0
-0.19,-0.17,4.73,-0.03,0.04,0.0
-0.27,-0.23,5.13,-0.03,0.04,-0.0
-0.19,-0.21,4.65,-0.03,0.04,0.0
-0.23,-0.25,4.69,-0.03,0.04,0.0
-0.19,-0.23,4.69,-0.03,0.04,0.0
-0.27,-0.25,4.6,-0.03,0.04,0.0
-0.36,-0.29,4.67,-0.03,0.04,0.0
-0.27,-0.34,4.67,-0.03,0.04,-0.0
-0.13,-0.17,4.73,-0.02,0.04,0.0
-0.1,-0.33,4.58,-0.02,0.04,0.0
-0.15,-0.13,4.64,-0.02,0.04,0.0
-0.27,-0.23,4.73,-0.02,0.04,0.0
-0.23,0.0,4.56,-0.02,0.04,0.0
-0.25,-0.33,4.92,-0.02,0.04,0.0
-0.42,-0.36,5.08,-0.02,0.04,0.0
-0.1,-0.29,4.46,-0.03,0.04,0.0
-0.15,-0.15,4.77,-0.03,0.04,0.0
-0.25,-0.25,4.69,-0.03,0.04,0.0
-0.21,-0.21,4.71,-0.03,0.04,0.0
-0.27,-0.29,4.69,-0.02,0.04,0.0
-0.17,-0.29,4.73,-0.02,0.04,0.0
-0.11,-0.06,4.98,-0.02,0.04,-0.0
-0.17,-0.34,4.65,-0.02,0.04,0.0
-0.15,-0.25,4.73,-0.01,0.04,-0.0
-0.13,-0.1,4.62,-0.01,0.04,-0.0
-0.15,-0.33,4.64,-0.01,0.04,-0.0
-0.11,-0.34,4.77,-0.02,0.04,0.0
-0.15,-0.33,4.85,-0.02,0.04,0.0
-0.08,-0.19,4.62,-0.02,0.04,-0.0
-0.36,-0.46,4.77,-0.02,0.04,-0.0
-0.23,-0.11,4.62,-0.03,0.04,-0.0
0.08,-0.38,4.65,-0.03,0.04,-0.0
-0.21,-0.31,4.71,-0.03,0.04,-0.0
-0.21,-0.33,4.69,-0.02,0.04,-0.0
-0.19,-0.31,4.67,-0.02,0.04,-0.0
-0.21,-0.34,4.69,-0.02,0.04,-0.0
-0.21,-0.34,4.71,-0.01,0.04,-0.0
-0.33,-0.4,4.73,-0.01,0.05,-0.0
-0.21,-0.27,4.52,-0.0,0.05,-0.0
-0.08,-0.15,4.6,-0.0,0.04,-0.0
-0.19,-0.63,4.81,-0.0,0.04,-0.0
-0.13,-0.31,4.65,-0.0,0.04,-0.0
-0.21,-0.29,4.62,-0.0,0.04,-0.0
-0.27,-0.31,4.64,-0.0,0.04,-0.0
-0.21,-0.38,4.52,-0.01,0.04,0.0
-0.21,-0.27,4.6,-0.01,0.04,-0.0
-0.4,-0.23,4.75,-0.0,0.04,-0.0
-0.23,-0.33,4.65,-0.0,0.04,-0.0
-0.19,-0.29,4.62,0.0,0.04,-0.0
-0.17,-0.31,4.67,0.0,0.04,-0.0
-0.23,-0.29,4.64,0.0,0.04,-0.0
-0.15,-0.1,4.67,0.01,0.04,-0.0
-0.21,-0.25,4.54,0.01,0.04,-0.0
-0.13,-0.23,4.58,0.01,0.04,-0.0
-0.4,-0.31,4.58,0.01,0.04,-0.0
-0.17,-0.31,4.71,0.01,0.04,-0.0
-0.27,-0.44,4.65,0.01,0.04,-0.0
-0.11,-0.23,4.73,0.01,0.04,-0.0
-0.13,-0.36,4.23,0.01,0.04,-0.0
-0.19,-0.31,4.46,0.01,0.04,-0.0
-0.52,-0.5,4.64,0.01,0.04,-0.0
-0.25,-0.29,4.62,0.01,0.03,-0.0
-0.21,-0.13,4.79,0.01,0.03,-0.0
-0.27,-0.25,4.62,0.01,0.03,-0.0
-0.21,-0.23,4.6,0.01,0.03,-0.0
-0.27,-0.31,4.62,0.01,0.03,-0.0
-0.21,-0.21,4.64,0.01,0.03,-0.0
-0.17,-0.13,4.62,0.01,0.03,-0.0
-0.17,-0.31,4.62,0.01,0.03,-0.0
-0.19,-0.21,4.65,0.01,0.03,-0.0
-0.15,-0.27,4.85,0.01,0.03,-0.0
-0.25,-0.33,4.73,0.01,0.03,-0.0
-0.23,-0.25,5.06,0.01,0.03,-0.0
-0.19,-0.34,4.65,0.01,0.03,-0.0
-0.21,-0.31,4.75,0.01,0.04,-0.0
-0.15,-0.34,4.62,0.01,0.04,-0.0
-0.06,-0.19,4.62,0.01,0.04,-0.0
-0.27,-0.19,4.81,0.01,0.04,-0.0
-0.19,-0.23,4.67,0.01,0.04,-0.0
-0.15,-0.34,4.73,0.01,0.04,-0.0
-0.23,-0.25,4.71,0.01,0.04,-0.0
-0.23,-0.27,4.64,0.01,0.04,-0.0
-0.15,-0.27,4.62,0.01,0.04,-0.0
-0.27,-0.31,4.88,0.01,0.04,-0.0
-0.15,-0.25,4.5,0.01,0.03,-0.0
-0.31,-0.27,4.83,0.01,0.03,-0.0
-0.19,-0.25,4.48,0.01,0.03,-0.0
-0.1,-0.36,4.67,0.02,0.03,-0.0
-0.23,-0.19,4.75,0.02,0.03,-0.0
-0.27,-0.29,4.81,0.02,0.03,-0.0
-0.11,-0.38,4.64,0.02,0.03,-0.0
-0.33,-0.1,4.64,0.02,0.03,-0.0
-0.17,-0.25,4.67,0.01,0.03,-0.0
-0.27,-0.23,4.56,0.01,0.03,-0.0
-0.21,-0.21,4.71,0.0,0.04,-0.0
-0.21,-0.15,4.73,-0.01,0.04,-0.0
-0.13,-0.31,4.85,-0.01,0.04,-0.0
-0.25,-0.27,4.71,-0.02,0.04,-0.0
-0.23,-0.25,4.75,-0.02,0.04,-0.0
-0.21,-0.29,4.71,-0.02,0.04,-0.0
-0.23,-0.34,4.65,-0.01,0.04,-0.0
-0.17,-0.33,4.67,0.01,0.04,-0.0
-0.25,-0.27,4.62,0.02,0.04,-0.0
-0.21,-0.17,4.62,0.03,0.04,-0.0
-0.25,-0.21,4.56,0.03,0.04,-0.0
-0.36,-0.13,4.75,0.04,0.04,-0.0
-0.27,-0.15,4.54,0.04,0.04,-0.0
-0.25,-0.13,4.71,0.03,0.04,-0.0
-0.21,-0.21,4.71,0.03,0.04,-0.0
-0.25,-0.15,4.64,0.02,0.03,-0.0
-0.25,-0.54,4.77,0.01,0.03,-0.0
-0.17,-0.17,4.69,0.01,0.03,-0.0
-0.21,-0.15,4.71,0.01,0.03,-0.0
-0.21,-0.25,4.75,0.01,0.03,-0.0
-0.21,-0.23,4.73,0.01,0.03,-0.0
-0.15,-0.23,4.69,0.01,0.03,-0.0
-0.21,-0.21,4.65,0.01,0.03,-0.0
-0.25,-0.17,4.71,0.01,0.03,-0.0
-0.19,-0.19,4.67,0.01,0.03,-0.0
-0.17,-0.27,4.67,0.01,0.03,-0.0
-0.19,-0.19,4.62,0.01,0.03,-0.0
-0.19,-0.23,4.69,0.01,0.03,-0.0
-0.19,-0.17,4.67,0.01,0.03,-0.0
-0.17,-0.23,4.65,0.01,0.03,-0.0
-0.21,-0.17,4.64,0.01,0.03,-0.0
-0.25,-0.21,4.64,0.01,0.03,-0.0
-0.19,-0.21,4.56,0.01,0.03,-0.0
-0.19,-0.19,4.65,0.01,0.03,-0.0
-0.17,-0.19,4.64,0.0,0.03,-0.0
-0.17,-0.17,4.6,0.0,0.03,-0.0
-0.27,-0.11,4.64,0.0,0.03,-0.0
-0.29,-0.19,4.67,0.0,0.03,-0.0
-0.23,-0.27,4.67,0.0,0.03,-0.0
-0.04,-0.33,4.77,0.0,0.03,-0.0
-0.25,-0.19,4.67,0.01,0.03,-0.0
-0.23,-0.17,4.67,0.01,0.03,-0.0
-0.17,-0.23,4.65,0.01,0.03,-0.0
-0.17,-0.21,4.65,0.01,0.03,-0.0
-0.19,-0.17,4.71,0.02,0.03,-0.0
-0.19,-0.21,4.69,0.02,0.03,-0.0
-0.21,-0.23,4.62,0.02,0.03,-0.0
-0.23,-0.17,4.65,0.02,0.03,-0.0
-0.19,-0.21,4.64,0.02,0.03,-0.0
-0.21,-0.25,4.69,0.01,0.03,-0.0
-0.1,-0.25,4.69,0.01,0.03,-0.0
-0.23,-0.17,4.73,0.01,0.03,-0.0
-0.21,-0.21,4.62,0.01,0.03,-0.0
-0.27,-0.21,4.71,0.01,0.03,-0.0
-0.19,-0.17,4.71,0.01,0.03,-0.0
-0.25,-0.17,4.65,0.01,0.03,-0.0
-0.17,-0.25,4.67,0.01,0.03,-0.0
-0.19,-0.17,4.62,0.01,0.04,-0.0
-0.21,-0.21,4.65,0.01,0.04,-0.0
-0.19,-0.23,4.77,0.01,0.04,-0.0
-0.23,-0.19,4.67,0.02,0.04,-0.0
-0.19,-0.11,4.64,0.01,0.04,-0.0
-0.17,-0.15,4.64,0.01,0.04,-0.0
-0.25,-0.13,4.71,0.01,0.04,-0.0
-0.25,-0.13,4.73,0.01,0.04,-0.0
-0.19,-0.13,4.64,0.01,0.04,-0.0
-0.21,-0.15,4.71,0.01,0.04,-0.0
-0.21,-0.11,4.69,0.01,0.03,-0.0
-0.17,-0.19,4.69,0.01,0.03,-0.0
-0.19,-0.17,4.67,0.0,0.03,-0.0
-0.25,-0.13,4.62,0.0,0.03,-0.0
-0.11,-0.19,4.65,0.01,0.03,-0.0
-0.19,-0.11,4.65,0.0,0.03,-0.0
-0.19,-0.13,4.62,0.0,0.03,-0.0
-0.27,-0.11,4.64,0.0,0.03,-0.0
-0.21,-0.17,4.71,0.01,0.03,-0.0
-0.17,-0.15,4.73,0.01,0.03,-0.0
-0.19,-0.15,4.65,0.01,0.03,-0.0
-0.17,-0.17,4.65,0.01,0.03,-0.0
-0.23,-0.13,4.67,0.01,0.03,-0.0
-0.23,-0.17,4.65,0.01,0.03,-0.0
-0.19,-0.13,4.69,0.01,0.03,-0.0
-0.25,-0.17,4.69,0.01,0.03,-0.0
-0.21,-0.15,4.67,0.01,0.03,-0.0
-0.19,-0.17,4.73,0.01,0.03,-0.0
-0.29,-0.15,4.71,0.01,0.03,-0.0
-0.31,-0.08,4.64,0.01,0.03,-0.0
-0.19,-0.19,4.73,0.01,0.03,-0.0
-0.25,-0.1,4.67,0.01,0.03,-0.0
-0.21,-0.13,4.67,0.01,0.03,-0.0
-0.19,-0.17,4.65,0.01,0.03,-0.0
-0.23,-0.11,4.69,0.01,0.03,-0.0
-0.19,-0.15,4.77,0.01,0.03,-0.0
-0.21,-0.21,4.65,0.01,0.03,-0.0
-0.23,-0.15,4.71,0.0,0.03,-0.0
-0.15,-0.15,4.64,0.0,0.03,-0.0
-0.19,-0.25,4.58,0.0,0.03,-0.0
-0.19,-0.15,4.69,0.01,0.03,-0.0
-0.21,-0.13,4.67,0.01,0.03,-0.0
-0.23,-0.15,4.69,0.01,0.03,-0.0
-0.17,-0.21,4.65,0.01,0.03,-0.0
-0.15,-0.19,4.65,0.01,0.03,-0.0
-0.1,-0.17,4.71,0.01,0.03,-0.0
-0.17,-0.19,4.71,0.01,0.03,-0.0
-0.11,-0.15,4.67,0.01,0.03,-0.0
-0.23,-0.13,4.6,0.01,0.03,-0.0
-0.23,-0.13,4.67,0.01,0.03,-0.0
-0.19,-0.11,4.71,0.01,0.03,-0.0
-0.17,-0.13,4.73,0.01,0.03,-0.0
-0.25,-0.11,4.65,0.01,0.03,-0.0
-0.23,-0.1,4.69,0.01,0.03,-0.0
-0.15,-0.11,4.62,0.01,0.03,-0.0
-0.17,-0.08,4.67,0.01,0.03,-0.0
-0.21,0.0,4.67,0.01,0.03,-0.0
-0.17,-0.1,4.69,0.01,0.03,-0.0
-0.17,-0.02,4.71,0.01,0.03,-0.0
-0.19,-0.1,4.71,0.0,0.03,-0.0
-0.1,-0.06,4.71,-0.0,0.04,-0.0
-0.19,-0.06,4.73,-0.01,0.04,-0.0
-0.17,-0.1,4.67,-0.02,0.04,-0.0
-0.19,-0.1,4.71,-0.03,0.04,-0.0
-0.19,-0.13,4.73,-0.03,0.04,-0.0
-0.23,-0.17,4.71,-0.03,0.04,-0.0
-0.25,-0.19,4.75,-0.03,0.04,-0.0
-0.17,-0.25,4.67,-0.02,0.04,-0.0
-0.15,-0.27,4.65,-0.01,0.04,-0.0
-0.21,-0.23,4.69,0.0,0.04,-0.0
-0.21,-0.13,4.67,0.01,0.04,-0.0
-0.21,-0.11,4.62,0.02,0.04,-0.0
-0.17,-0.11,4.62,0.03,0.04,-0.0
-0.23,-0.1,4.62,0.03,0.04,-0.0
-0.21,-0.06,4.64,0.03,0.03,-0.0
-0.21,-0.08,4.6,0.02,0.03,-0.0
-0.17,-0.06,4.67,0.02,0.03,-0.0
-0.27,-0.04,4.65,0.01,0.03,-0.0
-0.19,-0.06,4.69,0.01,0.03,-0.0
-0.17,-0.06,4.69,0.0,0.03,-0.0
-0.13,-0.08,4.77,0.0,0.03,-0.0
-0.19,-0.15,4.69,-0.0,0.03,-0.0
-0.25,-0.08,4.71,-0.0,0.03,-0.0
-0.25,-0.04,4.79,-0.0,0.03,-0.0
-0.19,-0.15,4.75,-0.0,0.03,-0.0
-0.27,-0.1,4.71,-0.0,0.03,-0.0
-0.15,-0.1,4.69,-0.0,0.03,-0.0
-0.17,-0.13,4.69,0.0,0.04,-0.0
-0.23,-0.1,4.67,0.0,0.04,-0.0
-0.23,-0.15,4.67,0.0,0.04,-0.0
-0.17,-0.11,4.62,0.0,0.04,-0.0
-0.17,-0.15,4.71,0.0,0.04,-0.0
-0.21,-0.06,4.67,0.0,0.04,-0.0
-0.19,-0.11,4.65,0.0,0.04,-0.0
-0.21,-0.11,4.67,0.0,0.04,-0.0
-0.21,-0.1,4.64,0.0,0.04,-0.0
-0.19,-0.1,4.67,0.0,0.03,-0.0
-0.15,-0.13,4.65,-0.0,0.03,-0.0
-0.21,-0.1,4.69,-0.0,0.04,-0.0
-0.23,-0.08,4.65,-0.0,0.03,-0.0
-0.17,-0.13,4.71,-0.0,0.03,-0.0
-0.17,-0.13,4.73,-0.0,0.03,-0.0
-0.21,-0.15,4.69,0.0,0.03,-0.0
-0.21,-0.1,4.73,0.0,0.03,-0.0
-0.23,-0.11,4.69,0.0,0.03,0.0
-0.21,-0.11,4.67,0.0,0.03,-0.0
-0.19,-0.11,4.65,0.0,0.03,-0.0
-0.17,-0.1,4.64,0.01,0.03,-0.0
-0.17,-0.06,4.65,0.01,0.03,-0.0
-0.15,-0.11,4.62,0.0,0.03,-0.0
-0.19,-0.08,4.75,0.0,0.03,-0.0
-0.19,-0.08,4.79,0.0,0.03,-0.0
-0.21,-0.08,4.67,-0.0,0.03,-0.0
-0.19,-0.11,4.65,-0.0,0.03,-0.0
-0.19,-0.11,4.67,-0.0,0.04,-0.0
-0.15,-0.08,4.64,-0.01,0.04,-0.0
-0.17,-0.1,4.73,-0.01,0.04,-0.0
-0.27,-0.06,4.65,-0.01,0.04,-0.0
-0.13,-0.1,4.67,-0.0,0.04,-0.0
-0.1,-0.13,4.65,-0.0,0.04,-0.0
-0.17,-0.11,4.73,-0.0,0.04,-0.0
-0.15,-0.08,4.65,-0.0,0.04,-0.0
-0.21,-0.11,4.64,-0.0,0.04,-0.0
-0.13,-0.1,4.71,0.0,0.04,-0.0
-0.23,-0.1,4.67,0.0,0.04,-0.0
-0.21,-0.1,4.71,0.0,0.04,-0.0
-0.23,-0.06,4.65,0.0,0.04,-0.0
-0.21,-0.1,4.69,0.0,0.04,-0.0
-0.23,-0.11,4.73,0.0,0.04,-0.0
-0.21,-0.11,4.65,0.0,0.04,-0.0
-0.23,-0.02,4.67,0.0,0.03,-0.0
-0.17,-0.04,4.69,0.0,0.03,-0.0
-0.19,-0.06,4.71,-0.0,0.03,-0.0
-0.13,-0.1,4.77,-0.0,0.03,-0.0
-0.21,-0.06,4.73,-0.0,0.03,-0.0
-0.15,-0.13,4.67,-0.0,0.03,-0.0
-0.17,-0.1,4.65,-0.0,0.03,-0.0
-0.15,-0.13,4.65,-0.0,0.03,-0.0
-0.15,-0.11,4.67,-0.0,0.03,-0.0
-0.15,-0.11,4.71,-0.01,0.04,-0.0
-0.17,-0.15,4.67,-0.01,0.04,-0.0
-0.23,-0.08,4.62,-0.01,0.04,-0.0
-0.17,-0.06,4.69,-0.01,0.04,-0.0
-0.21,-0.1,4.69,-0.01,0.04,-0.0
-0.1,-0.17,4.65,-0.0,0.04,-0.0
-0.13,-0.06,4.69,-0.0,0.04,-0.0
-0.17,-0.11,4.71,-0.0,0.04,-0.0
-0.23,-0.1,4.65,-0.0,0.04,-0.0
-0.23,-0.08,4.69,-0.01,0.04,-0.0
-0.23,-0.11,4.67,-0.01,0.04,-0.0
-0.21,-0.08,4.71,-0.01,0.04,-0.0
-0.11,-0.13,4.64,-0.01,0.03,-0.0
-0.17,-0.11,4.65,-0.01,0.04,-0.0
-0.11,-0.1,4.67,-0.01,0.03,-0.0
-0.23,-0.11,4.75,-0.01,0.03,-0.0
-0.21,-0.08,4.65,-0.01,0.03,-0.0
-0.19,-0.13,4.73,-0.0,0.03,-0.0
-0.17,-0.1,4.64,-0.0,0.03,-0.0
-0.17,-0.06,4.73,-0.0,0.03,-0.0
-0.13,-0.06,4.65,-0.0,0.04,-0.0
-0.13,-0.1,4.69,-0.0,0.04,-0.0
-0.21,-0.02,4.69,-0.0,0.04,-0.0
-0.19,-0.08,4.73,-0.0,0.03,-0.0
-0.21,-0.08,4.64,-0.0,0.04,-0.0
-0.17,-0.1,4.73,-0.01,0.04,-0.0
-0.13,-0.13,4.65,-0.01,0.04,-0.0
-0.17,-0.13,4.69,-0.01,0.04,-0.0
-0.13,-0.02,4.64,-0.01,0.04,-0.0
-0.17,-0.13,4.62,-0.01,0.04,-0.0
-0.17,-0.13,4.69,-0.0,0.04,-0.0
-0.15,-0.11,4.71,-0.0,0.04,-0.0
-0.13,-0.06,4.67,-0.0,0.04,-0.0
-0.15,-0.06,4.75,-0.0,0.04,-0.0
-0.17,-0.13,4.69,-0.0,0.04,-0.0
-0.17,-0.11,4.67,-0.0,0.04,-0.0
-0.21,-0.08,4.65,-0.0,0.04,-0.0
-0.21,-0.08,4.69,-0.0,0.04,-0.0
-0.19,-0.06,4.65,-0.0,0.04,-0.0
-0.15,-0.11,4.71,-0.0,0.04,-0.0
-0.13,-0.1,4.64,-0.0,0.04,-0.0
-0.17,-0.08,4.67,-0.0,0.04,-0.0
-0.15,-0.08,4.67,-0.0,0.03,-0.0
-0.19,-0.04,4.65,-0.0,0.03,-0.0
-0.21,-0.06,4.73,-0.0,0.03,-0.0
-0.19,-0.04,4.65,-0.01,0.04,-0.0
-0.15,-0.1,4.67,-0.01,0.04,-0.0
-0.17,-0.06,4.71,-0.01,0.04,-0.0
-0.08,-0.02,4.65,-0.02,0.04,-0.0
-0.21,-0.06,4.67,-0.03,0.04,-0.0
-0.27,-0.11,4.88,-0.03,0.04,-0.0
-0.19,-0.11,4.69,-0.04,0.05,-0.0
-0.17,-0.13,4.71,-0.04,0.05,-0.0
-0.19,-0.15,4.69,-0.03,0.05,-0.0
-0.19,-0.15,4.65,-0.03,0.04,-0.0
-0.17,-0.13,4.67,-0.02,0.04,-0.0
-0.19,-0.13,4.69,-0.01,0.04,-0.0
-0.17,-0.17,4.62,0.0,0.04,-0.0
-0.15,-0.13,4.67,0.01,0.04,-0.0
-0.23,-0.04,4.58,0.02,0.04,-0.0
-0.15,-0.04,4.64,0.02,0.04,-0.0
-0.15,-0.1,4.58,0.01,0.04,-0.0
-0.19,-0.04,4.58,0.01,0.03,-0.0
-0.17,-0.04,4.6,0.0,0.03,-0.0
-0.19,-0.08,4.71,-0.0,0.03,-0.0
-0.15,-0.08,4.75,-0.01,0.03,-0.0
-0.15,-0.08,4.71,-0.01,0.03,-0.0
-0.17,-0.08,4.71,-0.01,0.03,-0.0
-0.19,-0.04,4.69,-0.01,0.03,-0.0
-0.17,-0.1,4.75,-0.01,0.03,-0.0
-0.11,-0.06,4.69,-0.01,0.03,-0.0
-0.19,-0.08,4.65,-0.0,0.04,-0.0
-0.21,-0.02,4.67,-0.0,0.04,-0.0
-0.23,-0.06,4.69,-0.0,0.04,-0.0
-0.19,-0.08,4.73,-0.0,0.04,-0.0
-0.13,-0.1,4.67,-0.0,0.04,-0.0
-0.17,-0.1,4.65,-0.0,0.04,-0.0
-0.19,-0.06,4.62,-0.01,0.04,-0.0
-0.17,-0.1,4.69,-0.01,0.04,-0.0
-0.21,-0.1,4.65,-0.01,0.04,-0.0
-0.21,-0.11,4.65,-0.01,0.04,-0.0
-0.15,-0.1,4.67,-0.01,0.04,-0.0
-0.13,-0.08,4.67,-0.01,0.04,-0.0
-0.17,-0.1,4.69,-0.01,0.04,-0.0
-0.15,-0.08,4.64,-0.01,0.03,-0.0
-0.15,-0.1,4.65,-0.01,0.03,-0.0
-0.19,-0.11,4.62,-0.0,0.03,-0.0
-0.21,-0.06,4.65,-0.0,0.03,-0.0
-0.23,-0.06,4.62,-0.0,0.03,-0.0
-0.21,-0.15,4.75,-0.0,0.03,-0.0
-0.17,-0.04,4.62,0.0,0.03,-0.0
-0.23,-0.1,4.6,0.0,0.03,-0.0
-0.21,-0.08,4.69,0.0,0.03,-0.0
-0.17,0.0,4.67,0.0,0.03,-0.0
-0.21,-0.04,4.62,0.0,0.03,-0.0
-0.19,-0.06,4.64,0.0,0.03,-0.0
-0.21,-0.1,4.75,-0.0,0.03,-0.0
-0.23,-0.06,4.71,-0.0,0.03,-0.0
-0.15,-0.06,4.71,-0.0,0.03,-0.0
-0.19,-0.08,4.69,-0.01,0.04,-0.0
-0.21,-0.1,4.71,-0.01,0.04,-0.0
-0.15,-0.08,4.69,-0.01,0.04,-0.0
-0.17,-0.08,4.67,-0.01,0.04,-0.0
-0.21,-0.06,4.69,-0.01,0.04,-0.0
-0.19,-0.08,4.73,-0.01,0.04,-0.0
-0.17,-0.1,4.69,-0.01,0.04,-0.0
-0.13,-0.06,4.73,-0.01,0.04,-0.0
-0.19,-0.08,4.81,-0.01,0.04,-0.0
-0.19,-0.06,4.87,-0.01,0.05,-0.0
-0.21,-0.06,4.92,-0.01,0.05,0.0
-0.23,-0.04,4.94,-0.01,0.06,0.0
-0.19,0.02,4.98,-0.02,0.07,0.0
-0.19,-0.04,5.0,-0.03,0.08,0.0
-0.23,0.0,5.0,-0.04,0.08,0.0
-0.23,0.0,4.98,-0.05,0.09,0.0
-0.38,0.06,5.08,-0.07,0.1,0.01
-0.29,0.0,4.96,-0.09,0.1,0.01
-0.21,-0.1,4.96,-0.1,0.1,0.01
-0.23,-0.11,4.88,-0.11,0.11,0.02
-0.19,-0.15,4.77,-0.12,0.1,0.02
-0.23,-0.29,4.71,-0.12,0.09,0.02
-0.1,-0.31,4.48,-0.1,0.07,0.02
-0.17,-0.29,4.39,-0.07,0.05,0.01
-0.17,-0.27,4.21,-0.03,0.03,0.01
-0.15,-0.21,4.08,0.0,0.02,0.01
-0.17,-0.1,3.96,0.03,0.01,0.01
-0.21,-0.06,3.98,0.03,0.01,0.01
-0.23,-0.04,4.16,0.02,0.01,0.01
-0.25,-0.02,4.27,-0.01,0.02,0.01
-0.23,-0.13,4.44,-0.05,0.03,0.01
-0.25,-0.17,4.69,-0.08,0.04,0.01
-0.31,-0.31,4.92,-0.11,0.04,0.01
-0.29,-0.4,5.09,-0.12,0.04,0.02
-0.29,-0.48,5.19,-0.11,0.05,0.02
-0.27,-0.5,5.23,-0.09,0.05,0.02
-0.25,-0.5,5.11,-0.06,0.05,0.02
-0.25,-0.46,4.98,-0.02,0.06,0.02
-0.23,-0.34,4.83,0.01,0.06,0.01
-0.23,-0.31,4.73,0.04,0.05,0.01
-0.21,-0.13,4.54,0.05,0.05,0.01
-0.21,0.0,4.44,0.05,0.04,0.01
-0.21,0.13,4.44,0.04,0.04,0.01
-0.1,0.06,4.37,0.02,0.03,0.01
-0.08,0.02,4.35,-0.01,0.02,0.01
-0.13,0.08,4.39,-0.03,0.01,0.01
-0.15,0.08,4.5,-0.05,0.0,0.01
-0.21,-0.06,4.54,-0.06,-0.0,0.01
-0.13,-0.15,4.64,-0.06,-0.01,0.01
-0.19,-0.15,4.69,-0.06,-0.01,0.01
-0.15,-0.15,4.73,-0.04,-0.02,0.01
-0.17,-0.19,4.77,-0.03,-0.02,0.01
-0.15,-0.17,4.75,-0.01,-0.02,0.01
-0.17,-0.13,4.73,0.01,-0.02,0.01
-0.19,-0.13,4.69,0.01,-0.02,0.01
-0.17,-0.06,4.67,0.02,-0.02,0.0
-0.21,-0.06,4.67,0.01,-0.01,-0.0
-0.21,-0.04,4.69,0.0,-0.01,-0.0
-0.23,-0.04,4.69,-0.01,-0.0,-0.0
-0.29,-0.04,4.77,-0.02,0.0,-0.0
-0.27,-0.06,4.83,-0.03,0.01,-0.0
-0.27,-0.15,4.77,-0.04,0.01,-0.0
-0.31,-0.15,4.73,-0.04,0.02,-0.01
-0.25,-0.15,4.67,-0.04,0.02,-0.01
-0.29,-0.1,4.77,-0.04,0.02,-0.01
-0.31,-0.11,4.75,-0.04,0.02,-0.01
-0.33,-0.08,4.69,-0.03,0.02,-0.01
-0.33,0.0,4.75,-0.03,0.01,-0.01
-0.38,-0.04,4.64,-0.03,0.01,-0.01
-0.31,-0.08,4.62,-0.03,0.0,-0.01
-0.31,-0.02,4.69,-0.04,-0.0,-0.01
-0.36,-0.08,4.71,-0.05,-0.01,-0.01
-0.25,-0.15,4.81,-0.06,-0.01,-0.01
-0.29,-0.08,4.92,-0.07,-0.01,-0.01
-0.23,-0.15,5.0,-0.08,-0.0,-0.01
-0.25,-0.17,5.06,-0.09,0.0,-0.0
-0.23,-0.31,5.08,-0.1,0.01,-0.0
-0.15,-0.34,5.08,-0.09,0.02,-0.0
-0.25,-0.4,5.02,-0.08,0.03,-0.0
-0.23,-0.34,4.96,-0.06,0.04,-0.0
-0.23,-0.31,4.85,-0.03,0.04,-0.0
-0.23,-0.19,4.46,-0.01,0.04,-0.0
-0.25,-0.21,4.58,0.0,0.04,-0.0
-0.19,-0.21,4.44,0.01,0.03,-0.0
-0.27,-0.13,4.48,0.01,0.03,-0.0
-0.25,-0.15,4.31,0.0,0.02,0.0
-0.25,-0.11,4.48,-0.01,0.02,0.0
-0.19,-0.1,4.52,-0.02,0.01,-0.0
-0.21,-0.15,4.58,-0.03,0.02,0.0
-0.19,-0.11,4.65,-0.04,0.02,-0.0
-0.11,-0.23,4.81,-0.05,0.03,0.0
-0.08,-0.31,4.87,-0.06,0.03,0.0
-0.13,-0.27,4.96,-0.06,0.04,0.0
-0.11,-0.36,4.92,-0.06,0.05,0.01
0.0,-0.44,4.88,-0.06,0.05,0.01
-0.04,-0.48,4.81,-0.05,0.05,0.01
-0.02,-0.44,4.75,-0.03,0.05,0.01
-0.04,-0.44,4.6,-0.02,0.05,0.01
-0.08,-0.4,4.58,0.0,0.05,0.01
0.0,-0.4,4.56,0.01,0.04,0.01
0.0,-0.36,4.44,0.03,0.04,0.01
-0.02,-0.23,4.41,0.03,0.04,0.01
-0.1,-0.17,4.46,0.03,0.04,0.01
-0.15,-0.19,4.52,0.03,0.03,0.01
-0.13,-0.15,4.54,0.02,0.03,0.01
-0.1,-0.21,4.6,0.01,0.02,0.01
-0.1,-0.25,4.73,-0.01,0.02,0.01
-0.15,-0.27,4.77,-0.02,0.01,0.01
-0.1,-0.36,4.79,-0.02,0.01,0.01
-0.02,-0.33,4.77,-0.02,0.01,0.01
-0.04,-0.38,4.73,-0.01,0.01,0.01
-0.11,-0.4,4.73,-0.0,0.02,0.01
-0.06,-0.36,4.67,0.01,0.03,0.01
-0.17,-0.38,4.69,0.02,0.03,0.01
-0.13,-0.29,4.6,0.02,0.04,0.01
-0.17,-0.33,4.54,0.03,0.04,0.0
-0.13,-0.27,4.54,0.04,0.04,0.0
-0.19,-0.21,4.5,0.04,0.03,-0.0
-0.13,-0.19,4.46,0.04,0.03,-0.0
-0.1,-0.1,4.46,0.04,0.02,-0.0
-0.08,-0.08,4.46,0.03,0.01,-0.0
-0.04,-0.08,4.64,0.02,0.01,-0.0
0.0,-0.1,4.58,-0.0,0.01,-0.0
-0.02,-0.11,4.73,-0.02,0.01,-0.0
0.0,-0.17,4.73,-0.03,0.01,0.0
0.02,-0.23,4.71,-0.04,0.02,0.0
0.06,-0.19,4.87,-0.04,0.03,0.0
0.08,-0.25,4.88,-0.04,0.04,0.0
0.08,-0.17,4.83,-0.03,0.05,0.0
0.06,-0.19,4.81,-0.03,0.05,0.0
0.06,-0.17,4.71,-0.02,0.05,0.0
0.02,-0.21,4.71,-0.02,0.06,0.01
0.08,-0.17,4.69,-0.02,0.05,0.01
0.0,-0.27,4.65,-0.03,0.05,0.01
-0.02,-0.17,4.58,-0.03,0.05,0.02
-0.02,-0.23,4.6,-0.03,0.05,0.02
-0.06,-0.21,4.56,-0.03,0.04,0.02
-0.06,-0.29,4.6,-0.03,0.04,0.03
-0.15,-0.29,4.56,-0.02,0.04,0.03
-0.15,-0.29,4.6,-0.01,0.03,0.03
-0.13,-0.31,4.62,-0.01,0.03,0.03
-0.11,-0.21,4.56,-0.0,0.03,0.03
-0.04,-0.25,4.54,-0.0,0.03,0.03
-0.11,-0.19,4.62,-0.0,0.03,0.03
-0.04,-0.17,4.62,-0.01,0.04,0.02
-0.04,-0.11,4.69,-0.02,0.04,0.02
-0.06,-0.13,4.65,-0.04,0.05,0.02
-0.13,-0.15,4.67,-0.04,0.05,0.02
-0.13,-0.19,4.79,-0.05,0.05,0.02
-0.02,-0.21,4.77,-0.06,0.06,0.02
-0.04,-0.17,4.79,-0.06,0.05,0.02
0.0,-0.23,4.73,-0.06,0.05,0.02
-0.02,-0.23,4.83,-0.06,0.05,0.02
0.04,-0.27,4.73,-0.06,0.04,0.03
0.0,-0.29,4.77,-0.05,0.03,0.03
0.02,-0.19,4.65,-0.05,0.03,0.03
0.02,-0.27,4.58,-0.04,0.02,0.03
0.02,-0.17,4.54,-0.04,0.02,0.04
0.0,-0.17,4.58,-0.03,0.02,0.04
0.0,-0.17,4.52,-0.03,0.02,0.03
0.0,-0.13,4.5,-0.03,0.02,0.03
0.0,-0.19,4.5,-0.03,0.03,0.03
0.0,-0.21,4.46,-0.04,0.03,0.03
-0.04,-0.19,4.56,-0.04,0.03,0.03
-0.04,-0.23,4.56,-0.04,0.04,0.02
-0.06,-0.21,4.6,-0.04,0.04,0.02
-0.06,-0.29,4.67,-0.04,0.05,0.02
-0.04,-0.34,4.69,-0.03,0.06,0.02
-0.11,-0.29,4.83,-0.02,0.07,0.01
-0.23,-0.31,4.67,-0.02,0.08,0.01
-0.23,-0.29,4.64,-0.02,0.08,0.01
-0.19,-0.36,4.83,-0.02,0.08,0.01
-0.33,-0.33,4.64,-0.02,0.08,0.01
-0.29,-0.31,4.69,-0.02,0.08,0.01
-0.34,-0.36,4.67,-0.02,0.08,0.01
-0.27,-0.36,4.64,-0.02,0.07,0.01
-0.29,-0.36,4.62,-0.02,0.07,0.01
-0.23,-0.31,4.62,-0.02,0.07,0.01
-0.33,-0.25,4.64,-0.02,0.07,0.01
-0.29,-0.23,4.71,-0.03,0.07,0.01
-0.29,-0.25,4.73,-0.03,0.07,0.01
-0.29,-0.27,4.69,-0.03,0.07,0.01
-0.25,-0.25,4.69,-0.03,0.07,0.01
-0.27,-0.27,4.73,-0.03,0.07,0.01
-0.27,-0.27,4.67,-0.03,0.07,0.01
-0.29,-0.31,4.67,-0.03,0.07,0.01
-0.29,-0.25,4.65,-0.03,0.06,0.01
-0.25,-0.34,4.56,-0.03,0.06,0.01
-0.27,-0.34,4.62,-0.02,0.05,0.01
-0.31,-0.34,4.58,-0.02,0.05,0.01
-0.25,-0.33,4.44,-0.02,0.05,0.01
-0.33,-0.38,4.56,-0.02,0.05,0.0
-0.33,-0.42,4.54,-0.02,0.05,0.0
-0.34,-0.46,4.62,-0.01,0.05,0.0
-0.29,-0.44,4.6,-0.01,0.06,0.0
-0.38,-0.4,4.65,-0.01,0.06,0.0
-0.36,-0.33,4.71,-0.01,0.06,0.01
-0.33,-0.34,4.71,-0.01,0.06,0.01
-0.34,-0.4,4.87,-0.0,0.06,0.01
-0.34,-0.34,4.77,0.0,0.05,0.01
-0.31,-0.36,4.83,0.01,0.05,0.01
-0.31,-0.34,4.79,0.02,0.04,0.01
-0.27,-0.29,4.75,0.02,0.04,0.01
-0.36,-0.25,4.71,0.02,0.04,0.01
-0.21,-0.25,4.58,0.02,0.03,0.01
-0.21,-0.29,4.62,0.02,0.03,0.01
-0.23,-0.21,4.5,0.02,0.03,0.01
-0.21,-0.25,4.5,0.02,0.02,0.01
-0.25,-0.23,4.52,0.02,0.02,0.01
-0.15,-0.17,4.54,0.01,0.02,0.01
-0.19,-0.21,4.52,0.01,0.03,0.01
-0.11,-0.23,4.69,0.01,0.03,0.0
-0.31,-0.23,4.75,0.01,0.04,0.0
-0.13,-0.21,4.67,0.01,0.05,-0.0
-0.15,-0.27,4.67,0.01,0.05,-0.0
-0.17,-0.23,4.65,0.02,0.06,-0.0
-0.19,-0.23,4.65,0.03,0.07,-0.01
-0.21,-0.25,4.62,0.03,0.08,-0.01
-0.25,-0.15,4.54,0.04,0.08,-0.01
-0.23,-0.21,4.6,0.03,0.09,-0.01
-0.21,-0.25,4.54,0.03,0.1,-0.01
-0.21,-0.27,4.6,0.02,0.11,-0.0
-0.31,-0.34,4.65,0.02,0.12,-0.01
-0.27,-0.29,4.69,0.01,0.13,-0.01
-0.21,-0.4,4.71,0.0,0.14,-0.01
-0.15,-0.36,4.69,0.01,0.14,-0.01
-0.25,-0.42,4.73,0.01,0.14,-0.01
-0.17,-0.4,4.69,0.03,0.14,-0.01
-0.19,-0.33,4.67,0.04,0.14,-0.01
-0.15,-0.36,4.69,0.06,0.14,-0.01
-0.08,-0.27,4.6,0.07,0.14,-0.01
-0.1,-0.25,4.62,0.07,0.14,-0.01
-0.08,-0.19,4.71,0.07,0.14,-0.01
-0.06,-0.21,4.65,0.06,0.15,-0.01
-0.15,-0.04,4.62,0.05,0.15,-0.01
-0.08,-0.17,4.73,0.04,0.15,-0.01
-0.08,-0.23,4.69,0.04,0.15,-0.01
-0.08,-0.23,4.75,0.03,0.15,-0.01
-0.15,-0.19,4.75,0.03,0.14,-0.01
-0.15,-0.19,4.75,0.03,0.14,-0.01
-0.13,-0.19,4.77,0.03,0.14,-0.01
-0.17,-0.13,4.71,0.04,0.14,-0.01
-0.27,-0.11,4.64,0.04,0.15,-0.01
-0.27,-0.04,4.71,0.04,0.15,-0.01
-0.23,-0.06,4.75,0.03,0.15,-0.01
-0.29,-0.02,4.71,0.03,0.15,-0.01
-0.23,0.0,4.77,0.02,0.14,-0.02
-0.27,0.0,4.71,0.01,0.13,-0.02
-0.21,-0.11,4.64,0.0,0.13,-0.02
-0.17,-0.17,4.62,-0.01,0.13,-0.03
-0.17,-0.17,4.6,-0.01,0.13,-0.03
-0.11,-0.31,4.69,-0.02,0.13,-0.03
-0.15,-0.34,4.64,-0.02,0.14,-0.03
-0.13,-0.48,4.73,-0.02,0.15,-0.03
-0.08,-0.54,4.71,-0.02,0.16,-0.04
-0.1,-0.56,4.73,-0.01,0.17,-0.04
-0.08,-0.5,4.75,0.01,0.18,-0.04
-0.15,-0.65,4.77,0.03,0.19,-0.04
-0.11,-0.59,4.73,0.05,0.19,-0.04
-0.15,-0.48,4.77,0.08,0.2,-0.04
-0.13,-0.44,4.73,0.1,0.2,-0.04
-0.29,-0.21,4.64,0.12,0.2,-0.04
-0.29,-0.1,4.65,0.13,0.2,-0.04
-0.33,0.11,4.56,0.13,0.19,-0.03
-0.44,0.15,4.56,0.13,0.19,-0.03
-0.4,0.17,4.54,0.11,0.2,-0.03
-0.48,0.23,4.56,0.09,0.2,-0.02
-0.63,0.23,4.58,0.06,0.2,-0.02
-0.69,0.17,4.56,0.04,0.2,-0.01
-0.84,0.13,4.56,0.03,0.19,-0.0
-0.94,0.06,4.67,0.02,0.18,0.0
-1.02,-0.02,4.65,0.01,0.16,0.01
-1.03,-0.1,4.62,0.01,0.15,0.03
-1.05,-0.23,4.6,0.01,0.14,0.03
-1.07,-0.25,4.56,0.01,0.13,0.04
-1.05,-0.36,4.6,0.02,0.13,0.04
-1.05,-0.38,4.54,0.03,0.13,0.04
-1.15,-0.52,4.44,0.04,0.13,0.04
-1.17,-0.5,4.65,0.06,0.13,0.04
-1.17,-0.54,4.62,0.07,0.13,0.03
-1.24,-0.4,4.65,0.08,0.13,0.03
-1.23,-0.4,4.58,0.09,0.13,0.02
-1.23,-0.36,4.69,0.1,0.12,0.01
-1.23,-0.33,4.6,0.11,0.12,0.01
-1.23,-0.19,4.58,0.12,0.11,0.0
-1.21,-0.15,4.6,0.12,0.11,0.0
-1.13,-0.08,4.65,0.13,0.11,-0.0
-1.11,0.08,4.58,0.13,0.11,-0.0
-1.19,0.19,4.52,0.13,0.11,-0.0
-1.19,0.19,4.5,0.13,0.11,-0.0
-1.23,0.25,4.5,0.12,0.1,0.01
-1.26,0.25,4.44,0.11,0.09,0.01
-1.32,0.21,4.41,0.09,0.07,0.02
-1.36,0.19,4.44,0.07,0.05,0.03
-1.4,0.17,4.52,0.05,0.03,0.04
-1.42,0.11,4.6,0.03,0.02,0.05
-1.24,0.06,4.62,0.02,0.01,0.06
-1.26,0.1,4.71,0.01,0.01,0.07
-1.15,0.0,4.77,0.01,0.02,0.07
-1.03,-0.02,4.9,0.01,0.03,0.07
-1.07,-0.06,4.87,0.02,0.04,0.07
-1.09,-0.06,4.83,0.03,0.05,0.07
-1.15,-0.08,4.79,0.04,0.04,0.07
-1.17,-0.11,4.79,0.04,0.02,0.07
-1.21,-0.13,4.75,0.04,0.0,0.08
-1.21,-0.13,4.73,0.03,-0.02,0.09
-1.19,-0.19,4.71,0.03,-0.04,0.1
-1.19,-0.13,4.67,0.03,-0.06,0.1
-1.11,-0.04,4.77,0.03,-0.07,0.11
-1.11,0.02,4.71,0.03,-0.09,0.11
-1.13,0.02,4.75,0.04,-0.1,0.12
-1.13,0.11,4.69,0.04,-0.11,0.13
-1.11,0.15,4.77,0.04,-0.12,0.13
-1.11,0.15,4.71,0.04,-0.13,0.13
-1.0,0.11,4.77,0.03,-0.14,0.13
-1.05,0.15,4.69,0.02,-0.15,0.13
-0.94,0.15,4.69,0.01,-0.17,0.13
-0.94,0.15,4.71,0.0,-0.17,0.12
-0.9,0.15,4.77,-0.01,-0.18,0.12
-0.84,0.11,4.69,-0.01,-0.18,0.12
-0.88,0.13,4.71,-0.02,-0.19,0.11
-0.92,0.11,4.71,-0.02,-0.19,0.11
-0.8,0.15,4.71,-0.02,-0.2,0.11
-0.84,0.15,4.81,-0.02,-0.21,0.1
-0.88,0.11,4.79,-0.02,-0.23,0.1
-0.98,0.15,4.75,-0.02,-0.25,0.1
-0.96,0.17,4.79,-0.02,-0.27,0.11
-0.94,0.13,4.81,-0.03,-0.3,0.11
-0.98,0.1,4.75,-0.03,-0.32,0.12
-1.09,0.1,4.75,-0.04,-0.34,0.12
-1.05,0.15,4.73,-0.04,-0.37,0.12
-1.07,0.04,4.67,-0.03,-0.4,0.12
-0.94,-0.02,4.67,-0.03,-0.43,0.12
-0.79,-0.04,4.58,-0.02,-0.46,0.13
-0.75,-0.06,4.52,-0.02,-0.48,0.13
-0.59,-0.04,4.48,-0.02,-0.5,0.13
-0.38,-0.02,4.54,-0.02,-0.5,0.13
-0.27,0.0,4.67,-0.03,-0.5,0.13
-0.21,0.02,4.71,-0.04,-0.48,0.12
-0.06,0.02,4.77,-0.04,-0.46,0.12
-0.08,0.08,4.77,-0.03,-0.45,0.11
0.0,0.1,4.71,-0.02,-0.43,0.11
-0.04,0.11,4.73,-0.02,-0.43,0.11
0.04,0.15,4.87,-0.02,-0.42,0.11
0.04,0.17,4.77,-0.01,-0.42,0.12
0.1,0.25,4.71,-0.01,-0.42,0.12
0.17,0.23,4.77,-0.02,-0.42,0.13
0.23,0.21,4.83,-0.03,-0.43,0.14
0.25,0.25,4.88,-0.03,-0.43,0.14
0.27,0.23,4.83,-0.04,-0.43,0.15
0.33,0.15,4.85,-0.04,-0.44,0.16
0.23,0.15,4.88,-0.05,-0.44,0.16
0.15,0.21,4.85,-0.05,-0.45,0.16
0.08,0.19,4.83,-0.05,-0.46,0.16
0.02,0.15,4.73,-0.04,-0.47,0.16
0.0,0.1,4.65,-0.02,-0.49,0.15
0.02,0.1,4.6,-0.01,-0.5,0.15
0.0,0.15,4.56,-0.01,-0.52,0.15
0.0,0.15,4.56,-0.01,-0.53,0.15
0.04,0.17,4.54,-0.02,-0.55,0.15
0.06,0.15,4.58,-0.03,-0.56,0.15
0.08,0.17,4.6,-0.04,-0.57,0.14
0.11,0.15,4.77,-0.06,-0.58,0.14
0.15,0.15,4.85,-0.07,-0.58,0.14
0.25,0.06,4.96,-0.08,-0.59,0.14
0.27,-0.15,4.79,-0.08,-0.6,0.15
0.36,0.04,4.92,-0.08,-0.61,0.15
0.4,-0.06,4.85,-0.07,-0.63,0.15
0.46,-0.02,4.67,-0.06,-0.65,0.15
0.52,-0.04,4.6,-0.04,-0.67,0.14
0.61,-0.04,4.52,-0.03,-0.69,0.14
0.73,0.04,4.44,-0.02,-0.7,0.14
0.82,0.0,4.33,-0.02,-0.71,0.14
0.92,0.04,4.29,-0.02,-0.71,0.14
1.05,0.1,4.18,-0.02,-0.7,0.14
1.13,0.08,4.08,-0.02,-0.68,0.14
1.11,0.17,4.18,-0.03,-0.66,0.14
1.05,0.17,4.29,-0.04,-0.65,0.14
1.09,0.21,4.35,-0.05,-0.65,0.14
1.19,0.23,4.52,-0.05,-0.66,0.14
1.19,0.21,4.64,-0.05,-0.66,0.15
1.21,0.25,4.65,-0.04,-0.67,0.15
1.3,0.25,4.62,-0.02,-0.67,0.15
1.3,0.27,4.56,-0.01,-0.67,0.16
1.42,0.23,4.5,-0.0,-0.67,0.16
1.42,0.19,4.33,-0.01,-0.66,0.16
1.59,0.13,4.0,-0.02,-0.65,0.16
1.72,-0.17,4.04,-0.02,-0.63,0.16
1.82,-0.38,3.98,-0.03,-0.6,0.16
1.95,-0.46,3.89,-0.04,-0.58,0.15
2.03,-0.57,3.91,-0.04,-0.57,0.14
2.09,-0.73,3.93,-0.04,-0.56,0.13
2.09,-0.69,3.91,-0.04,-0.55,0.12
2.13,-0.65,4.1,-0.04,-0.55,0.12
2.05,-0.56,4.18,-0.03,-0.55,0.11
2.01,-0.42,4.18,-0.02,-0.55,0.11
1.99,-0.29,4.19,0.0,-0.55,0.11
1.95,-0.08,4.23,0.02,-0.55,0.12
1.88,0.08,4.21,0.04,-0.54,0.12
1.82,0.15,4.33,0.05,-0.53,0.12
1.69,0.15,4.46,0.05,-0.52,0.12
1.65,0.17,4.46,0.04,-0.52,0.13
1.69,0.02,4.42,0.03,-0.51,0.13
1.84,-0.19,4.29,0.0,-0.5,0.13
2.03,-0.44,4.18,-0.02,-0.49,0.13
2.13,-0.61,4.0,-0.03,-0.47,0.13
2.36,-0.77,3.85,-0.03,-0.46,0.12
2.43,-0.75,3.77,-0.02,-0.44,0.11
2.62,-0.82,3.52,-0.01,-0.41,0.1
2.82,-0.79,3.43,0.0,-0.39,0.1
2.95,-0.69,3.45,0.02,-0.38,0.09
3.01,-0.46,3.45,0.02,-0.36,0.08
3.03,-0.23,3.56,0.03,-0.35,0.07
3.08,-0.04,3.56,0.03,-0.34,0.06
3.08,0.11,3.66,0.03,-0.33,0.06
3.1,0.19,3.85,0.02,-0.32,0.06
3.01,0.17,4.08,0.01,-0.31,0.06
2.99,0.15,4.16,0.0,-0.3,0.06
2.83,0.1,4.33,-0.02,-0.28,0.05
2.72,-0.08,4.42,-0.04,-0.27,0.05
2.55,-0.21,4.42,-0.06,-0.26,0.04
2.53,-0.5,4.27,-0.07,-0.24,0.03
2.43,-0.79,4.06,-0.08,-0.22,0.03
2.45,-0.98,3.87,-0.08,-0.19,0.02
2.47,-1.09,3.68,-0.07,-0.17,0.02
2.59,-1.23,3.45,-0.05,-0.15,0.02
2.66,-1.15,3.33,-0.05,-0.14,0.01
2.8,-1.11,3.33,-0.04,-0.13,0.01
2.85,-1.03,3.49,-0.05,-0.13,0.0
2.87,-0.98,3.64,-0.04,-0.13,-0.0
2.89,-0.69,3.68,-0.04,-0.13,-0.01
2.87,-0.46,3.81,-0.03,-0.14,-0.01
2.87,-0.29,3.93,-0.02,-0.15,-0.02
2.83,-0.27,3.96,-0.01,-0.17,-0.02
2.8,-0.13,3.89,-0.01,-0.18,-0.02
2.83,-0.15,3.83,-0.02,-0.19,-0.02
2.91,-0.19,3.83,-0.03,-0.19,-0.02
2.99,-0.27,3.89,-0.05,-0.18,-0.02
2.97,-0.38,3.83,-0.07,-0.16,-0.02
2.99,-0.46,3.87,-0.08,-0.15,-0.03
2.95,-0.61,3.89,-0.09,-0.14,-0.03
3.01,-0.8,3.85,-0.1,-0.12,-0.04
3.01,-0.9,3.75,-0.1,-0.11,-0.06
3.06,-1.03,3.79,-0.1,-0.1,-0.07
3.1,-1.07,3.7,-0.1,-0.09,-0.09
3.12,-1.05,3.62,-0.09,-0.08,-0.11
3.14,-1.07,3.77,-0.07,-0.07,-0.13
3.22,-1.03,3.72,-0.06,-0.06,-0.15
3.22,-0.88,3.83,-0.04,-0.05,-0.17
3.24,-0.82,3.77,-0.04,-0.04,-0.19
3.29,-0.65,3.75,-0.03,-0.04,-0.21
3.12,-0.54,3.85,-0.02,-0.04,-0.23
3.22,-0.29,3.77,-0.02,-0.04,-0.24
3.26,-0.17,3.73,-0.02,-0.05,-0.25
3.26,-0.06,3.72,-0.03,-0.07,-0.26
3.29,0.04,3.7,-0.04,-0.08,-0.27
3.28,0.11,3.64,-0.06,-0.08,-0.27
3.29,0.1,3.68,-0.08,-0.09,-0.27
3.33,-0.02,3.68,-0.1,-0.09,-0.28
3.37,-0.1,3.87,-0.12,-0.09,-0.28
3.26,-0.17,3.96,-0.14,-0.09,-0.29
3.26,-0.27,4.04,-0.16,-0.09,-0.3
3.08,-0.4,4.19,-0.17,-0.09,-0.31
2.93,-0.46,4.25,-0.17,-0.1,-0.32
2.83,-0.52,4.31,-0.17,-0.11,-0.33
2.72,-0.5,4.35,-0.16,-0.14,-0.34
2.62,-0.56,4.41,-0.16,-0.16,-0.34
2.49,-0.57,4.37,-0.16,-0.18,-0.34
2.45,-0.56,4.35,-0.16,-0.21,-0.35
2.38,-0.56,4.31,-0.16,-0.25,-0.35
2.24,-0.56,4.31,-0.17,-0.29,-0.35
2.11,-0.56,4.44,-0.17,-0.33,-0.35
1.97,-0.54,4.42,-0.17,-0.38,-0.36
1.88,-0.67,4.42,-0.17,-0.43,-0.36
1.86,-0.59,4.12,-0.16,-0.48,-0.36
1.84,-0.54,4.06,-0.15,-0.53,-0.36
1.86,-0.56,3.89,-0.14,-0.57,-0.36
1.88,-0.48,3.7,-0.13,-0.61,-0.36
2.11,-0.57,3.51,-0.11,-0.65,-0.35
2.28,-0.48,3.28,-0.1,-0.68,-0.35
2.47,-0.38,3.2,-0.09,-0.7,-0.34
2.57,-0.31,3.12,-0.08,-0.71,-0.34
2.82,-0.25,3.06,-0.08,-0.72,-0.34
3.06,-0.11,3.1,-0.08,-0.73,-0.34
3.29,-0.06,3.06,-0.08,-0.74,-0.34
3.49,0.0,2.97,-0.08,-0.75,-0.34
3.66,0.0,2.93,-0.08,-0.76,-0.34
3.7,0.11,2.95,-0.08,-0.77,-0.34
3.81,0.17,2.93,-0.09,-0.78,-0.34
3.98,0.19,2.95,-0.1,-0.8,-0.33
4.02,0.23,2.91,-0.11,-0.81,-0.33
3.89,0.19,2.74,-0.11,-0.82,-0.33
3.73,0.19,2.64,-0.11,-0.83,-0.32
3.54,0.17,2.51,-0.11,-0.86,-0.31
3.22,0.17,2.49,-0.11,-0.88,-0.31
3.05,0.29,2.34,-0.11,-0.92,-0.3
2.85,0.38,2.24,-0.11,-0.95,-0.29
2.64,0.44,2.18,-0.11,-0.98,-0.28
2.53,0.54,2.09,-0.11,-1.0,-0.28
2.47,0.71,1.88,-0.12,-1.01,-0.28
2.57,0.77,1.74,-0.13,-1.03,-0.28
2.66,0.8,1.57,-0.14,-1.04,-0.28
2.8,0.8,1.49,-0.16,-1.05,-0.28
2.97,0.82,1.38,-0.2,-1.07,-0.28
3.24,0.73,1.19,-0.23,-1.08,-0.27
3.52,0.67,1.13,-0.26,-1.1,-0.27
3.79,0.52,1.13,-0.3,-1.11,-0.26
4.04,0.44,1.23,-0.34,-1.13,-0.26
4.29,0.27,1.21,-0.38,-1.14,-0.25
4.64,0.15,1.34,-0.41,-1.15,-0.24
4.79,0.04,1.49,-0.43,-1.16,-0.24
5.0,-0.08,1.69,-0.43,-1.16,-0.23
5.09,-0.15,1.69,-0.41,-1.16,-0.24
5.21,-0.13,1.82,-0.38,-1.16,-0.24
5.32,-0.17,1.93,-0.35,-1.16,-0.24
5.38,-0.06,2.32,-0.31,-1.15,-0.23
5.29,-0.11,2.24,-0.28,-1.15,-0.23
5.31,-0.1,2.24,-0.25,-1.16,-0.23
5.11,0.04,2.2,-0.22,-1.18,-0.22
4.96,0.15,2.01,-0.19,-1.19,-0.22
4.79,0.17,1.76,-0.17,-1.2,-0.21
4.56,0.29,1.67,-0.16,-1.21,-0.2
4.27,0.4,1.42,-0.17,-1.2,-0.19
3.85,0.52,1.34,-0.17,-1.2,-0.19
3.56,0.56,1.21,-0.17,-1.19,-0.18
3.31,0.54,1.19,-0.17,-1.19,-0.17
2.93,0.59,1.03,-0.17,-1.19,-0.16
2.7,0.54,1.02,-0.17,-1.2,-0.16
2.53,0.59,1.02,-0.17,-1.22,-0.16
2.38,0.52,1.0,-0.17,-1.25,-0.16
2.28,0.44,1.0,-0.17,-1.29,-0.16
2.2,0.48,0.96,-0.18,-1.34,-0.16
2.36,0.46,0.86,-0.18,-1.38,-0.16
2.53,0.46,0.73,-0.18,-1.42,-0.15
2.74,0.44,0.54,-0.18,-1.44,-0.14
3.18,0.4,0.33,-0.18,-1.46,-0.14
3.51,0.38,0.1,-0.18,-1.46,-0.14
4.02,0.38,-0.08,-0.18,-1.45,-0.15
4.25,0.48,-0.19,-0.19,-1.42,-0.17
4.46,0.46,-0.25,-0.21,-1.37,-0.19
4.81,0.57,-0.31,-0.24,-1.31,-0.2
5.06,0.59,-0.34,-0.27,-1.25,-0.22
5.29,0.56,-0.34,-0.31,-1.18,-0.22
5.5,0.42,-0.33,-0.34,-1.11,-0.22
5.78,0.25,-0.38,-0.37,-1.06,-0.22
5.98,0.02,-0.48,-0.38,-1.0,-0.2
6.21,-0.13,-0.59,-0.38,-0.95,-0.17
6.47,-0.36,-0.63,-0.36,-0.89,-0.15
6.74,-0.59,-0.67,-0.34,-0.81,-0.12
6.91,-0.63,-0.4,-0.32,-0.7,-0.09
7.11,-0.63,-0.17,-0.3,-0.58,-0.06
7.3,-0.48,0.19,-0.29,-0.46,-0.03
7.26,-0.38,0.57,-0.28,-0.33,-0.01
7.55,-0.21,0.86,-0.26,-0.2,0.02
8.14,-0.15,1.15,-0.23,-0.09,0.06
8.68,-0.1,1.07,-0.19,0.03,0.1
9.17,-0.11,1.15,-0.16,0.15,0.13
9.48,-0.06,1.13,-0.14,0.26,0.14
9.69,0.11,1.17,-0.1,0.37,0.13
9.48,0.1,1.19,-0.06,0.45,0.1
9.08,0.25,1.05,-0.01,0.5,0.05
8.39,0.4,1.02,0.05,0.52,-0.0
7.49,0.71,1.02,0.13,0.5,-0.06
6.63,1.09,0.88,0.23,0.46,-0.1
5.9,1.34,0.67,0.32,0.4,-0.13
5.21,1.65,0.52,0.4,0.33,-0.13
4.64,1.82,0.4,0.45,0.27,-0.11
4.12,1.93,0.33,0.46,0.22,-0.07
3.72,1.9,0.27,0.43,0.17,-0.02
3.54,1.82,0.29,0.37,0.13,0.05
3.35,1.67,0.33,0.29,0.11,0.11
3.26,1.4,0.36,0.21,0.1,0.17
3.29,1.13,0.38,0.12,0.09,0.22
3.39,0.82,0.5,0.03,0.09,0.27
3.56,0.5,0.65,-0.04,0.08,0.31
3.79,0.19,0.84,-0.1,0.07,0.34
4.08,-0.25,1.02,-0.14,0.06,0.36
4.44,-0.54,1.11,-0.16,0.05,0.36
4.69,-0.71,1.26,-0.16,0.04,0.34
4.92,-0.82,1.47,-0.13,0.03,0.31
5.29,-0.73,1.63,-0.08,0.01,0.26
5.31,-0.79,1.53,-0.01,-0.01,0.2
5.32,-0.69,1.38,0.07,-0.02,0.13
5.21,-0.5,1.15,0.15,-0.02,0.07
5.06,-0.29,0.86,0.22,-0.02,0.01
4.9,0.0,0.65,0.28,-0.01,-0.04
4.48,0.17,0.36,0.32,0.01,-0.08
4.14,0.29,0.25,0.34,0.04,-0.09
3.81,0.38,0.06,0.34,0.06,-0.08
3.7,0.38,-0.21,0.32,0.07,-0.06
3.66,0.29,-0.36,0.3,0.07,-0.02
3.72,0.15,-0.5,0.25,0.06,0.01
3.89,0.13,-0.38,0.19,0.05,0.05
4.1,-0.06,-0.36,0.12,0.03,0.08
4.27,-0.17,-0.34,0.06,0.02,0.1
4.41,-0.25,-0.13,-0.0,-0.0,0.11
4.69,-0.27,-0.06,-0.04,-0.01,0.12
4.87,-0.29,0.11,-0.06,-0.03,0.11
4.96,-0.25,0.23,-0.06,-0.04,0.08
5.06,-0.19,0.19,-0.06,-0.05,0.05
5.23,-0.23,0.19,-0.05,-0.07,0.02
5.32,-0.19,0.1,-0.04,-0.07,-0.02
5.23,-0.23,-0.02,-0.03,-0.08,-0.05
5.15,-0.08,-0.04,-0.03,-0.09,-0.08
5.04,-0.1,-0.1,-0.03,-0.09,-0.11
4.87,0.0,0.06,-0.04,-0.1,-0.12
4.83,0.0,0.1,-0.05,-0.12,-0.13
4.81,-0.06,0.17,-0.06,-0.13,-0.14
4.83,-0.08,0.23,-0.07,-0.15,-0.14
4.79,-0.1,0.27,-0.08,-0.16,-0.13
4.88,-0.15,0.19,-0.1,-0.16,-0.13
4.94,-0.23,0.13,-0.1,-0.17,-0.12
4.96,-0.27,-0.06,-0.11,-0.17,-0.1
4.96,-0.25,-0.27,-0.11,-0.16,-0.09
4.9,-0.34,-0.36,-0.11,-0.16,-0.07
4.98,-0.44,-0.46,-0.11,-0.16,-0.05
5.06,-0.52,-0.59,-0.11,-0.15,-0.03
5.09,-0.5,-0.73,-0.1,-0.15,-0.02
5.11,-0.44,-0.86,-0.09,-0.14,-0.01
5.19,-0.42,-0.9,-0.08,-0.13,0.0
5.25,-0.4,-0.86,-0.06,-0.12,0.01
5.13,-0.29,-0.86,-0.04,-0.11,0.01
5.17,-0.23,-0.84,-0.02,-0.1,0.02
5.13,-0.08,-0.79,-0.01,-0.09,0.02
5.08,-0.06,-0.84,-0.01,-0.08,0.02
5.15,0.15,-0.56,-0.02,-0.06,0.01
5.11,0.19,-0.4,-0.02,-0.06,0.0
5.06,0.23,-0.4,-0.03,-0.06,-0.01
4.98,0.21,-0.36,-0.03,-0.05,-0.01
4.96,0.36,-0.25,-0.04,-0.06,-0.02
4.92,0.38,-0.25,-0.04,-0.06,-0.03
4.88,0.4,-0.19,-0.04,-0.06,-0.03
4.9,0.4,-0.17,-0.04,-0.06,-0.03
4.83,0.4,-0.21,-0.05,-0.06,-0.02
4.83,0.42,-0.13,-0.05,-0.06,-0.02
4.83,0.36,-0.1,-0.06,-0.06,-0.01
4.79,0.4,-0.13,-0.06,-0.07,-0.01
4.83,0.33,-0.13,-0.06,-0.07,-0.0
4.81,0.36,-0.15,-0.06,-0.08,0.0
4.83,0.19,-0.23,-0.07,-0.09,0.01
4.87,0.15,-0.15,-0.07,-0.1,0.01
4.85,0.17,-0.27,-0.07,-0.11,0.02
4.85,0.1,-0.27,-0.07,-0.11,0.02
4.85,-0.02,-0.21,-0.07,-0.12,0.02
4.83,0.06,-0.19,-0.07,-0.13,0.01
4.88,0.06,-0.29,-0.06,-0.13,0.01
4.85,0.04,-0.15,-0.06,-0.13,0.0
4.83,0.15,-0.08,-0.05,-0.13,-0.01
4.81,0.17,-0.19,-0.04,-0.12,-0.01
4.87,0.15,-0.15,-0.03,-0.11,-0.02
4.85,0.27,-0.13,-0.01,-0.1,-0.02
4.88,0.31,-0.13,-0.0,-0.1,-0.02
4.9,0.34,-0.17,0.01,-0.1,-0.01
4.9,0.48,-0.29,0.02,-0.1,-0.01
4.98,0.48,-0.29,0.02,-0.1,-0.01
5.0,0.54,-0.33,0.03,-0.1,-0.0
5.04,0.54,-0.42,0.03,-0.11,0.0
5.08,0.54,-0.46,0.03,-0.1,0.01
5.02,0.48,-0.5,0.03,-0.1,0.01
5.06,0.4,-0.69,0.02,-0.1,0.01
5.11,0.27,-0.65,0.01,-0.1,0.02
5.09,0.29,-0.67,0.0,-0.1,0.02
5.11,0.27,-0.69,-0.01,-0.09,0.02
5.04,0.15,-0.75,-0.01,-0.08,0.02
5.0,0.04,-0.71,-0.02,-0.06,0.02
4.96,0.04,-0.67,-0.03,-0.05,0.02
4.9,0.02,-0.57,-0.03,-0.04,0.02
4.92,0.04,-0.36,-0.03,-0.03,0.02
4.88,0.06,-0.46,-0.02,-0.02,0.02
4.9,0.11,-0.42,-0.02,-0.01,0.02
4.9,0.08,-0.38,-0.01,-0.01,0.02
4.9,0.15,-0.38,-0.01,-0.0,0.01
4.9,0.15,-0.38,-0.01,0.0,0.01
4.92,0.17,-0.34,-0.02,0.01,0.01
4.94,0.19,-0.38,-0.03,0.01,0.0
4.98,0.23,-0.4,-0.04,0.01,-0.0
4.96,0.17,-0.38,-0.05,0.01,-0.01
4.98,0.21,-0.31,-0.05,0.0,-0.02
4.94,0.17,-0.33,-0.06,0.0,-0.03
4.94,0.11,-0.36,-0.07,-0.0,-0.04
4.88,0.13,-0.38,-0.07,-0.01,-0.05
4.88,0.08,-0.34,-0.07,-0.02,-0.05
4.83,0.08,-0.46,-0.07,-0.02,-0.06
4.73,0.06,-0.48,-0.06,-0.03,-0.06
4.73,0.13,-0.57,-0.06,-0.04,-0.06
4.67,0.06,-0.67,-0.06,-0.04,-0.06
4.64,0.02,-0.73,-0.06,-0.04,-0.06
4.64,0.08,-0.75,-0.06,-0.04,-0.06
4.69,0.04,-0.69,-0.06,-0.04,-0.05
4.65,0.0,-0.65,-0.06,-0.04,-0.05
4.75,0.06,-0.75,-0.06,-0.04,-0.04
4.73,0.04,-0.71,-0.05,-0.03,-0.04
4.85,0.1,-0.86,-0.05,-0.02,-0.03
4.94,0.1,-0.88,-0.04,-0.02,-0.03
5.04,0.13,-0.86,-0.03,-0.01,-0.03
5.09,0.08,-0.86,-0.03,-0.0,-0.02
5.27,0.08,-0.82,-0.03,0.01,-0.02
5.36,0.15,-0.84,-0.03,0.01,-0.02
5.38,0.15,-0.75,-0.02,0.03,-0.01
5.44,0.13,-0.69,-0.02,0.04,-0.01
5.48,0.13,-0.57,-0.02,0.04,-0.01
5.48,0.17,-0.59,-0.01,0.05,-0.01
5.44,0.15,-0.61,-0.01,0.05,-0.02
5.44,0.17,-0.67,-0.0,0.05,-0.02
5.42,0.15,-0.65,0.0,0.06,-0.02
5.29,0.19,-0.69,0.0,0.06,-0.02
5.19,0.17,-0.69,0.01,0.06,-0.02
5.13,0.17,-0.63,0.0,0.05,-0.02
5.0,0.17,-0.75,-0.0,0.05,-0.02
4.9,0.17,-0.75,-0.01,0.05,-0.01
4.9,0.23,-0.75,-0.02,0.05,-0.01
4.9,0.31,-0.73,-0.04,0.05,-0.01
4.69,0.21,-0.67,-0.05,0.06,-0.0
4.77,0.17,-0.63,-0.06,0.06,0.0
4.71,0.15,-0.61,-0.07,0.07,0.0
4.67,0.19,-0.52,-0.07,0.08,0.01
4.73,0.15,-0.42,-0.08,0.08,0.01
4.65,0.15,-0.44,-0.08,0.09,0.01
4.67,0.11,-0.56,-0.08,0.09,0.01
4.73,0.13,-0.46,-0.07,0.1,0.0
4.69,0.08,-0.38,-0.07,0.1,-0.0
4.77,0.15,-0.42,-0.06,0.11,-0.0
4.81,0.11,-0.38,-0.06,0.11,-0.01
4.81,0.13,-0.36,-0.05,0.12,-0.01
4.83,0.11,-0.36,-0.05,0.12,-0.02
4.79,0.08,-0.33,-0.04,0.13,-0.02
4.83,0.08,-0.31,-0.04,0.13,-0.02
4.87,0.15,-0.31,-0.03,0.14,-0.03
4.9,0.11,-0.34,-0.02,0.14,-0.03
4.9,0.06,-0.36,-0.01,0.14,-0.03
4.9,0.08,-0.34,0.0,0.14,-0.03
4.9,0.15,-0.34,0.01,0.14,-0.03
5.08,0.19,-0.36,0.01,0.14,-0.03
4.94,0.15,-0.34,0.02,0.13,-0.03
4.94,0.15,-0.36,0.02,0.13,-0.03
4.94,0.17,-0.38,0.02,0.12,-0.03
4.96,0.25,-0.36,0.02,0.11,-0.03
4.94,0.25,-0.38,0.02,0.11,-0.03
4.94,0.23,-0.38,0.02,0.1,-0.03
5.04,0.25,-0.36,0.02,0.09,-0.03
5.02,0.27,-0.4,0.01,0.08,-0.03
4.98,0.34,-0.36,0.01,0.07,-0.03
4.9,0.31,-0.38,0.0,0.07,-0.03
5.0,0.31,-0.33,0.0,0.07,-0.03
4.94,0.36,-0.42,-0.0,0.06,-0.02
4.94,0.27,-0.38,-0.0,0.06,-0.02
4.9,0.33,-0.44,-0.01,0.06,-0.02
4.9,0.34,-0.48,-0.01,0.06,-0.02
4.94,0.31,-0.5,-0.01,0.06,-0.01
4.94,0.21,-0.44,-0.01,0.06,-0.01
4.92,0.17,-0.38,-0.01,0.07,-0.01
4.94,0.19,-0.36,-0.01,0.07,-0.01
4.87,0.25,-0.38,-0.01,0.07,-0.01
4.9,0.21,-0.36,-0.01,0.07,-0.01
4.98,0.23,-0.46,-0.01,0.07,-0.01
4.92,0.19,-0.34,-0.01,0.06,-0.01
4.98,0.19,-0.38,-0.0,0.06,-0.01
4.94,0.21,-0.38,-0.0,0.06,-0.01
4.94,0.19,-0.38,0.0,0.06,-0.01
5.0,0.21,-0.38,0.0,0.05,-0.01
4.92,0.21,-0.38,0.0,0.05,-0.01
4.98,0.21,-0.38,0.01,0.05,-0.01
4.9,0.25,-0.36,0.01,0.05,-0.01
4.9,0.23,-0.34,0.01,0.05,-0.01
4.92,0.25,-0.44,0.01,0.05,-0.0
4.9,0.31,-0.38,0.01,0.05,-0.0
4.9,0.29,-0.4,0.01,0.05,-0.0
4.9,0.33,-0.34,0.0,0.05,-0.0
4.87,0.29,-0.34,0.0,0.05,-0.0
4.88,0.25,-0.38,0.0,0.05,-0.0
4.94,0.23,-0.36,-0.0,0.05,-0.0
4.92,0.31,-0.34,-0.01,0.05,-0.0
4.92,0.19,-0.38,-0.01,0.05,-0.0
4.9,0.21,-0.38,-0.01,0.05,-0.0
4.9,0.21,-0.34,-0.01,0.05,-0.0
4.87,0.29,-0.34,-0.01,0.05,-0.0
5.06,0.23,-0.23,-0.01,0.05,-0.01
4.88,0.19,-0.34,-0.02,0.05,-0.01
4.9,0.23,-0.34,-0.02,0.05,-0.01
4.92,0.21,-0.36,-0.02,0.05,-0.01
4.9,0.19,-0.33,-0.02,0.05,-0.01
4.87,0.15,-0.4,-0.02,0.05,-0.01
4.9,0.15,-0.29,-0.02,0.05,-0.01
4.96,0.13,-0.38,-0.02,0.05,-0.01
4.9,0.19,-0.38,-0.02,0.05,-0.01
4.94,0.15,-0.36,-0.02,0.05,-0.01
4.96,0.15,-0.31,-0.02,0.04,-0.01
4.9,0.17,-0.38,-0.02,0.04,-0.01
4.9,0.15,-0.36,-0.01,0.04,-0.0
4.92,0.15,-0.34,-0.01,0.04,-0.0
4.92,0.17,-0.36,-0.0,0.04,-0.0
4.9,0.15,-0.34,-0.0,0.05,-0.01
4.9,0.15,-0.38,-0.0,0.05,-0.0
4.9,0.15,-0.42,-0.0,0.05,-0.01
4.9,0.15,-0.4,-0.0,0.05,-0.01
4.9,0.17,-0.38,-0.01,0.05,-0.01
4.92,0.19,-0.31,-0.01,0.05,-0.01
4.92,0.17,-0.38,-0.01,0.05,-0.01
4.87,0.19,-0.34,-0.01,0.05,-0.01
4.9,0.19,-0.34,-0.01,0.05,-0.01
4.9,0.17,-0.33,-0.01,0.05,-0.01
4.87,0.19,-0.23,-0.01,0.05,-0.01
4.88,0.19,-0.36,-0.01,0.05,-0.01
4.88,0.21,-0.33,-0.01,0.05,-0.01
4.9,0.17,-0.33,-0.0,0.05,-0.01
4.92,0.23,-0.33,-0.0,0.05,-0.01
4.9,0.19,-0.34,-0.0,0.05,-0.01
4.88,0.25,-0.34,0.0,0.05,-0.01
4.9,0.17,-0.38,0.0,0.05,-0.01
4.94,0.19,-0.34,0.0,0.05,-0.01
4.87,0.19,-0.33,0.0,0.05,-0.01
4.9,0.21,-0.36,0.0,0.05,-0.01
4.9,0.31,-0.33,0.0,0.05,-0.01
4.88,0.27,-0.33,-0.0,0.05,-0.01
4.87,0.25,-0.29,-0.0,0.05,-0.01
4.94,0.21,-0.31,-0.01,0.05,-0.01
4.9,0.27,-0.36,-0.01,0.05,-0.01
4.9,0.21,-0.29,-0.01,0.05,-0.01
4.9,0.17,-0.33,-0.01,0.05,-0.01
4.96,0.19,-0.36,-0.01,0.05,-0.01
4.94,0.13,-0.33,-0.01,0.04,-0.01
4.9,0.17,-0.34,-0.01,0.04,-0.0
4.92,0.17,-0.29,-0.0,0.04,-0.0
4.92,0.19,-0.34,-0.0,0.04,-0.0
4.92,0.15,-0.36,0.0,0.04,-0.0
4.92,0.21,-0.38,0.0,0.04,-0.0
4.9,0.21,-0.38,0.0,0.04,-0.0
4.88,0.23,-0.36,0.0,0.04,-0.0
4.94,0.19,-0.38,0.0,0.04,-0.0
4.92,0.25,-0.36,0.0,0.04,-0.0
4.92,0.21,-0.38,0.0,0.04,-0.0
4.9,0.23,-0.38,0.0,0.04,-0.0
4.92,0.25,-0.34,0.01,0.04,-0.0
4.92,0.27,-0.36,0.01,0.04,-0.01
4.87,0.25,-0.36,0.01,0.05,-0.01
4.92,0.19,-0.38,0.01,0.05,-0.01
4.87,0.29,-0.25,0.01,0.05,-0.01
4.98,0.25,-0.36,0.01,0.05,-0.01
4.88,0.21,-0.36,0.0,0.05,-0.01
4.9,0.19,-0.33,-0.0,0.05,-0.01
4.87,0.27,-0.36,-0.0,0.05,-0.01
5.0,0.31,-0.31,-0.01,0.05,-0.0
4.96,0.19,-0.31,-0.01,0.05,-0.0
4.98,0.19,-0.33,-0.01,0.05,-0.0
4.9,0.21,-0.27,-0.01,0.05,-0.0
4.92,0.25,-0.36,-0.01,0.04,-0.0
4.92,0.21,-0.25,-0.01,0.04,-0.0
4.92,0.19,-0.29,-0.01,0.04,-0.0
4.94,0.23,-0.36,-0.01,0.03,-0.0
4.96,0.17,-0.36,-0.01,0.04,-0.0
4.9,0.25,-0.38,-0.01,0.03,-0.0
4.9,0.27,-0.34,-0.01,0.03,-0.0
4.94,0.19,-0.33,-0.01,0.04,-0.0
4.9,0.21,-0.38,-0.01,0.04,-0.0
4.92,0.19,-0.38,-0.01,0.04,-0.01
4.88,0.15,-0.33,-0.01,0.04,-0.01
4.9,0.17,-0.31,-0.01,0.04,-0.01
4.88,0.15,-0.29,-0.0,0.04,-0.01
4.85,0.15,-0.34,-0.0,0.05,-0.01
4.88,0.17,-0.36,0.0,0.05,-0.0
4.94,0.19,-0.38,0.01,0.05,-0.0
4.92,0.17,-0.36,0.01,0.05,-0.0
4.88,0.19,-0.25,0.01,0.05,-0.0
4.9,0.23,-0.29,0.02,0.05,-0.0
4.92,0.23,-0.31,0.02,0.05,-0.0
4.92,0.29,-0.4,0.02,0.05,-0.0
4.96,0.25,-0.27,0.01,0.05,-0.01
4.9,0.33,-0.36,0.01,0.05,-0.01
4.96,0.25,-0.33,0.01,0.05,-0.01
4.9,0.33,-0.38,0.0,0.04,-0.01
4.9,0.29,-0.34,-0.01,0.04,-0.01
4.92,0.33,-0.38,-0.01,0.04,-0.01
4.9,0.33,-0.36,-0.02,0.04,-0.01
4.9,0.25,-0.34,-0.02,0.04,-0.01
4.9,0.21,-0.34,-0.02,0.04,-0.01
4.87,0.21,-0.34,-0.02,0.04,-0.01
4.9,0.21,-0.34,-0.02,0.04,-0.01
4.88,0.27,-0.23,-0.02,0.04,-0.01
4.9,0.19,-0.31,-0.02,0.04,-0.01
4.88,0.27,-0.34,-0.01,0.04,-0.01
4.9,0.21,-0.34,-0.01,0.04,-0.01
4.92,0.17,-0.34,-0.01,0.04,-0.0
4.9,0.23,-0.33,-0.01,0.04,-0.0
4.94,0.27,-0.33,-0.01,0.04,-0.0
4.92,0.29,-0.36,-0.0,0.04,-0.0
4.96,0.27,-0.33,-0.0,0.04,-0.0
4.88,0.27,-0.34,-0.0,0.04,-0.0
4.9,0.23,-0.34,0.0,0.04,-0.0
4.94,0.23,-0.36,-0.0,0.04,-0.0
4.92,0.29,-0.33,-0.0,0.04,0.0
4.9,0.19,-0.33,-0.0,0.04,0.0
4.87,0.27,-0.34,-0.01,0.04,0.0
4.88,0.25,-0.34,-0.01,0.04,-0.0
4.96,0.23,-0.25,-0.01,0.04,0.0
4.92,0.23,-0.27,-0.01,0.04,0.0
4.92,0.21,-0.27,-0.01,0.04,0.0
4.9,0.25,-0.27,-0.01,0.04,-0.0
4.88,0.23,-0.29,-0.01,0.04,-0.0
4.85,0.21,-0.31,-0.01,0.04,-0.0
4.92,0.19,-0.29,-0.01,0.04,-0.0
4.9,0.27,-0.31,-0.01,0.04,-0.0
4.9,0.25,-0.34,-0.01,0.04,-0.0
4.9,0.25,-0.36,-0.01,0.04,-0.0
4.92,0.19,-0.36,-0.01,0.04,-0.0
4.87,0.29,-0.34,-0.02,0.04,-0.0
4.92,0.23,-0.36,-0.02,0.04,-0.0
4.92,0.19,-0.36,-0.02,0.04,-0.0
5.06,0.42,-0.38,-0.02,0.04,-0.0
4.9,0.25,-0.31,-0.02,0.04,-0.0
4.92,0.21,-0.34,-0.02,0.04,-0.0
4.9,0.15,-0.34,-0.02,0.04,-0.0
4.94,0.17,-0.36,-0.02,0.04,-0.0
4.92,0.25,-0.29,-0.02,0.04,-0.0
4.92,0.17,-0.23,-0.02,0.04,-0.0
4.94,0.19,-0.29,-0.02,0.04,-0.0
4.88,0.23,-0.25,-0.02,0.04,-0.0
4.92,0.19,-0.31,-0.02,0.04,-0.0
4.9,0.25,-0.27,-0.02,0.04,-0.0
4.92,0.25,-0.29,-0.02,0.04,0.0
4.88,0.29,-0.31,-0.02,0.04,0.0
4.94,0.27,-0.36,-0.02,0.03,0.0
4.96,0.15,-0.31,-0.03,0.03,0.0
4.94,0.23,-0.31,-0.03,0.03,0.01
4.92,0.23,-0.29,-0.03,0.03,0.01
4.9,0.23,-0.31,-0.03,0.03,0.01
4.94,0.21,-0.34,-0.03,0.03,0.01
4.9,0.27,-0.38,-0.03,0.03,0.01
4.88,0.19,-0.33,-0.03,0.03,0.01
4.94,0.21,-0.29,-0.03,0.03,0.01
4.87,0.38,-0.52,-0.03,0.03,0.0
4.87,0.29,-0.38,-0.03,0.04,0.0
4.9,0.29,-0.33,-0.03,0.04,0.0
4.9,0.25,-0.27,-0.03,0.04,0.0
4.88,0.27,-0.27,-0.03,0.04,0.0
4.92,0.21,-0.27,-0.03,0.04,0.0
4.92,0.25,-0.27,-0.03,0.04,0.0
4.9,0.27,-0.29,-0.03,0.04,0.0
4.88,0.27,-0.33,-0.03,0.04,0.0
4.92,0.25,-0.29,-0.03,0.04,0.0
4.9,0.25,-0.29,-0.03,0.04,0.0
4.92,0.25,-0.25,-0.03,0.03,0.0
4.9,0.23,-0.33,-0.03,0.03,0.0
4.92,0.25,-0.33,-0.03,0.03,0.0
4.92,0.21,-0.33,-0.04,0.03,0.0
4.92,0.23,-0.33,-0.04,0.02,0.0
4.9,0.21,-0.31,-0.04,0.02,0.0
4.88,0.25,-0.36,-0.04,0.02,0.0
4.85,0.21,-0.34,-0.04,0.02,0.0
4.92,0.19,-0.31,-0.04,0.02,0.0
4.9,0.19,-0.27,-0.04,0.03,0.0
4.9,0.23,-0.21,-0.04,0.03,0.0
4.88,0.21,-0.31,-0.04,0.03,0.0
4.92,0.27,-0.27,-0.04,0.03,0.0
4.9,0.25,-0.29,-0.04,0.03,-0.0
4.87,0.23,-0.34,-0.04,0.04,0.0
4.88,0.25,-0.23,-0.04,0.04,0.0
4.9,0.17,-0.31,-0.04,0.04,0.0
4.88,0.19,-0.31,-0.04,0.04,0.0
4.9,0.21,-0.31,-0.04,0.04,0.0
4.92,0.17,-0.29,-0.04,0.04,0.0
4.9,0.19,-0.27,-0.03,0.03,0.0
4.88,0.21,-0.31,-0.03,0.03,0.0
4.92,0.23,-0.29,-0.03,0.03,0.0
4.9,0.21,-0.33,-0.03,0.03,0.0
4.9,0.23,-0.36,-0.03,0.02,0.01
4.96,0.19,-0.33,-0.03,0.02,0.01
4.9,0.17,-0.38,-0.03,0.02,0.01
4.94,0.15,-0.33,-0.03,0.02,0.01
5.0,0.15,-0.33,-0.03,0.01,0.0
4.92,0.21,-0.36,-0.03,0.01,0.0
4.92,0.17,-0.36,-0.02,0.01,0.0
5.0,0.17,-0.38,-0.02,0.01,0.0
4.94,0.25,-0.23,-0.02,0.01,-0.0
4.92,0.15,-0.38,-0.01,0.02,-0.0
4.9,0.19,-0.36,-0.0,0.02,-0.01
4.88,0.19,-0.36,-0.0,0.02,-0.01
4.9,0.25,-0.4,0.0,0.03,-0.01
4.94,0.21,-0.36,0.0,0.03,-0.01
4.88,0.23,-0.31,0.0,0.03,-0.01
4.9,0.21,-0.31,0.0,0.04,-0.01
4.9,0.27,-0.34,0.0,0.04,-0.01
4.94,0.21,-0.23,-0.0,0.04,-0.01
4.92,0.27,-0.27,-0.0,0.04,-0.0
4.9,0.27,-0.29,-0.01,0.04,-0.0
4.94,0.21,-0.34,-0.01,0.04,-0.0
4.9,0.25,-0.34,-0.02,0.04,0.0
4.92,0.27,-0.31,-0.02,0.04,0.0
4.94,0.15,-0.33,-0.02,0.04,0.0
4.94,0.23,-0.36,-0.02,0.03,0.0
4.92,0.21,-0.34,-0.02,0.03,0.0
4.88,0.23,-0.36,-0.02,0.03,0.0
4.83,0.29,-0.33,-0.03,0.03,0.0
4.92,0.23,-0.34,-0.03,0.03,0.0
4.94,0.21,-0.27,-0.03,0.03,-0.0
4.9,0.25,-0.33,-0.03,0.02,-0.0
4.9,0.23,-0.33,-0.03,0.02,-0.0
4.9,0.21,-0.33,-0.03,0.02,-0.0
4.94,0.19,-0.36,-0.03,0.02,-0.0
4.9,0.23,-0.4,-0.03,0.02,-0.0
4.94,0.19,-0.38,-0.03,0.02,-0.0
4.92,0.17,-0.38,-0.03,0.02,-0.0
4.9,0.17,-0.34,-0.02,0.02,-0.0
4.92,0.17,-0.36,-0.02,0.02,-0.0
4.92,0.19,-0.38,-0.01,0.02,-0.0
4.94,0.23,-0.34,-0.01,0.02,-0.0
4.94,0.25,-0.38,-0.01,0.03,-0.0
4.92,0.17,-0.36,-0.01,0.03,-0.0
4.9,0.17,-0.36,-0.0,0.03,-0.0
4.94,0.23,-0.38,-0.0,0.03,-0.0
4.92,0.27,-0.38,-0.01,0.04,-0.0
4.94,0.17,-0.44,-0.01,0.04,-0.0
4.92,0.23,-0.42,-0.01,0.04,-0.0
4.92,0.25,-0.38,-0.01,0.04,-0.0
4.94,0.25,-0.38,-0.01,0.04,-0.0
4.96,0.25,-0.38,-0.01,0.04,-0.0
4.9,0.27,-0.36,-0.01,0.04,-0.0
4.96,0.11,-0.4,-0.01,0.04,-0.0
4.88,0.25,-0.29,-0.02,0.04,-0.0
4.92,0.23,-0.34,-0.02,0.04,-0.0
4.92,0.23,-0.27,-0.02,0.04,-0.0
4.94,0.31,-0.34,-0.02,0.04,-0.0
4.87,0.25,-0.34,-0.02,0.04,-0.0
4.92,0.21,-0.31,-0.02,0.04,-0.0
4.96,0.25,-0.29,-0.02,0.04,-0.0
4.92,0.21,-0.34,-0.02,0.03,-0.0
4.9,0.25,-0.34,-0.02,0.03,-0.0
4.92,0.21,-0.4,-0.02,0.03,-0.0
4.94,0.19,-0.33,-0.02,0.03,0.0
4.92,0.17,-0.36,-0.02,0.03,0.0
4.88,0.29,-0.34,-0.02,0.03,0.0
4.9,0.23,-0.36,-0.02,0.03,0.0
4.9,0.27,-0.38,-0.03,0.03,0.0
4.92,0.17,-0.42,-0.03,0.03,0.0
4.92,0.19,-0.36,-0.03,0.03,0.0
4.87,0.25,-0.42,-0.03,0.03,0.0
4.87,0.19,-0.33,-0.03,0.03,0.0
4.9,0.15,-0.33,-0.02,0.04,0.0
4.96,0.33,-0.29,-0.02,0.04,0.0
4.92,0.19,-0.34,-0.02,0.04,0.0
4.87,0.17,-0.34,-0.01,0.04,-0.0
4.96,0.19,-0.36,-0.01,0.04,-0.0
4.94,0.17,-0.34,-0.0,0.04,-0.0
4.88,0.23,-0.38,0.0,0.04,-0.01
4.88,0.27,-0.38,0.0,0.04,-0.01
4.92,0.29,-0.36,-0.0,0.04,-0.01
4.87,0.27,-0.36,-0.0,0.04,-0.01
4.94,0.29,-0.34,-0.01,0.04,-0.01
4.92,0.31,-0.38,-0.01,0.04,-0.01
4.88,0.31,-0.27,-0.01,0.04,-0.01
4.87,0.29,-0.33,-0.02,0.04,-0.01
4.92,0.19,-0.36,-0.02,0.04,-0.01
4.94,0.23,-0.33,-0.02,0.04,-0.01
4.92,0.21,-0.34,-0.02,0.04,-0.01
4.92,0.19,-0.34,-0.02,0.04,-0.01
4.94,0.21,-0.36,-0.02,0.04,-0.01
4.92,0.19,-0.34,-0.01,0.04,-0.01
4.96,0.21,-0.34,-0.01,0.03,-0.01
4.9,0.23,-0.34,-0.01,0.04,-0.01
4.92,0.23,-0.36,-0.01,0.04,-0.01
5.02,0.31,-0.23,-0.01,0.04,-0.01
4.92,0.25,-0.38,-0.01,0.04,-0.01
4.92,0.27,-0.36,-0.01,0.04,-0.01
4.87,0.25,-0.38,-0.01,0.04,-0.01
4.9,0.21,-0.34,-0.01,0.04,-0.0
4.9,0.25,-0.38,-0.01,0.04,-0.0
4.9,0.27,-0.4,-0.01,0.04,-0.0
4.92,0.23,-0.36,-0.01,0.04,-0.0
4.92,0.21,-0.36,-0.0,0.04,-0.0
4.92,0.19,-0.36,-0.0,0.04,-0.0
4.94,0.19,-0.34,-0.0,0.04,-0.0
4.88,0.27,-0.36,0.0,0.04,-0.01
4.9,0.17,-0.36,0.0,0.04,-0.01
4.9,0.25,-0.36,0.0,0.04,-0.0
4.9,0.19,-0.36,0.0,0.04,-0.0
4.94,0.23,-0.38,0.0,0.04,-0.0
4.94,0.15,-0.36,0.0,0.04,-0.0
4.88,0.27,-0.4,0.0,0.04,-0.0
4.92,0.21,-0.34,0.0,0.04,-0.0
4.92,0.21,-0.36,0.0,0.04,-0.0
4.9,0.25,-0.33,0.0,0.04,-0.0
4.92,0.19,-0.38,0.0,0.04,-0.0
4.94,0.23,-0.31,0.0,0.04,-0.0
4.9,0.21,-0.38,0.0,0.04,-0.0
4.9,0.25,-0.38,0.0,0.04,-0.0
4.9,0.27,-0.38,0.0,0.04,-0.0
4.92,0.25,-0.36,0.0,0.04,-0.0
4.9,0.29,-0.33,0.0,0.04,-0.0
4.87,0.25,-0.31,-0.0,0.04,-0.0
4.92,0.23,-0.36,-0.0,0.04,-0.01
4.88,0.23,-0.38,-0.0,0.04,-0.0
4.94,0.19,-0.36,-0.0,0.04,-0.0
4.9,0.23,-0.38,-0.0,0.04,-0.0
5.02,0.25,-0.44,-0.0,0.04,-0.0
4.88,0.23,-0.33,0.0,0.04,-0.0
4.94,0.25,-0.34,0.01,0.04,-0.0
4.9,0.21,-0.33,0.01,0.04,-0.0
4.88,0.23,-0.34,0.01,0.04,-0.0
4.92,0.19,-0.38,0.01,0.04,-0.0
4.92,0.25,-0.34,0.01,0.04,-0.0
4.92,0.21,-0.36,0.01,0.04,-0.0
4.94,0.23,-0.34,0.01,0.05,-0.0
4.94,0.19,-0.27,0.01,0.05,-0.0
4.92,0.19,-0.34,0.01,0.05,-0.0
4.83,0.29,-0.34,0.01,0.05,-0.0
4.9,0.25,-0.33,0.01,0.05,-0.0
4.88,0.27,-0.27,0.0,0.05,-0.0
4.92,0.19,-0.31,0.0,0.05,-0.0
4.85,0.23,-0.29,0.0,0.05,-0.0
4.94,0.15,-0.34,0.0,0.05,-0.0
4.92,0.21,-0.33,0.0,0.04,-0.0
4.9,0.21,-0.27,0.0,0.04,-0.0
4.92,0.17,-0.31,0.01,0.04,-0.0
4.88,0.29,-0.29,0.01,0.04,-0.0
4.88,0.21,-0.31,0.01,0.04,-0.0
4.92,0.21,-0.36,0.01,0.04,-0.0
4.92,0.23,-0.36,0.01,0.04,-0.0
4.88,0.27,-0.38,0.01,0.04,-0.01
4.92,0.34,-0.44,0.01,0.04,-0.01
4.9,0.29,-0.36,0.01,0.04,-0.01
4.92,0.29,-0.34,0.0,0.04,-0.01
4.92,0.31,-0.36,-0.0,0.04,-0.01
4.9,0.25,-0.38,-0.01,0.04,-0.01
4.9,0.31,-0.34,-0.01,0.04,-0.01
4.9,0.21,-0.31,-0.01,0.04,-0.01
4.96,0.17,-0.31,-0.01,0.04,-0.01
5.13,0.29,0.06,-0.01,0.05,-0.0
4.92,0.25,-0.29,-0.01,0.05,-0.0
4.94,0.19,-0.36,-0.0,0.04,-0.0
4.92,0.27,-0.33,-0.0,0.04,-0.0
4.94,0.29,-0.36,0.0,0.04,-0.0
4.92,0.23,-0.27,0.01,0.04,-0.0
4.92,0.25,-0.36,0.01,0.04,-0.0
4.96,0.21,-0.33,0.01,0.04,-0.0
4.92,0.25,-0.33,0.01,0.04,-0.0
4.92,0.29,-0.34,0.01,0.04,-0.0
4.94,0.25,-0.31,0.01,0.04,-0.0
4.9,0.27,-0.4,0.01,0.04,-0.0
4.9,0.25,-0.38,0.01,0.04,-0.0
4.94,0.31,-0.34,0.01,0.04,-0.0
4.94,0.31,-0.31,0.0,0.04,-0.0
4.92,0.29,-0.34,0.0,0.04,-0.0
4.88,0.23,-0.34,0.0,0.04,-0.0
4.9,0.33,-0.31,-0.0,0.04,-0.0
4.88,0.27,-0.29,-0.0,0.04,-0.0
4.9,0.23,-0.33,-0.0,0.04,-0.01
4.9,0.29,-0.34,-0.0,0.04,-0.01
5.04,0.33,-0.23,-0.0,0.04,-0.01
4.92,0.25,-0.34,-0.0,0.04,-0.01
4.9,0.27,-0.34,-0.0,0.04,-0.01
4.9,0.27,-0.36,-0.0,0.04,-0.01
4.9,0.25,-0.23,0.0,0.04,-0.01
4.9,0.25,-0.34,0.0,0.04,-0.01
4.9,0.27,-0.29,-0.0,0.04,-0.0
4.92,0.23,-0.34,-0.0,0.04,-0.0
4.88,0.25,-0.36,-0.0,0.04,-0.0
4.9,0.23,-0.33,-0.01,0.04,-0.0
4.98,0.17,-0.31,-0.01,0.04,-0.0
4.88,0.21,-0.34,-0.01,0.03,0.0
4.9,0.27,-0.34,-0.01,0.03,0.0
4.92,0.25,-0.31,-0.01,0.03,0.0
4.92,0.21,-0.31,-0.01,0.03,0.0
4.9,0.21,-0.34,-0.01,0.03,0.0
4.9,0.19,-0.31,-0.0,0.03,0.0
4.87,0.23,-0.34,-0.0,0.03,0.0
4.9,0.23,-0.29,0.0,0.03,0.0
4.88,0.27,-0.34,0.0,0.03,0.0
4.92,0.25,-0.34,0.01,0.03,-0.0
4.88,0.23,-0.36,0.01,0.03,-0.0
5.0,0.33,-0.34,0.0,0.03,-0.0
4.92,0.23,-0.33,0.0,0.03,-0.0
4.92,0.27,-0.36,0.0,0.03,-0.0
4.94,0.25,-0.29,0.0,0.03,-0.0
4.9,0.27,-0.27,-0.0,0.03,-0.0
4.94,0.23,-0.34,-0.0,0.03,-0.0
4.9,0.23,-0.34,-0.0,0.03,-0.0
4.92,0.19,-0.31,-0.01,0.03,0.0
4.94,0.19,-0.34,-0.01,0.03,0.0
4.94,0.25,-0.33,-0.01,0.03,0.0
4.9,0.25,-0.36,-0.01,0.03,0.0
4.9,0.25,-0.33,-0.01,0.03,0.01
4.88,0.25,-0.29,-0.0,0.03,0.01
4.92,0.21,-0.36,-0.0,0.02,0.01
4.9,0.23,-0.34,0.0,0.02,0.01
4.92,0.25,-0.33,0.0,0.02,0.01
4.83,0.23,-0.31,0.0,0.02,0.01
4.92,0.17,-0.36,0.0,0.02,0.01
4.88,0.23,-0.31,-0.0,0.01,0.01
4.92,0.27,-0.38,0.0,0.01,0.02
4.92,0.19,-0.31,0.01,0.01,0.02
5.0,0.19,-0.34,0.01,0.01,0.02
4.98,0.17,-0.38,0.02,0.01,0.01
4.94,0.19,-0.38,0.02,0.01,0.01
4.94,0.19,-0.38,0.02,0.02,0.02
4.98,0.19,-0.42,0.03,0.02,0.02
5.0,0.15,-0.52,0.03,0.03,0.02
5.04,0.23,-0.4,0.02,0.03,0.02
5.06,0.19,-0.44,0.02,0.03,0.03
5.06,0.15,-0.46,0.02,0.04,0.03
5.04,0.17,-0.4,0.02,0.04,0.04
5.13,0.15,-0.52,0.03,0.05,0.04
5.13,0.15,-0.56,0.03,0.06,0.05
5.15,0.15,-0.5,0.04,0.07,0.06
5.25,0.23,-0.5,0.04,0.09,0.06
5.34,0.17,-0.38,0.05,0.1,0.06
5.32,0.17,-0.4,0.06,0.12,0.07
5.4,0.1,-0.38,0.06,0.13,0.07
5.38,0.15,-0.34,0.07,0.15,0.07
5.31,0.04,-0.34,0.08,0.17,0.07
5.29,0.08,-0.38,0.08,0.18,0.08
5.23,0.11,-0.31,0.1,0.19,0.08
5.31,-0.02,-0.31,0.11,0.2,0.08
5.27,0.0,-0.17,0.13,0.21,0.08
5.31,0.1,-0.25,0.14,0.22,0.07
5.23,0.08,-0.23,0.16,0.23,0.07
5.29,0.15,-0.29,0.17,0.24,0.07
5.23,0.08,-0.27,0.18,0.24,0.07
5.19,0.13,-0.25,0.19,0.25,0.07
5.17,0.15,-0.25,0.19,0.26,0.07
5.17,0.15,-0.27,0.2,0.27,0.06
5.19,0.15,-0.29,0.2,0.28,0.06
5.11,0.21,-0.31,0.2,0.29,0.06
5.04,0.17,-0.29,0.2,0.29,0.06
4.98,0.13,-0.31,0.19,0.3,0.06
4.96,0.17,-0.33,0.18,0.3,0.06
4.9,0.11,-0.21,0.17,0.3,0.06
4.88,0.13,-0.23,0.16,0.3,0.06
4.87,0.02,-0.23,0.16,0.31,0.06
4.85,0.1,-0.23,0.15,0.31,0.06
4.83,0.04,-0.17,0.15,0.31,0.06
4.88,0.0,-0.15,0.14,0.32,0.06
4.87,-0.02,-0.1,0.14,0.32,0.05
4.9,0.04,-0.04,0.14,0.32,0.05
4.92,0.0,0.0,0.14,0.32,0.06
4.94,-0.1,0.04,0.14,0.33,0.05
4.94,0.04,0.06,0.14,0.33,0.05
5.02,-0.04,-0.02,0.15,0.33,0.05
4.98,-0.06,0.08,0.16,0.33,0.05
4.96,-0.04,-0.02,0.18,0.33,0.05
4.98,-0.06,0.06,0.19,0.32,0.05
4.96,-0.04,0.0,0.2,0.32,0.05
5.0,0.02,-0.02,0.21,0.32,0.06
4.94,0.0,0.02,0.21,0.32,0.06
5.06,-0.02,0.0,0.21,0.32,0.06
4.98,0.0,0.11,0.22,0.32,0.07
5.09,0.04,0.06,0.22,0.32,0.07
5.0,0.06,0.06,0.22,0.33,0.08
5.09,0.0,0.15,0.21,0.34,0.08
5.19,-0.06,0.15,0.21,0.35,0.08
5.13,-0.06,0.17,0.21,0.35,0.09
5.15,-0.08,0.25,0.2,0.36,0.09
5.17,-0.06,0.27,0.2,0.36,0.09
5.13,-0.06,0.34,0.2,0.37,0.09
5.11,-0.04,0.38,0.2,0.37,0.1
5.11,-0.06,0.34,0.2,0.38,0.1
5.17,-0.06,0.33,0.2,0.39,0.1
5.17,0.04,0.15,0.2,0.4,0.1
5.21,-0.06,0.36,0.21,0.4,0.1
5.13,0.02,0.31,0.21,0.41,0.1
5.15,-0.04,0.36,0.21,0.42,0.1
5.09,0.06,0.4,0.21,0.43,0.1
5.06,0.02,0.4,0.21,0.44,0.1
5.06,0.1,0.36,0.2,0.45,0.09
5.04,0.15,0.4,0.2,0.46,0.09
4.98,0.1,0.38,0.19,0.47,0.09
5.0,0.11,0.48,0.19,0.48,0.08
4.9,0.19,0.54,0.18,0.48,0.08
4.88,0.15,0.57,0.17,0.49,0.07
4.88,0.25,0.56,0.17,0.5,0.07
4.87,0.25,0.61,0.16,0.51,0.07
4.87,0.21,0.63,0.15,0.53,0.07
4.87,0.23,0.61,0.15,0.54,0.07
4.88,0.17,0.65,0.15,0.55,0.07
4.85,0.15,0.69,0.14,0.56,0.07
4.79,0.19,0.73,0.13,0.56,0.06
4.87,0.17,0.82,0.13,0.56,0.06
4.77,0.15,0.79,0.12,0.55,0.06
4.77,0.15,0.75,0.12,0.55,0.06
4.65,0.19,0.84,0.11,0.54,0.06
4.69,0.08,0.86,0.1,0.54,0.06
4.6,0.15,0.82,0.09,0.53,0.06
4.6,0.04,0.82,0.08,0.53,0.05
4.52,0.11,0.8,0.07,0.53,0.05
4.48,-0.02,0.86,0.05,0.53,0.04
4.37,0.04,0.9,0.03,0.53,0.03
4.39,0.0,0.9,0.02,0.52,0.02
4.23,-0.02,0.88,0.02,0.52,0.01
4.18,-0.04,0.88,0.03,0.51,0.01
4.16,-0.1,0.86,0.03,0.5,0.0
4.1,-0.13,0.98,0.03,0.49,0.0
4.18,-0.15,0.98,0.03,0.48,-0.0
4.23,-0.11,0.98,0.03,0.47,-0.0
4.23,-0.08,1.07,0.02,0.46,-0.01
4.19,-0.04,1.02,0.01,0.45,-0.02
4.23,0.06,1.07,0.01,0.44,-0.02
4.27,0.08,1.15,0.02,0.44,-0.03
4.37,0.11,1.17,0.03,0.44,-0.03
4.39,0.11,1.26,0.03,0.43,-0.04
4.39,0.15,1.32,0.03,0.42,-0.04
4.42,0.21,1.24,0.02,0.41,-0.04
4.52,0.27,1.46,0.02,0.4,-0.04
4.52,0.19,1.36,0.01,0.39,-0.04
4.54,0.21,1.28,-0.01,0.38,-0.04
4.64,0.19,1.46,-0.02,0.37,-0.04
4.62,0.19,1.42,-0.03,0.36,-0.04
4.77,0.15,1.46,-0.03,0.36,-0.03
4.79,0.11,1.34,-0.04,0.35,-0.03
4.83,0.11,1.44,-0.04,0.35,-0.03
4.79,0.13,1.49,-0.04,0.35,-0.03
4.85,0.08,1.47,-0.04,0.35,-0.03
4.85,-0.04,1.49,-0.03,0.35,-0.03
4.81,-0.04,1.47,-0.03,0.36,-0.04
4.83,-0.02,1.57,-0.03,0.36,-0.04
4.81,-0.04,1.55,-0.03,0.36,-0.04
4.85,-0.11,1.51,-0.03,0.36,-0.04
4.83,-0.08,1.59,-0.03,0.36,-0.04
4.83,0.02,1.49,-0.03,0.37,-0.04
4.9,-0.06,1.49,-0.03,0.37,-0.04
4.87,-0.04,1.42,-0.03,0.38,-0.04
4.94,-0.02,1.44,-0.02,0.39,-0.03
4.96,-0.02,1.44,-0.01,0.4,-0.03
4.9,0.02,1.51,0.0,0.41,-0.03
4.88,-0.11,1.57,0.01,0.42,-0.03
4.81,0.06,1.51,0.01,0.43,-0.03
4.71,0.1,1.63,0.01,0.44,-0.02
4.73,0.04,1.7,0.01,0.45,-0.02
4.64,0.11,1.84,0.0,0.45,-0.02
4.52,0.13,1.88,-0.0,0.45,-0.02
4.54,0.0,1.93,-0.01,0.45,-0.01
4.46,0.06,1.92,-0.03,0.44,-0.0
4.44,-0.1,1.9,-0.04,0.44,0.01
4.54,-0.15,1.97,-0.04,0.43,0.02
4.52,-0.17,2.05,-0.04,0.43,0.03
4.6,-0.21,1.97,-0.03,0.43,0.04
4.6,-0.27,2.03,-0.02,0.44,0.04
4.5,-0.29,2.01,0.01,0.46,0.04
4.5,-0.27,1.93,0.03,0.48,0.04
4.41,-0.25,1.9,0.05,0.5,0.04
4.37,-0.25,2.01,0.06,0.52,0.03
4.33,-0.23,1.93,0.07,0.53,0.02
4.31,-0.21,1.93,0.08,0.54,0.01
4.21,-0.19,2.01,0.08,0.55,0.0
4.16,-0.23,2.01,0.08,0.55,-0.01
4.08,-0.11,2.22,0.08,0.54,-0.01
4.08,-0.23,2.38,0.08,0.53,-0.02
4.19,-0.1,2.55,0.08,0.52,-0.02
4.29,-0.08,2.62,0.09,0.5,-0.03
4.27,0.06,2.8,0.11,0.48,-0.04
4.29,0.15,2.64,0.12,0.45,-0.05
4.41,0.19,2.68,0.13,0.43,-0.05
4.35,0.21,2.49,0.15,0.4,-0.06
4.41,0.33,2.34,0.15,0.37,-0.07
4.41,0.4,2.24,0.14,0.35,-0.07
4.41,0.5,2.13,0.12,0.34,-0.07
4.37,0.48,2.03,0.09,0.35,-0.07
4.29,0.54,1.99,0.06,0.36,-0.07
4.25,0.56,1.92,0.03,0.38,-0.07
4.19,0.52,1.93,-0.02,0.4,-0.07
4.18,0.34,2.09,-0.06,0.41,-0.07
4.18,0.29,2.36,-0.1,0.42,-0.07
4.27,0.17,2.47,-0.12,0.44,-0.08
4.35,0.13,2.62,-0.13,0.45,-0.08
4.42,-0.06,2.78,-0.11,0.45,-0.08
4.54,-0.13,2.76,-0.09,0.45,-0.09
4.5,-0.19,2.72,-0.05,0.45,-0.09
4.52,0.0,2.49,-0.02,0.45,-0.1
4.42,0.06,2.51,0.02,0.45,-0.1
4.23,0.21,2.47,0.04,0.45,-0.09
4.18,0.44,2.39,0.05,0.46,-0.08
4.16,0.63,2.26,0.06,0.45,-0.06
4.27,0.9,2.16,0.06,0.46,-0.04
4.44,1.03,2.13,0.04,0.46,-0.02
4.67,1.17,2.03,0.01,0.47,-0.01
4.83,1.28,1.92,-0.02,0.49,-0.0
4.92,1.38,1.84,-0.07,0.51,-0.0
4.96,1.34,1.8,-0.11,0.54,-0.01
5.02,1.36,1.88,-0.14,0.58,-0.03
5.08,1.32,1.95,-0.17,0.61,-0.05
4.98,1.26,2.05,-0.2,0.64,-0.07
4.92,1.13,2.11,-0.21,0.66,-0.08
4.79,1.05,2.28,-0.21,0.68,-0.09
4.67,1.0,2.38,-0.21,0.7,-0.1
4.52,0.79,2.47,-0.22,0.71,-0.1
4.35,0.69,2.68,-0.23,0.71,-0.1
4.21,0.56,2.74,-0.24,0.71,-0.09
4.0,0.4,2.91,-0.25,0.7,-0.08
3.77,0.19,2.99,-0.27,0.69,-0.07
3.62,0.08,3.14,-0.27,0.68,-0.06
3.41,-0.15,2.99,-0.27,0.67,-0.04
3.24,-0.29,3.1,-0.26,0.66,-0.02
2.99,-0.34,3.12,-0.24,0.66,0.0
2.83,-0.4,3.26,-0.21,0.65,0.02
2.66,-0.36,3.29,-0.19,0.65,0.04
2.59,-0.33,3.43,-0.16,0.65,0.05
2.41,-0.27,3.49,-0.14,0.64,0.07
2.47,-0.27,3.51,-0.12,0.64,0.08
2.45,-0.17,3.51,-0.11,0.64,0.09
2.49,-0.04,3.58,-0.1,0.64,0.1
2.57,-0.06,3.51,-0.1,0.66,0.11
2.62,0.11,3.64,-0.1,0.67,0.12
2.57,0.21,3.56,-0.1,0.68,0.12
2.68,0.19,3.51,-0.11,0.68,0.12
2.74,0.25,3.52,-0.11,0.67,0.13
2.8,0.34,3.43,-0.11,0.66,0.13
2.91,0.33,3.45,-0.11,0.64,0.14
2.99,0.36,3.37,-0.11,0.63,0.14
2.95,0.4,3.33,-0.11,0.63,0.15
2.93,0.34,3.37,-0.11,0.63,0.15
2.78,0.25,3.41,-0.11,0.64,0.16
2.76,0.31,3.6,-0.12,0.67,0.16
2.68,0.02,3.7,-0.14,0.69,0.16
2.55,-0.15,3.73,-0.15,0.71,0.16
2.57,-0.38,3.73,-0.15,0.73,0.15
2.39,-0.56,3.75,-0.15,0.75,0.15
2.32,-0.73,3.87,-0.15,0.75,0.14
2.13,-0.86,3.96,-0.14,0.75,0.13
2.03,-0.92,4.0,-0.12,0.75,0.12
1.93,-1.03,4.1,-0.1,0.74,0.11
1.9,-1.02,4.14,-0.07,0.72,0.11
1.92,-0.98,4.1,-0.03,0.72,0.1
1.82,-0.86,4.04,0.01,0.71,0.1
1.86,-0.73,4.08,0.05,0.71,0.09
1.86,-0.59,4.14,0.08,0.71,0.09
1.88,-0.46,4.14,0.1,0.7,0.09
1.97,-0.42,4.14,0.12,0.69,0.09
1.97,-0.38,4.21,0.11,0.67,0.08
2.03,-0.38,4.29,0.1,0.66,0.08
2.05,-0.52,4.37,0.08,0.64,0.07
1.99,-0.56,4.37,0.06,0.63,0.07
1.8,-0.57,4.42,0.05,0.62,0.07
1.72,-0.75,4.56,0.05,0.61,0.07
1.69,-0.77,4.35,0.05,0.6,0.07
1.65,-0.77,4.42,0.06,0.59,0.08
1.61,-0.69,4.27,0.07,0.57,0.09
1.59,-0.59,4.18,0.09,0.56,0.1
1.57,-0.46,3.96,0.1,0.55,0.11
1.63,-0.38,3.87,0.12,0.54,0.12
1.65,-0.27,3.72,0.13,0.53,0.13
1.63,-0.11,3.64,0.13,0.54,0.14
1.69,-0.08,3.64,0.12,0.54,0.15
1.57,-0.1,3.51,0.1,0.55,0.16
1.51,-0.15,3.62,0.08,0.55,0.17
1.47,-0.19,3.73,0.05,0.56,0.18
1.55,-0.17,3.87,0.03,0.57,0.19
1.72,-0.36,4.18,0.01,0.58,0.2
1.7,-0.33,4.42,-0.02,0.59,0.21
1.72,-0.31,4.62,-0.03,0.6,0.21
1.8,-0.34,4.71,-0.03,0.6,0.22
1.84,-0.23,4.67,-0.02,0.58,0.21
2.03,-0.13,4.5,0.01,0.56,0.21
2.22,-0.06,4.19,0.04,0.53,0.21
2.32,0.08,3.93,0.07,0.51,0.2
2.36,0.13,3.96,0.09,0.49,0.18
2.45,0.25,3.7,0.08,0.48,0.17
2.53,0.34,3.81,0.06,0.48,0.15
2.47,0.27,4.04,0.03,0.49,0.14
2.53,0.15,4.31,-0.01,0.5,0.12
2.51,-0.15,4.64,-0.04,0.51,0.12
2.36,-0.46,4.77,-0.06,0.53,0.11
2.09,-0.69,5.06,-0.05,0.54,0.1
1.78,-0.84,5.21,-0.03,0.55,0.09
1.44,-0.84,5.31,-0.0,0.56,0.1
1.23,-0.94,5.32,0.03,0.57,0.1
1.11,-0.9,5.36,0.06,0.56,0.1
0.92,-0.67,5.27,0.08,0.54,0.1
1.0,-0.44,5.11,0.11,0.53,0.11
1.15,-0.11,4.85,0.13,0.52,0.1
1.15,0.25,4.35,0.14,0.49,0.1
1.21,0.57,3.89,0.14,0.45,0.09
1.23,0.79,3.6,0.11,0.4,0.09
1.36,0.86,3.28,0.07,0.37,0.08
1.46,0.9,3.2,0.01,0.35,0.07
1.53,0.79,3.22,-0.06,0.35,0.06
1.57,0.65,3.39,-0.13,0.36,0.04
1.38,0.31,3.68,-0.19,0.37,0.02
1.42,0.15,3.98,-0.23,0.37,0.01
1.36,-0.21,4.29,-0.26,0.39,-0.0
1.44,-0.56,4.54,-0.27,0.4,-0.01
1.42,-0.77,4.79,-0.26,0.42,-0.01
1.51,-1.0,5.08,-0.23,0.45,-0.0
1.55,-1.03,5.19,-0.18,0.46,0.0
1.59,-1.05,5.19,-0.13,0.48,0.01
1.57,-0.88,5.13,-0.08,0.48,0.01
1.63,-0.73,4.96,-0.04,0.48,0.01
1.57,-0.4,4.67,-0.01,0.47,0.0
1.4,-0.06,4.5,0.0,0.46,0.0
1.26,0.15,4.35,-0.02,0.45,-0.01
1.07,0.15,4.31,-0.06,0.43,-0.01
0.84,0.08,4.23,-0.12,0.4,-0.01
0.67,-0.06,4.29,-0.17,0.38,-0.0
0.52,-0.33,4.39,-0.21,0.38,0.0
0.19,-0.69,4.64,-0.22,0.39,0.0
-0.11,-0.96,5.0,-0.2,0.4,0.0
-0.31,-1.23,5.32,-0.15,0.4,0.01
-0.52,-1.46,5.55,-0.09,0.4,0.01
-0.67,-1.55,5.73,-0.02,0.41,0.01
-0.8,-1.44,5.73,0.05,0.4,0.01
-0.9,-1.38,6.0,0.11,0.39,0.0
-1.0,-1.09,6.0,0.18,0.37,0.0
-0.98,-0.82,5.82,0.23,0.35,0.0
-0.96,-0.34,5.75,0.26,0.32,0.0
-0.96,0.13,5.4,0.28,0.29,0.01
-0.98,0.52,5.15,0.28,0.27,0.01
-1.0,0.96,4.9,0.27,0.25,0.02
-1.11,1.3,4.62,0.24,0.24,0.03
-1.17,1.57,4.31,0.19,0.23,0.03
-1.24,1.7,4.08,0.14,0.22,0.03
-1.23,1.69,3.87,0.06,0.2,0.03
-1.32,1.49,3.68,-0.03,0.16,0.02
-1.3,1.24,3.77,-0.13,0.11,0.01
-1.24,0.77,3.98,-0.22,0.06,-0.0
-1.11,0.31,4.02,-0.28,0.02,-0.01
-0.82,-0.27,4.35,-0.3,-0.01,-0.02
-0.65,-0.59,4.44,-0.29,-0.02,-0.03
-0.38,-0.92,4.56,-0.25,-0.01,-0.04
-0.21,-0.98,4.62,-0.17,0.01,-0.04
0.0,-1.03,4.69,-0.09,0.03,-0.03
0.13,-0.94,4.67,-0.01,0.06,-0.03
0.21,-0.82,4.73,0.04,0.09,-0.01
0.29,-0.61,4.96,0.07,0.12,0.0
0.13,-0.5,5.09,0.07,0.13,0.02
0.06,-0.38,5.31,0.06,0.14,0.03
0.04,-0.25,5.48,0.04,0.13,0.04
-0.02,-0.31,5.57,0.02,0.13,0.05
-0.04,-0.25,5.67,0.02,0.12,0.05
-0.23,-0.15,5.67,0.04,0.11,0.06
-0.36,-0.1,5.55,0.08,0.11,0.06
-0.42,-0.02,5.46,0.12,0.12,0.06
-0.44,0.13,5.23,0.16,0.12,0.05
-0.4,0.15,4.98,0.19,0.13,0.05
-0.4,0.23,4.77,0.21,0.14,0.04
-0.4,0.29,4.58,0.21,0.15,0.03
-0.33,0.4,4.41,0.19,0.14,0.03
-0.25,0.33,4.25,0.16,0.13,0.02
-0.17,0.25,4.18,0.12,0.1,0.02
-0.11,0.17,4.04,0.06,0.06,0.02
-0.02,0.11,4.02,0.01,0.01,0.03
0.1,-0.02,4.08,-0.05,-0.04,0.03
0.25,-0.23,4.12,-0.09,-0.09,0.03
0.4,-0.44,4.12,-0.12,-0.15,0.04
0.8,-0.63,4.16,-0.13,-0.2,0.04
1.0,-0.8,4.42,-0.13,-0.23,0.03
1.24,-0.96,4.56,-0.12,-0.24,0.03
1.4,-0.96,4.73,-0.09,-0.23,0.03
1.49,-0.96,4.85,-0.05,-0.2,0.02
1.53,-1.0,5.04,-0.01,-0.17,0.01
1.47,-0.77,5.13,0.04,-0.14,0.01
1.51,-0.65,5.23,0.09,-0.12,0.0
1.49,-0.38,5.19,0.13,-0.1,0.0
1.55,-0.17,5.13,0.16,-0.09,0.0
1.51,0.13,5.09,0.17,-0.07,0.0
1.53,0.25,4.88,0.16,-0.06,0.0
1.38,0.42,4.79,0.14,-0.04,-0.0
1.3,0.61,4.62,0.11,-0.01,-0.0
1.19,0.59,4.52,0.07,0.01,0.0
1.05,0.59,4.48,0.04,0.03,0.01
0.92,0.57,4.39,0.0,0.05,0.01
0.88,0.38,4.33,-0.03,0.06,0.03
0.71,0.21,4.31,-0.06,0.07,0.04
0.67,0.11,4.35,-0.07,0.07,0.05
0.71,-0.15,4.37,-0.07,0.06,0.06
0.65,-0.33,4.62,-0.05,0.06,0.07
0.71,-0.5,4.5,-0.01,0.05,0.08
0.77,-0.67,4.58,0.03,0.04,0.08
0.88,-0.79,4.56,0.09,0.04,0.08
1.0,-0.82,4.69,0.17,0.04,0.08
1.09,-0.8,4.64,0.24,0.05,0.07
1.15,-0.73,4.6,0.31,0.05,0.06
1.13,-0.59,4.56,0.36,0.05,0.05
1.15,-0.29,4.56,0.39,0.05,0.03
1.05,-0.15,4.54,0.4,0.03,0.01
0.94,0.02,4.6,0.37,0.0,-0.01
0.96,0.1,4.58,0.31,-0.03,-0.03
0.9,0.11,4.6,0.23,-0.06,-0.04
0.69,0.02,4.79,0.14,-0.07,-0.04
0.34,-0.15,5.08,0.08,-0.08,-0.04
0.13,-0.27,5.17,0.07,-0.09,-0.04
-0.13,-0.29,5.17,0.12,-0.1,-0.03
-0.46,-0.31,4.94,0.21,-0.11,-0.03
-0.5,-0.23,4.56,0.31,-0.12,-0.02
-0.56,0.02,4.25,0.4,-0.12,-0.02
-0.69,0.29,4.06,0.44,-0.11,-0.02
-0.67,0.54,4.06,0.42,-0.09,-0.02
-0.44,0.75,4.12,0.34,-0.06,-0.02
-0.27,0.71,4.21,0.22,-0.05,-0.02
-0.02,0.71,4.37,0.08,-0.04,-0.02
0.23,0.56,4.56,-0.04,-0.03,-0.02
0.57,0.34,4.62,-0.13,-0.03,-0.01
0.88,0.17,4.85,-0.18,-0.03,-0.0
1.11,0.1,4.94,-0.18,-0.04,0.01
1.19,-0.04,5.04,-0.15,-0.04,0.03
1.17,-0.1,5.06,-0.09,-0.04,0.04
1.15,0.08,4.88,-0.02,-0.03,0.04
1.13,0.15,4.6,0.04,-0.03,0.05
1.15,0.38,4.35,0.09,-0.03,0.05
1.11,0.48,4.18,0.1,-0.03,0.05
1.07,0.59,4.12,0.09,-0.01,0.06
0.92,0.54,4.18,0.05,-0.0,0.05
0.88,0.48,4.25,0.01,0.01,0.05
0.88,0.42,4.44,-0.03,0.01,0.05
0.86,0.33,4.62,-0.06,0.02,0.04
0.92,0.17,4.69,-0.07,0.01,0.03
1.0,0.17,4.79,-0.07,0.01,0.03
1.09,0.11,4.77,-0.05,0.0,0.02
1.13,0.13,4.64,-0.03,-0.0,0.02
1.17,0.04,4.81,-0.01,0.0,0.01
1.17,0.1,4.64,0.01,0.0,0.01
1.15,0.04,4.62,0.01,0.01,-0.0
1.19,-0.06,4.65,-0.0,0.03,-0.01
1.19,0.0,4.65,-0.01,0.05,-0.02
1.17,0.1,4.65,-0.03,0.07,-0.02
1.17,0.02,4.77,-0.05,0.09,-0.03
1.13,0.02,4.85,-0.06,0.11,-0.02
1.11,-0.04,4.98,-0.08,0.12,-0.02
0.92,0.04,5.04,-0.08,0.12,-0.01
0.84,0.04,5.02,-0.08,0.12,-0.0
0.69,0.02,4.98,-0.05,0.11,0.01
0.65,0.11,4.87,-0.02,0.1,0.02
0.59,0.1,4.62,0.0,0.1,0.03
0.5,0.08,4.64,0.01,0.11,0.04
0.56,0.02,4.52,0.01,0.12,0.04
0.46,-0.06,4.54,0.0,0.13,0.04
0.48,-0.08,4.65,-0.01,0.14,0.04
0.54,-0.13,4.71,-0.02,0.15,0.03
0.54,-0.15,4.75,-0.02,0.16,0.03
0.57,-0.19,4.75,-0.01,0.15,0.02
0.65,-0.21,4.87,-0.0,0.15,0.02
0.61,-0.25,4.87,0.02,0.13,0.01
0.63,-0.15,4.77,0.06,0.12,0.01
0.67,-0.02,4.73,0.1,0.11,0.01
0.79,0.13,4.54,0.13,0.11,0.02
0.71,0.31,4.52,0.16,0.12,0.02
0.84,0.38,4.46,0.17,0.14,0.02
0.86,0.56,4.39,0.15,0.16,0.02
0.86,0.65,4.39,0.12,0.17,0.02
0.92,0.69,4.39,0.07,0.18,0.01
0.98,0.63,4.42,0.02,0.18,0.01
0.96,0.59,4.41,-0.02,0.18,0.01
0.9,0.42,4.42,-0.06,0.18,0.0
0.92,0.4,4.46,-0.07,0.17,0.0
0.86,0.29,4.56,-0.06,0.17,0.0
0.88,0.29,4.62,-0.04,0.17,0.01
0.92,0.23,4.58,-0.02,0.17,0.01
0.96,0.23,4.64,0.0,0.17,0.01
0.77,0.31,4.62,0.02,0.18,0.01
0.69,0.31,4.75,0.03,0.19,0.01
0.56,0.4,4.79,0.03,0.2,0.01
0.57,0.36,4.87,0.02,0.22,0.01
0.61,0.29,4.81,0.01,0.22,0.0
0.54,0.38,4.96,0.0,0.23,-0.0
0.5,0.33,5.06,-0.0,0.23,-0.0
0.48,0.34,4.96,-0.01,0.23,-0.01
0.56,0.29,4.96,-0.01,0.24,-0.01
0.59,0.23,5.0,-0.01,0.23,-0.01
0.5,0.23,4.96,0.01,0.23,-0.02
0.46,0.17,4.81,0.03,0.22,-0.02
0.4,0.17,4.64,0.06,0.21,-0.02
0.38,0.13,4.52,0.09,0.19,-0.02
0.33,0.11,4.48,0.1,0.17,-0.02
0.31,0.04,4.31,0.11,0.16,-0.02
0.31,0.15,4.31,0.11,0.16,-0.01
0.21,0.13,4.35,0.11,0.15,-0.02
0.15,0.13,4.33,0.1,0.16,-0.02
0.13,0.15,4.42,0.09,0.16,-0.01
0.08,0.15,4.54,0.08,0.17,-0.01
0.08,0.19,4.58,0.08,0.17,-0.01
0.1,0.23,4.6,0.08,0.17,0.0
0.08,0.34,4.65,0.08,0.17,0.01
0.15,0.34,4.58,0.08,0.17,0.01
0.17,0.36,4.5,0.08,0.17,0.02
0.23,0.38,4.48,0.08,0.17,0.03
0.21,0.44,4.48,0.08,0.16,0.03
0.15,0.56,4.44,0.07,0.16,0.03
0.13,0.56,4.42,0.06,0.14,0.03
0.11,0.54,4.5,0.04,0.13,0.03
0.13,0.46,4.5,0.02,0.11,0.02
0.17,0.36,4.46,0.0,0.1,0.02
0.13,0.23,4.54,-0.02,0.09,0.01
0.08,0.23,4.56,-0.03,0.08,0.01
0.02,0.1,4.67,-0.03,0.08,0.0
-0.04,0.02,4.85,-0.02,0.07,-0.01
0.0,-0.08,4.88,-0.0,0.05,-0.01
-0.11,-0.04,5.0,0.02,0.04,-0.02
-0.08,-0.08,5.04,0.05,0.02,-0.02
0.0,-0.08,5.08,0.08,0.01,-0.02
0.06,0.13,5.0,0.1,0.0,-0.02
0.15,0.15,5.04,0.11,0.0,-0.02
0.25,0.21,4.92,0.11,0.01,-0.02
0.36,0.33,4.85,0.11,0.01,-0.02
0.5,0.34,4.88,0.1,0.02,-0.02
0.56,0.44,4.77,0.09,0.03,-0.02
0.59,0.57,4.69,0.07,0.03,-0.02
0.71,0.69,4.71,0.05,0.03,-0.02
0.69,0.69,4.56,0.03,0.04,-0.02
0.67,0.65,4.46,0.0,0.04,-0.01
0.67,0.63,4.54,-0.02,0.04,-0.01
0.63,0.57,4.62,-0.03,0.05,-0.01
0.54,0.5,4.56,-0.04,0.06,-0.01
0.54,0.42,4.58,-0.03,0.07,-0.01
0.54,0.4,4.56,-0.02,0.08,-0.01
0.54,0.4,4.52,-0.01,0.1,-0.01
0.56,0.34,4.54,-0.01,0.11,-0.01
0.57,0.23,4.54,-0.02,0.13,-0.01
0.56,0.21,4.67,-0.03,0.15,-0.0
0.42,0.21,4.85,-0.04,0.16,-0.0
0.29,0.13,4.98,-0.03,0.17,0.0
0.25,0.08,4.98,-0.02,0.17,0.0
0.17,0.11,5.04,0.0,0.16,0.01
0.15,0.13,5.0,0.02,0.15,0.01
0.11,0.13,4.88,0.03,0.14,0.01
0.11,0.15,4.65,0.05,0.13,0.01
0.02,0.19,4.6,0.06,0.14,0.01
0.0,0.19,4.46,0.09,0.14,0.0
-0.06,0.34,4.33,0.11,0.14,-0.0
0.04,0.42,4.25,0.12,0.14,-0.01
-0.06,0.52,4.27,0.12,0.14,-0.01
-0.15,0.59,4.25,0.11,0.13,-0.02
-0.08,0.67,4.31,0.08,0.13,-0.02
-0.1,0.69,4.33,0.05,0.13,-0.02
-0.13,0.65,4.46,0.02,0.13,-0.02
-0.08,0.71,4.54,-0.01,0.13,-0.02
-0.04,0.56,4.58,-0.03,0.13,-0.02
-0.04,0.59,4.62,-0.05,0.13,-0.01
0.0,0.48,4.52,-0.06,0.13,-0.0
0.0,0.46,4.56,-0.06,0.12,-0.0
0.04,0.38,4.56,-0.06,0.11,0.0
0.1,0.36,4.54,-0.06,0.1,0.0
0.04,0.33,4.56,-0.06,0.08,0.0
0.11,0.4,4.48,-0.07,0.07,0.01
0.15,0.36,4.52,-0.08,0.06,0.01
0.1,0.34,4.6,-0.1,0.05,0.01
0.13,0.27,4.75,-0.11,0.05,0.01
0.17,0.21,4.79,-0.12,0.04,0.01
0.15,0.23,4.79,-0.12,0.04,0.01
0.21,0.21,4.92,-0.11,0.04,0.01
0.17,0.23,4.96,-0.09,0.03,0.0
0.17,0.17,4.92,-0.07,0.02,0.0
0.27,0.15,5.02,-0.05,0.02,0.0
0.31,0.15,4.92,-0.04,0.01,-0.0
0.27,0.19,4.87,-0.02,0.01,-0.01
0.31,0.29,4.69,0.01,0.01,-0.01
0.25,0.21,4.67,0.03,0.01,-0.01
0.36,0.31,4.52,0.04,0.01,-0.02
0.33,0.4,4.44,0.05,0.02,-0.02
0.33,0.36,4.41,0.06,0.02,-0.02
0.36,0.4,4.37,0.06,0.03,-0.02
0.31,0.44,4.35,0.05,0.04,-0.02
0.36,0.46,4.39,0.04,0.05,-0.02
0.31,0.42,4.48,0.02,0.05,-0.02
0.27,0.42,4.5,0.0,0.06,-0.02
0.17,0.46,4.52,-0.01,0.06,-0.01
0.19,0.44,4.58,-0.02,0.06,-0.01
0.19,0.42,4.65,-0.03,0.05,-0.01
0.13,0.42,4.69,-0.03,0.05,-0.0
0.15,0.4,4.73,-0.03,0.04,-0.0
0.1,0.4,4.65,-0.03,0.04,0.0
0.02,0.5,4.69,-0.03,0.04,0.0
0.11,0.54,4.73,-0.03,0.04,0.01
0.13,0.57,4.5,-0.04,0.04,0.01
0.11,0.52,4.54,-0.06,0.04,0.01
0.06,0.54,4.48,-0.08,0.04,0.01
0.1,0.52,4.44,-0.11,0.04,0.01
0.25,0.44,4.42,-0.14,0.04,0.01
0.25,0.4,4.41,-0.16,0.04,0.01
0.27,0.33,4.48,-0.17,0.05,0.01
0.33,0.31,4.48,-0.18,0.05,0.01
0.4,0.17,4.44,-0.19,0.05,0.01
0.38,0.15,4.44,-0.18,0.06,0.01
0.36,0.08,4.54,-0.17,0.06,0.01
0.34,0.1,4.46,-0.15,0.06,0.02
0.4,0.06,4.48,-0.14,0.05,0.02
0.34,0.04,4.56,-0.12,0.04,0.02
0.33,0.04,4.5,-0.09,0.03,0.02
0.31,0.04,4.52,-0.07,0.02,0.03
0.27,-0.04,4.54,-0.05,0.01,0.03
0.27,-0.04,4.62,-0.04,0.0,0.03
0.23,-0.08,4.75,-0.02,-0.0,0.03
0.21,-0.04,4.71,-0.01,-0.01,0.03
0.13,-0.04,4.9,0.01,-0.01,0.02
0.1,-0.1,5.21,0.02,-0.01,0.02
0.0,0.02,5.21,0.04,-0.02,0.02
-0.02,0.11,5.27,0.05,-0.03,0.02
-0.08,0.11,5.36,0.07,-0.05,0.02
-0.02,0.15,5.32,0.08,-0.06,0.02
0.0,0.15,5.29,0.1,-0.07,0.02
0.08,0.17,5.13,0.12,-0.07,0.01
0.06,0.23,5.06,0.13,-0.07,0.01
0.1,0.33,4.92,0.15,-0.06,0.0
0.11,0.36,4.77,0.15,-0.05,-0.0
0.17,0.44,4.65,0.15,-0.03,-0.01
0.17,0.5,4.62,0.14,-0.03,-0.01
0.19,0.52,4.54,0.11,-0.02,-0.01
0.25,0.56,4.5,0.08,-0.02,-0.01
0.23,0.57,4.46,0.04,-0.02,-0.01
0.25,0.5,4.48,0.01,-0.01,-0.0
0.21,0.48,4.44,-0.02,-0.01,0.0
0.21,0.46,4.52,-0.05,-0.01,0.01
0.31,0.44,4.56,-0.06,-0.0,0.01
0.31,0.4,4.56,-0.06,0.01,0.01
0.27,0.34,4.58,-0.06,0.01,0.02
0.27,0.33,4.58,-0.06,0.02,0.02
0.15,0.42,4.56,-0.06,0.03,0.02
0.25,0.33,4.6,-0.06,0.04,0.02
0.29,0.33,4.65,-0.07,0.05,0.03
0.23,0.29,4.73,-0.07,0.06,0.03
0.29,0.29,4.83,-0.08,0.06,0.03
0.25,0.31,4.87,-0.08,0.07,0.02
0.21,0.29,4.96,-0.07,0.08,0.02
0.19,0.23,5.02,-0.06,0.09,0.02
0.17,0.33,5.0,-0.06,0.09,0.01
0.1,0.36,4.98,-0.05,0.09,0.01
0.1,0.27,4.94,-0.04,0.09,0.0
0.02,0.29,4.87,-0.04,0.08,-0.0
0.0,0.27,4.81,-0.05,0.08,-0.01
0.02,0.21,4.73,-0.05,0.08,-0.01
0.02,0.15,4.75,-0.06,0.08,-0.01
0.0,0.15,4.71,-0.06,0.08,-0.01
-0.04,0.11,4.69,-0.06,0.08,-0.01
-0.08,0.1,4.64,-0.05,0.08,-0.01
-0.08,0.06,4.69,-0.04,0.08,-0.01
0.0,0.08,4.67,-0.03,0.08,-0.01
-0.02,0.1,4.65,-0.02,0.07,-0.01
0.0,0.13,4.67,-0.01,0.06,-0.0
0.0,0.17,4.64,-0.01,0.06,-0.0
0.04,0.21,4.65,0.0,0.06,-0.0
0.08,0.27,4.52,0.0,0.05,-0.0
0.02,0.4,4.52,-0.0,0.05,0.0
0.11,0.46,4.52,-0.02,0.05,0.0
0.13,0.46,4.48,-0.04,0.05,-0.0
0.11,0.54,4.44,-0.07,0.05,-0.0
0.15,0.56,4.46,-0.11,0.05,0.0
0.11,0.48,4.52,-0.15,0.05,-0.0
0.11,0.44,4.46,-0.18,0.05,0.0
0.08,0.42,4.58,-0.21,0.05,0.0
0.11,0.34,4.54,-0.24,0.04,0.0
0.08,0.27,4.64,-0.25,0.04,0.0
0.08,0.15,4.6,-0.25,0.05,0.0
0.15,0.04,4.62,-0.24,0.05,-0.0
0.13,0.02,4.73,-0.23,0.05,-0.0
0.15,-0.06,4.65,-0.21,0.05,-0.0
0.21,-0.06,4.65,-0.18,0.06,-0.01
0.25,-0.08,4.65,-0.16,0.06,-0.01
0.23,-0.02,4.62,-0.13,0.06,-0.01
0.23,-0.04,4.64,-0.12,0.06,-0.01
0.23,0.02,4.69,-0.1,0.07,-0.01
0.17,0.04,4.56,-0.09,0.07,-0.01
