accX,accY,accZ,gyroX,gyroY,gyroZ
-0.52,-0.46,4.46,-0.01,0.02,-0.0
-0.46,-0.56,4.64,-0.01,0.02,-0.0
-0.42,-0.5,4.58,-0.01,0.02,-0.0
-0.48,-0.5,4.52,-0.02,0.02,-0.0
-0.46,-0.48,4.58,-0.02,0.02,-0.0
-0.4,-0.52,4.6,-0.02,0.02,-0.0
-0.44,-0.56,4.5,-0.02,0.02,-0.0
-0.44,-0.48,4.6,-0.01,0.02,-0.0
-0.42,-0.52,4.48,-0.01,0.02,-0.0
-0.44,-0.54,4.48,-0.01,0.02,-0.0
-0.33,-0.56,4.5,-0.01,0.02,-0.0
-0.4,-0.57,4.6,-0.01,0.02,-0.0
-0.46,-0.52,4.58,-0.01,0.02,-0.0
-0.46,-0.5,4.6,-0.0,0.02,-0.0
-0.44,-0.54,4.5,-0.0,0.02,-0.0
-0.44,-0.5,4.54,-0.0,0.02,0.0
-0.48,-0.44,4.46,-0.0,0.02,0.0
-0.4,-0.48,4.56,-0.0,0.02,0.0
-0.5,-0.42,4.56,-0.0,0.02,0.0
-0.48,-0.5,4.52,-0.01,0.02,0.0
-0.52,-0.52,4.54,-0.01,0.02,0.0
-0.31,-0.56,4.58,-0.01,0.02,0.0
-0.75,-0.67,4.83,-0.01,0.02,0.0
-0.42,-0.63,4.56,-0.02,0.02,-0.0
-0.34,-0.34,4.64,-0.02,0.02,-0.0
-0.44,-0.48,4.6,-0.02,0.03,-0.0
-0.52,-0.56,4.39,-0.03,0.03,-0.0
-0.34,-0.54,4.58,-0.03,0.03,-0.0
-0.5,-0.77,4.64,-0.04,0.03,0.0
-0.54,-0.73,4.5,-0.04,0.03,-0.0
-0.38,-0.69,4.42,-0.03,0.04,-0.0
-0.31,-0.56,4.62,-0.03,0.04,-0.0
-0.4,-0.61,4.56,-0.02,0.04,-0.0
-0.56,-0.65,4.39,-0.01,0.04,-0.0
-0.52,-0.59,4.33,-0.01,0.04,-0.0
-0.36,-0.54,4.44,-0.0,0.04,-0.0
-0.4,-0.4,4.52,0.0,0.04,-0.0
-0.5,-0.52,4.64,0.01,0.03,-0.0
-0.5,-0.61,4.31,0.01,0.03,0.0
-0.44,-0.54,4.52,0.01,0.03,0.0
-0.44,-0.5,4.5,0.01,0.03,0.0
-0.44,-0.54,4.52,0.01,0.03,0.0
-0.44,-0.48,4.56,0.01,0.03,0.0
-0.46,-0.48,4.46,0.01,0.03,0.0
-0.42,-0.48,4.54,0.01,0.03,0.0
-0.4,-0.48,4.6,0.01,0.03,0.0
-0.4,-0.5,4.52,0.0,0.03,0.0
-0.38,-0.48,4.5,-0.0,0.03,0.0
-0.42,-0.56,4.79,-0.0,0.03,0.0
-0.36,-0.52,4.52,-0.01,0.03,0.0
-0.4,-0.46,4.5,-0.01,0.03,0.0
-0.42,-0.5,4.54,-0.01,0.03,-0.0
-0.36,-0.48,4.58,-0.01,0.03,0.0
-0.4,-0.52,4.54,-0.01,0.03,0.0
-0.34,-0.52,4.52,-0.01,0.04,0.0
-0.34,-0.52,4.52,-0.01,0.04,0.0
-0.46,-0.44,4.54,-0.02,0.04,0.0
-0.38,-0.52,4.42,-0.01,0.04,-0.0
-0.44,-0.56,4.5,-0.01,0.04,0.0
-0.38,-0.57,4.52,-0.01,0.04,-0.0
-0.42,-0.59,4.58,-0.01,0.04,-0.0
-0.4,-0.59,4.6,-0.01,0.04,-0.0
-0.5,-0.57,4.54,-0.01,0.04,-0.0
-0.44,-0.54,4.48,-0.01,0.04,-0.0
-0.5,-0.57,4.52,-0.0,0.04,-0.0
-0.42,-0.56,4.56,0.0,0.04,-0.0
-0.48,-0.57,4.56,0.0,0.04,0.0
-0.48,-0.54,4.56,0.0,0.04,0.0
-0.46,-0.5,4.56,0.0,0.03,0.0
-0.42,-0.52,4.58,0.0,0.03,0.0
-0.46,-0.5,4.42,0.0,0.03,0.0
-0.44,-0.52,4.58,0.0,0.03,0.0
-0.46,-0.52,4.54,0.0,0.03,0.0
-0.44,-0.52,4.64,0.0,0.03,0.0
-0.42,-0.56,4.48,0.0,0.03,0.0
-0.46,-0.56,4.52,0.0,0.03,0.0
-0.44,-0.52,4.56,-0.0,0.03,0.0
-0.42,-0.5,4.58,-0.0,0.03,0.0
-0.4,-0.48,4.5,-0.0,0.03,0.0
-0.46,-0.5,4.52,-0.0,0.03,0.0
-0.46,-0.54,4.52,-0.01,0.03,0.0
-0.5,-0.48,4.56,-0.01,0.02,0.0
-0.44,-0.54,4.58,-0.01,0.02,0.01
-0.52,-0.46,4.56,-0.01,0.02,0.0
-0.4,-0.5,4.62,-0.02,0.02,0.01
-0.46,-0.44,4.54,-0.02,0.02,0.01
-0.38,-0.52,4.56,-0.03,0.02,0.01
-0.46,-0.5,4.58,-0.03,0.02,0.01
-0.5,-0.52,4.46,-0.03,0.02,0.01
-0.46,-0.54,4.54,-0.03,0.02,0.01
-0.44,-0.54,4.56,-0.03,0.02,0.01
-0.46,-0.54,4.56,-0.03,0.03,0.01
-0.46,-0.52,4.6,-0.02,0.02,0.01
-0.5,-0.54,4.52,-0.02,0.02,0.01
-0.54,-0.52,4.42,-0.02,0.02,0.01
-0.52,-0.57,4.52,-0.02,0.02,0.01
-0.46,-0.57,4.56,-0.02,0.02,0.01
-0.5,-0.59,4.52,-0.02,0.02,0.01
-0.5,-0.54,4.52,-0.02,0.02,0.01
-0.48,-0.5,4.56,-0.02,0.02,0.01
-0.46,-0.57,4.48,-0.02,0.02,0.01
-0.46,-0.56,4.52,-0.02,0.02,0.01
-0.48,-0.54,4.56,-0.02,0.02,0.01
-0.48,-0.52,4.5,-0.01,0.02,0.01
-0.44,-0.54,4.52,-0.01,0.02,0.01
-0.46,-0.52,4.58,-0.01,0.01,0.01
-0.4,-0.54,4.52,-0.01,0.01,0.01
-0.42,-0.5,4.54,-0.0,0.01,0.01
-0.38,-0.54,4.54,-0.0,0.01,0.01
-0.46,-0.56,4.56,-0.0,0.01,0.01
-0.38,-0.52,4.56,-0.01,0.01,0.01
-0.44,-0.5,4.54,-0.01,0.01,0.01
-0.46,-0.46,4.5,-0.01,0.01,0.01
-0.44,-0.5,4.52,-0.01,0.01,0.01
-0.46,-0.48,4.5,-0.02,0.01,0.01
-0.42,-0.56,4.54,-0.02,0.01,0.01
-0.44,-0.52,4.5,-0.02,0.01,0.01
-0.44,-0.5,4.44,-0.02,0.01,0.01
-0.4,-0.54,4.54,-0.03,0.01,0.01
-0.44,-0.54,4.56,-0.03,0.01,0.01
-0.4,-0.52,4.52,-0.03,0.01,0.01
-0.38,-0.59,4.54,-0.03,0.01,0.01
-0.42,-0.56,4.5,-0.03,0.01,0.01
-0.33,-0.56,4.5,-0.03,0.01,0.01
-0.38,-0.5,4.42,-0.03,0.01,0.01
-0.44,-0.57,4.52,-0.02,0.01,0.01
-0.34,-0.57,4.54,-0.02,0.01,0.01
-0.42,-0.48,4.54,-0.02,0.01,0.01
-0.44,-0.54,4.58,-0.02,0.01,0.02
-0.42,-0.54,4.54,-0.02,0.01,0.01
-0.34,-0.5,4.46,-0.02,0.01,0.02
-0.38,-0.54,4.5,-0.02,0.01,0.01
-0.44,-0.54,4.52,-0.02,0.01,0.02
-0.48,-0.52,4.58,-0.02,0.01,0.02
-0.4,-0.56,4.44,-0.03,0.01,0.02
-0.42,-0.57,4.6,-0.03,0.01,0.02
-0.4,-0.57,4.54,-0.03,0.01,0.02
-0.34,-0.57,4.44,-0.03,0.01,0.01
-0.34,-0.65,4.52,-0.03,0.01,0.02
-0.34,-0.65,4.54,-0.02,0.01,0.01
-0.31,-0.61,4.54,-0.02,0.01,0.01
-0.38,-0.59,4.48,-0.02,0.01,0.01
-0.29,-0.65,4.56,-0.02,0.01,0.01
-0.33,-0.59,4.46,-0.01,0.01,0.01
-0.42,-0.65,4.52,-0.01,0.01,0.01
-0.36,-0.61,4.52,-0.01,0.01,0.01
-0.4,-0.65,4.52,-0.01,0.01,0.01
-0.34,-0.59,4.52,-0.0,0.01,0.01
-0.38,-0.59,4.56,-0.0,0.01,0.01
-0.31,-0.56,4.52,-0.0,0.01,0.01
-0.36,-0.48,4.54,-0.0,0.02,0.01
-0.34,-0.54,4.52,-0.0,0.02,0.01
-0.33,-0.48,4.5,-0.01,0.02,0.01
-0.25,-0.54,4.48,-0.01,0.02,0.01
-0.27,-0.52,4.54,-0.01,0.02,0.01
-0.36,-0.5,4.56,-0.02,0.02,0.01
-0.33,-0.59,4.54,-0.02,0.03,0.01
-0.25,-0.56,4.58,-0.02,0.03,0.01
-0.25,-0.52,4.58,-0.02,0.03,0.01
-0.34,-0.61,4.52,-0.02,0.03,0.01
-0.34,-0.56,4.46,-0.02,0.03,0.01
-0.33,-0.57,4.58,-0.02,0.03,0.01
-0.27,-0.59,4.46,-0.02,0.03,0.01
-0.33,-0.56,4.54,-0.02,0.03,0.01
-0.36,-0.57,4.44,-0.02,0.03,0.01
-0.31,-0.59,4.52,-0.01,0.03,0.0
-0.38,-0.57,4.6,-0.02,0.03,0.01
-0.29,-0.54,4.54,-0.02,0.03,0.01
-0.33,-0.57,4.56,-0.02,0.03,0.01
-0.29,-0.57,4.44,-0.02,0.03,0.01
-0.33,-0.56,4.56,-0.01,0.03,0.01
-0.36,-0.54,4.54,-0.01,0.03,0.01
-0.36,-0.56,4.46,-0.01,0.03,0.01
-0.31,-0.57,4.44,-0.01,0.03,0.01
-0.44,-0.5,4.6,-0.01,0.03,0.01
-0.34,-0.56,4.58,-0.01,0.03,0.01
-0.38,-0.5,4.58,-0.01,0.03,0.01
-0.27,-0.56,4.5,-0.01,0.03,0.01
-0.36,-0.5,4.54,-0.01,0.02,0.01
-0.31,-0.48,4.52,-0.01,0.02,0.01
-0.36,-0.56,4.48,-0.01,0.02,0.01
-0.29,-0.56,4.52,-0.02,0.02,0.01
-0.36,-0.57,4.56,-0.02,0.03,0.01
-0.4,-0.52,4.52,-0.02,0.02,0.01
-0.36,-0.57,4.56,-0.02,0.02,0.01
-0.38,-0.57,4.39,-0.02,0.02,0.01
-0.36,-0.61,4.58,-0.03,0.03,0.01
-0.36,-0.59,4.6,-0.03,0.03,0.01
-0.34,-0.56,4.46,-0.03,0.03,0.01
-0.34,-0.59,4.52,-0.02,0.03,0.01
-0.4,-0.56,4.54,-0.02,0.03,0.01
-0.36,-0.59,4.52,-0.03,0.03,0.01
-0.4,-0.57,4.62,-0.03,0.04,0.01
-0.4,-0.56,4.58,-0.04,0.04,0.01
-0.38,-0.61,4.62,-0.04,0.04,0.01
-0.33,-0.69,4.58,-0.05,0.04,0.01
-0.38,-0.67,4.52,-0.04,0.04,0.01
-0.31,-0.67,4.52,-0.04,0.04,0.01
-0.34,-0.67,4.6,-0.03,0.05,0.01
-0.38,-0.65,4.52,-0.02,0.05,0.01
-0.4,-0.65,4.44,-0.01,0.05,0.01
-0.4,-0.65,4.44,-0.0,0.04,0.01
-0.4,-0.63,4.5,-0.0,0.04,0.01
-0.4,-0.56,4.48,0.0,0.03,0.01
-0.46,-0.61,4.44,0.0,0.03,0.01
-0.44,-0.56,4.48,0.0,0.03,0.01
-0.42,-0.59,4.48,-0.0,0.03,0.01
-0.4,-0.59,4.48,-0.01,0.03,0.01
-0.36,-0.59,4.52,-0.01,0.02,0.01
-0.38,-0.57,4.54,-0.01,0.02,0.01
-0.42,-0.52,4.5,-0.01,0.02,0.01
-0.4,-0.56,4.52,-0.01,0.02,0.01
-0.38,-0.59,4.46,-0.01,0.02,0.01
-0.36,-0.63,4.6,-0.01,0.02,0.01
-0.42,-0.56,4.56,-0.01,0.02,0.01
-0.4,-0.56,4.54,-0.01,0.02,0.01
-0.38,-0.56,4.64,-0.01,0.02,0.01
-0.33,-0.56,4.52,-0.01,0.02,0.01
-0.36,-0.57,4.62,-0.01,0.02,0.01
-0.4,-0.59,4.54,-0.01,0.02,0.01
-0.4,-0.59,4.46,-0.01,0.02,0.01
-0.42,-0.59,4.56,-0.01,0.02,0.01
-0.36,-0.59,4.52,-0.01,0.02,0.01
-0.38,-0.61,4.5,-0.01,0.02,0.01
-0.34,-0.65,4.44,-0.01,0.02,0.01
-0.34,-0.63,4.5,-0.01,0.02,0.01
-0.4,-0.65,4.48,-0.01,0.02,0.01
-0.34,-0.63,4.44,-0.01,0.02,0.01
-0.4,-0.65,4.42,-0.01,0.02,0.01
-0.36,-0.67,4.56,-0.01,0.02,0.01
-0.42,-0.63,4.48,-0.01,0.02,0.01
-0.4,-0.67,4.54,-0.01,0.02,0.01
-0.38,-0.65,4.52,-0.02,0.01,0.01
-0.4,-0.67,4.54,-0.02,0.02,0.02
-0.34,-0.61,4.6,-0.02,0.02,0.02
-0.31,-0.65,4.5,-0.02,0.02,0.02
-0.36,-0.61,4.5,-0.01,0.02,0.02
-0.38,-0.52,4.54,-0.01,0.02,0.01
-0.31,-0.61,4.48,-0.0,0.02,0.01
-0.38,-0.56,4.46,-0.0,0.01,0.01
-0.34,-0.54,4.58,-0.01,0.02,0.01
-0.33,-0.5,4.5,-0.01,0.02,0.01
-0.31,-0.56,4.5,-0.01,0.02,0.01
-0.25,-0.52,4.48,-0.01,0.02,0.01
-0.29,-0.57,4.5,-0.02,0.02,0.01
-0.33,-0.59,4.54,-0.02,0.02,0.0
-0.31,-0.59,4.5,-0.02,0.02,0.0
-0.29,-0.57,4.58,-0.02,0.02,0.0
-0.27,-0.54,4.52,-0.02,0.02,0.0
-0.31,-0.65,4.54,-0.02,0.02,0.0
-0.23,-0.69,4.5,-0.02,0.02,0.0
-0.25,-0.59,4.5,-0.02,0.02,0.0
-0.29,-0.57,4.58,-0.02,0.03,0.0
-0.25,-0.59,4.48,-0.02,0.03,0.0
-0.31,-0.61,4.5,-0.02,0.03,0.0
-0.25,-0.69,4.48,-0.02,0.03,0.0
-0.29,-0.67,4.46,-0.02,0.03,0.0
-0.23,-0.69,4.5,-0.01,0.03,-0.0
-0.27,-0.67,4.48,-0.01,0.03,-0.0
-0.29,-0.59,4.54,-0.01,0.03,-0.0
-0.31,-0.59,4.58,-0.01,0.03,-0.0
-0.25,-0.61,4.46,-0.01,0.03,-0.0
-0.23,-0.63,4.5,-0.01,0.03,-0.0
-0.23,-0.59,4.56,-0.0,0.03,-0.0
-0.23,-0.56,4.52,-0.0,0.03,-0.0
-0.25,-0.54,4.54,-0.0,0.03,-0.0
-0.27,-0.5,4.46,-0.0,0.03,-0.0
-0.25,-0.63,4.48,-0.0,0.03,-0.0
-0.31,-0.54,4.5,-0.0,0.03,-0.0
-0.29,-0.59,4.56,-0.0,0.03,-0.0
-0.23,-0.59,4.44,0.0,0.03,-0.0
-0.31,-0.56,4.48,0.0,0.03,-0.01
-0.31,-0.59,4.41,0.0,0.03,-0.01
-0.33,-0.61,4.56,-0.0,0.03,-0.01
-0.31,-0.61,4.54,0.0,0.03,-0.01
-0.25,-0.65,4.48,-0.0,0.03,-0.01
-0.25,-0.57,4.54,-0.0,0.03,-0.01
-0.29,-0.61,4.46,-0.0,0.03,-0.01
-0.29,-0.65,4.48,-0.0,0.03,-0.01
-0.25,-0.69,4.6,-0.0,0.03,-0.01
-0.25,-0.63,4.44,-0.0,0.03,-0.01
-0.23,-0.63,4.52,-0.0,0.04,-0.01
-0.27,-0.63,4.56,-0.0,0.04,-0.01
-0.29,-0.61,4.64,-0.0,0.04,-0.01
-0.23,-0.67,4.52,0.0,0.04,-0.01
-0.25,-0.59,4.54,0.01,0.04,-0.01
-0.25,-0.61,4.48,0.01,0.05,-0.01
-0.23,-0.59,4.46,0.01,0.05,-0.02
-0.25,-0.56,4.52,0.01,0.04,-0.02
-0.27,-0.56,4.54,0.01,0.05,-0.02
-0.31,-0.57,4.46,0.01,0.05,-0.02
-0.33,-0.52,4.46,0.01,0.05,-0.02
-0.31,-0.59,4.5,0.0,0.05,-0.01
-0.34,-0.5,4.48,0.0,0.05,-0.01
-0.33,-0.56,4.54,0.0,0.04,-0.01
-0.33,-0.59,4.52,-0.0,0.04,-0.01
-0.42,-0.59,4.56,-0.0,0.04,-0.01
-0.36,-0.59,4.54,-0.01,0.04,-0.01
-0.34,-0.63,4.56,-0.01,0.04,-0.01
-0.34,-0.57,4.58,-0.01,0.04,-0.0
-0.33,-0.56,4.54,-0.01,0.04,-0.0
-0.33,-0.59,4.52,-0.01,0.04,-0.01
-0.34,-0.67,4.54,-0.0,0.04,-0.01
-0.4,-0.61,4.54,-0.0,0.04,-0.01
-0.36,-0.61,4.46,-0.0,0.04,-0.01
-0.42,-0.61,4.44,-0.0,0.04,-0.01
-0.42,-0.65,4.46,-0.0,0.04,-0.01
-0.38,-0.61,4.42,-0.0,0.04,-0.01
-0.38,-0.65,4.48,-0.0,0.04,-0.0
-0.4,-0.61,4.48,-0.0,0.03,-0.0
-0.38,-0.67,4.56,-0.0,0.03,-0.0
-0.36,-0.65,4.6,-0.0,0.03,-0.0
-0.36,-0.57,4.5,-0.0,0.03,-0.0
-0.38,-0.59,4.54,0.0,0.03,-0.0
-0.34,-0.59,4.52,0.0,0.03,-0.0
-0.36,-0.56,4.5,0.01,0.03,-0.0
-0.27,-0.54,4.52,0.01,0.03,-0.0
-0.34,-0.57,4.58,0.01,0.03,-0.0
-0.31,-0.57,4.56,0.01,0.03,-0.0
-0.42,-0.59,4.6,0.01,0.03,-0.01
-0.38,-0.57,4.54,0.01,0.03,-0.01
-0.38,-0.59,4.52,0.01,0.03,-0.01
-0.4,-0.57,4.58,0.01,0.03,-0.01
-0.48,-0.59,4.56,0.01,0.03,-0.01
-0.42,-0.56,4.42,0.01,0.02,-0.01
-0.34,-0.56,4.46,0.01,0.02,-0.01
-0.34,-0.56,4.54,0.0,0.02,-0.01
-0.34,-0.56,4.37,0.0,0.02,-0.01
-0.33,-0.61,4.44,-0.0,0.02,-0.01
-0.36,-0.61,4.48,-0.0,0.02,-0.01
-0.34,-0.56,4.5,-0.0,0.03,-0.01
-0.33,-0.54,4.54,-0.0,0.03,-0.01
-0.27,-0.65,4.54,-0.0,0.03,-0.01
-0.27,-0.57,4.52,0.0,0.03,-0.01
-0.31,-0.61,4.56,0.0,0.03,-0.01
-0.36,-0.56,4.56,0.01,0.03,-0.01
-0.38,-0.59,4.58,0.01,0.03,-0.01
-0.36,-0.5,4.56,0.01,0.03,-0.01
-0.4,-0.52,4.52,0.01,0.03,-0.01
-0.38,-0.52,4.54,0.01,0.03,-0.01
-0.38,-0.57,4.58,0.01,0.03,-0.01
-0.36,-0.57,4.48,0.0,0.03,-0.01
-0.4,-0.52,4.5,0.0,0.03,-0.01
-0.36,-0.56,4.52,-0.0,0.03,-0.01
-0.44,-0.57,4.5,-0.0,0.02,-0.01
-0.4,-0.57,4.48,-0.01,0.03,-0.01
-0.34,-0.61,4.52,-0.01,0.03,-0.01
-0.33,-0.61,4.56,-0.02,0.03,-0.01
-0.36,-0.63,4.54,-0.02,0.03,-0.01
-0.38,-0.61,4.56,-0.03,0.03,-0.01
-0.33,-0.61,4.62,-0.03,0.04,-0.01
-0.25,-0.63,4.56,-0.04,0.04,-0.01
-0.31,-0.63,4.56,-0.03,0.04,-0.01
-0.31,-0.67,4.58,-0.03,0.04,-0.01
-0.31,-0.65,4.52,-0.02,0.04,-0.01
-0.31,-0.69,4.54,-0.01,0.05,-0.01
-0.29,-0.63,4.56,-0.0,0.05,-0.01
-0.27,-0.61,4.54,0.0,0.05,-0.01
-0.34,-0.56,4.52,0.01,0.05,-0.01
-0.31,-0.57,4.44,0.01,0.04,-0.0
-0.33,-0.54,4.48,0.01,0.04,-0.01
-0.33,-0.56,4.54,0.01,0.04,-0.0
-0.4,-0.52,4.54,0.01,0.03,-0.0
-0.4,-0.54,4.5,0.01,0.03,-0.0
-0.33,-0.59,4.58,0.0,0.03,-0.0
-0.34,-0.57,4.54,0.0,0.03,-0.0
-0.33,-0.52,4.5,0.0,0.03,-0.0
-0.36,-0.54,4.54,-0.0,0.03,-0.0
-0.31,-0.59,4.6,-0.0,0.03,-0.0
-0.33,-0.52,4.62,-0.0,0.03,-0.0
-0.33,-0.56,4.54,0.0,0.03,-0.0
-0.25,-0.52,4.52,0.0,0.03,-0.0
-0.33,-0.5,4.54,0.0,0.03,-0.0
-0.27,-0.59,4.56,0.0,0.03,-0.01
-0.29,-0.54,4.58,0.0,0.04,-0.01
-0.25,-0.56,4.52,-0.0,0.04,-0.0
-0.33,-0.5,4.52,-0.01,0.04,-0.0
-0.33,-0.54,4.5,-0.01,0.04,-0.0
-0.36,-0.5,4.5,-0.02,0.04,-0.0
-0.31,-0.52,4.44,-0.02,0.05,-0.0
-0.33,-0.54,4.52,-0.02,0.05,-0.0
-0.19,-0.25,4.85,-0.03,0.05,-0.0
-0.27,-0.52,4.5,-0.03,0.05,-0.0
-0.21,-0.63,4.54,-0.03,0.06,-0.0
-0.27,-0.57,4.52,-0.03,0.06,-0.0
-0.29,-0.57,4.54,-0.03,0.06,-0.0
-0.25,-0.57,4.5,-0.03,0.06,-0.0
-0.25,-0.61,4.46,-0.03,0.06,-0.0
-0.34,-0.57,4.52,-0.03,0.06,-0.0
-0.29,-0.59,4.52,-0.03,0.07,-0.0
-0.25,-0.57,4.41,-0.03,0.07,-0.0
-0.29,-0.61,4.48,-0.03,0.07,-0.01
-0.23,-0.61,4.42,-0.03,0.07,-0.01
-0.31,-0.63,4.52,-0.03,0.08,-0.01
-0.23,-0.63,4.44,-0.03,0.08,-0.01
-0.25,-0.61,4.46,-0.03,0.09,-0.01
-0.21,-0.61,4.52,-0.02,0.09,-0.01
-0.25,-0.61,4.54,-0.02,0.09,-0.01
-0.29,-0.59,4.52,-0.02,0.09,-0.02
-0.27,-0.65,4.52,-0.02,0.1,-0.02
-0.42,-0.57,4.56,-0.03,0.1,-0.02
-0.4,-0.56,4.54,-0.03,0.1,-0.02
-0.48,-0.57,4.58,-0.03,0.1,-0.02
-0.48,-0.56,4.54,-0.04,0.1,-0.01
-0.44,-0.57,4.56,-0.05,0.1,-0.02
-0.5,-0.57,4.58,-0.05,0.1,-0.01
-0.5,-0.59,4.58,-0.06,0.1,-0.01
-0.44,-0.65,4.64,-0.06,0.1,-0.01
-0.46,-0.65,4.64,-0.06,0.1,-0.01
-0.46,-0.63,4.58,-0.06,0.1,-0.01
-0.44,-0.65,4.52,-0.07,0.1,-0.01
-0.52,-0.69,4.62,-0.06,0.09,-0.01
-0.52,-0.67,4.52,-0.06,0.09,-0.01
-0.59,-0.67,4.44,-0.06,0.09,-0.01
-0.56,-0.69,4.37,-0.06,0.09,-0.01
-0.57,-0.69,4.41,-0.06,0.09,-0.01
-0.59,-0.65,4.39,-0.07,0.1,-0.0
-0.61,-0.63,4.33,-0.07,0.1,-0.0
-0.56,-0.59,4.42,-0.08,0.1,0.0
-0.56,-0.63,4.42,-0.09,0.11,0.01
-0.52,-0.61,4.42,-0.09,0.11,0.01
-0.54,-0.65,4.48,-0.1,0.11,0.01
-0.59,-0.65,4.56,-0.11,0.11,0.01
-0.59,-0.65,4.64,-0.12,0.11,0.02
-0.52,-0.69,4.62,-0.13,0.11,0.02
-0.59,-0.67,4.54,-0.13,0.11,0.02
-0.59,-0.69,4.6,-0.14,0.11,0.02
-0.61,-0.63,4.52,-0.14,0.11,0.03
-0.52,-0.65,4.58,-0.14,0.11,0.03
-0.52,-0.71,4.58,-0.14,0.11,0.03
-0.54,-0.69,4.6,-0.14,0.11,0.03
-0.52,-0.69,4.52,-0.14,0.11,0.03
-0.57,-0.65,4.41,-0.14,0.11,0.03
-0.54,-0.67,4.35,-0.14,0.12,0.03
-0.56,-0.67,4.27,-0.15,0.12,0.03
-0.54,-0.71,4.37,-0.16,0.13,0.03
-0.5,-0.73,4.37,-0.17,0.13,0.03
-0.48,-0.75,4.35,-0.18,0.14,0.03
-0.44,-0.73,4.44,-0.2,0.14,0.02
-0.5,-0.77,4.37,-0.21,0.15,0.02
-0.46,-0.8,4.48,-0.22,0.14,0.02
-0.44,-0.88,4.44,-0.23,0.14,0.01
-0.42,-0.86,4.54,-0.23,0.14,0.01
-0.36,-0.92,4.48,-0.23,0.14,0.01
-0.34,-0.94,4.46,-0.23,0.15,0.01
-0.34,-0.92,4.5,-0.22,0.15,0.01
-0.29,-0.94,4.46,-0.21,0.16,0.01
-0.23,-0.92,4.56,-0.19,0.17,0.01
-0.33,-0.92,4.56,-0.18,0.18,0.01
-0.33,-0.88,4.5,-0.16,0.18,0.01
-0.38,-0.88,4.44,-0.15,0.18,0.02
-0.42,-0.84,4.44,-0.14,0.18,0.02
-0.36,-0.9,4.46,-0.14,0.17,0.02
-0.36,-0.94,4.48,-0.13,0.16,0.02
-0.38,-0.9,4.39,-0.13,0.15,0.02
-0.42,-0.92,4.48,-0.13,0.14,0.03
-0.44,-1.02,4.52,-0.13,0.13,0.03
-0.46,-1.07,4.44,-0.13,0.12,0.03
-0.57,-1.05,4.48,-0.12,0.11,0.03
-0.63,-1.07,4.5,-0.12,0.1,0.03
-0.67,-1.09,4.52,-0.11,0.08,0.02
-0.75,-1.13,4.5,-0.1,0.07,0.02
-0.77,-1.17,4.46,-0.09,0.06,0.02
-0.79,-1.13,4.46,-0.08,0.05,0.02
-0.8,-1.09,4.42,-0.06,0.04,0.02
-0.79,-1.15,4.41,-0.04,0.03,0.02
-0.88,-1.03,4.31,-0.03,0.03,0.02
-0.92,-1.02,4.46,-0.01,0.03,0.01
-0.9,-1.03,4.35,-0.0,0.03,0.01
-0.86,-0.98,4.42,0.0,0.03,0.01
-0.9,-0.94,4.35,0.01,0.03,0.01
-0.84,-0.92,4.37,0.0,0.03,0.02
-0.86,-1.02,4.31,0.0,0.03,0.02
-0.88,-0.98,4.37,-0.0,0.03,0.02
-0.86,-0.96,4.46,-0.01,0.02,0.02
-0.9,-1.03,4.44,-0.01,0.02,0.02
-0.9,-1.02,4.48,-0.01,0.01,0.02
-0.92,-1.09,4.42,-0.02,0.0,0.02
-0.92,-1.13,4.44,-0.02,-0.0,0.02
-0.9,-1.13,4.44,-0.03,-0.0,0.02
-0.94,-1.15,4.39,-0.03,-0.01,0.02
-0.94,-1.17,4.42,-0.03,-0.01,0.02
-0.84,-1.21,4.46,-0.03,-0.01,0.02
-0.84,-1.23,4.42,-0.03,-0.02,0.02
-0.84,-1.15,4.39,-0.03,-0.02,0.02
-0.79,-1.21,4.29,-0.03,-0.02,0.02
-0.84,-1.15,4.29,-0.03,-0.02,0.02
-0.82,-1.21,4.31,-0.03,-0.01,0.02
-0.8,-1.21,4.37,-0.03,-0.01,0.01
-0.8,-1.21,4.27,-0.04,-0.0,0.01
-0.8,-1.24,4.37,-0.04,-0.0,0.01
-0.9,-1.21,4.31,-0.04,-0.0,0.01
-0.9,-1.23,4.31,-0.04,-0.0,0.0
-0.88,-1.23,4.41,-0.04,-0.01,0.01
-0.88,-1.17,4.35,-0.04,-0.01,0.0
-0.9,-1.21,4.33,-0.04,-0.01,0.01
-0.92,-1.21,4.37,-0.04,-0.02,0.0
-0.94,-1.26,4.25,-0.04,-0.02,0.01
-0.92,-1.15,4.39,-0.04,-0.02,0.01
-0.94,-1.17,4.37,-0.03,-0.02,0.01
-0.96,-1.15,4.41,-0.03,-0.02,0.01
-0.9,-1.19,4.41,-0.02,-0.02,0.01
-0.96,-1.11,4.41,-0.01,-0.02,0.0
-0.98,-1.0,4.42,-0.0,-0.03,0.0
-0.98,-1.02,4.37,-0.0,-0.03,-0.0
-0.92,-1.02,4.35,-0.0,-0.03,-0.0
-0.88,-1.0,4.27,-0.01,-0.04,-0.0
-0.9,-0.96,4.33,-0.01,-0.04,-0.0
-0.8,-1.02,4.33,-0.02,-0.04,-0.01
-0.82,-0.98,4.29,-0.02,-0.03,-0.01
-0.75,-1.0,4.29,-0.02,-0.03,-0.01
-0.77,-1.07,4.27,-0.02,-0.02,-0.01
-0.65,-1.03,4.25,-0.02,-0.02,-0.01
-0.69,-1.0,4.33,-0.01,-0.02,-0.01
-0.59,-1.05,4.35,-0.01,-0.01,-0.02
-0.56,-1.09,4.37,-0.02,-0.01,-0.02
-0.54,-1.11,4.42,-0.02,-0.01,-0.02
-0.52,-1.11,4.35,-0.02,-0.01,-0.02
-0.57,-1.17,4.39,-0.03,-0.01,-0.03
-0.5,-1.21,4.46,-0.03,-0.01,-0.03
-0.59,-1.24,4.5,-0.03,-0.02,-0.03
-0.61,-1.28,4.54,-0.02,-0.02,-0.03
-0.65,-1.3,4.42,-0.01,-0.02,-0.04
-0.67,-1.32,4.42,0.01,-0.02,-0.04
-0.75,-1.32,4.46,0.03,-0.01,-0.04
-0.79,-1.3,4.35,0.05,-0.01,-0.05
-0.75,-1.24,4.31,0.06,-0.01,-0.05
-0.82,-1.24,4.35,0.07,-0.01,-0.05
-0.75,-1.26,4.23,0.08,-0.02,-0.05
-0.82,-1.15,4.35,0.07,-0.03,-0.05
-0.84,-1.13,4.33,0.07,-0.04,-0.05
-0.8,-1.15,4.29,0.06,-0.04,-0.05
-0.8,-1.05,4.41,0.05,-0.05,-0.05
-0.79,-1.05,4.39,0.05,-0.05,-0.05
-0.71,-1.02,4.35,0.05,-0.05,-0.05
-0.65,-1.02,4.31,0.06,-0.05,-0.05
-0.57,-0.92,4.39,0.05,-0.04,-0.05
-0.52,-0.96,4.35,0.05,-0.03,-0.05
-0.46,-1.0,4.46,0.05,-0.03,-0.05
-0.48,-1.0,4.46,0.04,-0.03,-0.06
-0.48,-0.96,4.58,0.04,-0.03,-0.06
-0.46,-1.02,4.58,0.04,-0.04,-0.06
-0.48,-1.0,4.44,0.04,-0.04,-0.06
-0.56,-0.94,4.5,0.05,-0.05,-0.06
-0.59,-0.92,4.64,0.04,-0.06,-0.06
-0.59,-1.0,4.44,0.04,-0.06,-0.06
-0.69,-0.92,4.39,0.04,-0.07,-0.06
-0.65,-0.96,4.35,0.03,-0.07,-0.05
-0.61,-1.02,4.33,0.02,-0.07,-0.05
-0.59,-0.98,4.41,0.01,-0.06,-0.05
-0.52,-0.98,4.31,0.0,-0.06,-0.05
-0.44,-1.02,4.29,-0.0,-0.05,-0.05
-0.42,-1.02,4.25,-0.01,-0.04,-0.05
-0.42,-1.0,4.37,-0.01,-0.02,-0.05
-0.38,-0.98,4.42,-0.0,-0.02,-0.06
-0.33,-1.02,4.46,0.01,-0.01,-0.06
-0.27,-0.98,4.52,0.01,-0.01,-0.06
-0.34,-0.9,4.48,0.02,-0.01,-0.07
-0.33,-0.9,4.41,0.02,-0.01,-0.07
-0.36,-0.9,4.5,0.02,-0.01,-0.07
-0.34,-0.86,4.5,0.02,-0.02,-0.07
-0.44,-0.88,4.48,0.01,-0.03,-0.07
-0.44,-0.84,4.44,0.01,-0.03,-0.06
-0.31,-0.92,4.37,0.01,-0.04,-0.06
-0.36,-0.86,4.39,0.02,-0.04,-0.06
-0.25,-0.92,4.41,0.02,-0.04,-0.05
-0.29,-0.86,4.41,0.03,-0.04,-0.05
-0.25,-0.98,4.46,0.03,-0.04,-0.05
-0.23,-0.9,4.42,0.04,-0.04,-0.05
-0.23,-0.84,4.35,0.05,-0.03,-0.05
-0.21,-0.92,4.48,0.05,-0.03,-0.06
-0.11,-0.88,4.41,0.05,-0.03,-0.06
-0.13,-0.9,4.48,0.06,-0.03,-0.06
-0.11,-0.9,4.37,0.06,-0.03,-0.07
-0.13,-0.9,4.41,0.06,-0.03,-0.07
-0.17,-0.84,4.35,0.06,-0.03,-0.07
-0.17,-1.0,4.31,0.05,-0.03,-0.08
-0.25,-0.98,4.33,0.05,-0.03,-0.07
-0.23,-1.05,4.33,0.06,-0.02,-0.08
-0.25,-1.0,4.29,0.06,-0.03,-0.07
-0.33,-1.02,4.33,0.07,-0.03,-0.07
-0.34,-1.0,4.23,0.08,-0.03,-0.07
-0.36,-1.02,4.35,0.1,-0.03,-0.06
-0.29,-1.02,4.23,0.11,-0.03,-0.05
-0.23,-1.0,4.21,0.13,-0.03,-0.05
-0.21,-1.02,4.29,0.14,-0.03,-0.05
-0.1,-1.0,4.29,0.15,-0.04,-0.05
0.1,-0.98,4.39,0.16,-0.04,-0.05
0.11,-1.02,4.37,0.16,-0.04,-0.06
0.15,-1.03,4.39,0.17,-0.04,-0.07
0.17,-1.05,4.44,0.18,-0.04,-0.08
0.17,-1.02,4.5,0.18,-0.04,-0.09
0.1,-1.0,4.54,0.19,-0.04,-0.1
0.1,-1.11,4.58,0.2,-0.04,-0.1
0.0,-1.13,4.64,0.22,-0.04,-0.11
-0.02,-1.15,4.64,0.23,-0.04,-0.12
0.0,-1.07,4.65,0.25,-0.05,-0.13
-0.06,-1.07,4.64,0.26,-0.05,-0.13
-0.08,-1.13,4.62,0.27,-0.05,-0.14
-0.02,-1.13,4.75,0.28,-0.06,-0.15
-0.13,-1.09,4.75,0.29,-0.06,-0.15
-0.21,-1.07,4.87,0.3,-0.06,-0.15
-0.23,-1.0,4.88,0.3,-0.07,-0.15
-0.25,-0.96,4.92,0.31,-0.08,-0.14
-0.27,-0.8,4.94,0.32,-0.09,-0.14
-0.25,-0.71,4.94,0.33,-0.1,-0.13
-0.21,-0.59,5.02,0.33,-0.1,-0.12
-0.13,-0.5,5.0,0.32,-0.1,-0.11
-0.15,-0.36,5.09,0.3,-0.09,-0.11
-0.13,-0.27,5.09,0.27,-0.08,-0.1
-0.19,-0.25,5.09,0.23,-0.08,-0.1
-0.17,-0.27,5.11,0.19,-0.08,-0.1
-0.21,-0.27,5.19,0.15,-0.1,-0.1
-0.25,-0.31,5.19,0.11,-0.12,-0.11
-0.33,-0.17,5.21,0.08,-0.14,-0.12
-0.31,-0.34,5.17,0.05,-0.17,-0.13
-0.36,-0.33,5.15,0.05,-0.2,-0.14
-0.44,-0.57,5.0,0.05,-0.23,-0.15
-0.42,-0.48,5.15,0.07,-0.26,-0.16
-0.46,-0.69,4.9,0.08,-0.28,-0.17
-0.23,-0.52,5.04,0.09,-0.3,-0.17
-0.5,-0.59,4.98,0.09,-0.32,-0.17
-0.56,-0.59,5.08,0.09,-0.33,-0.17
-0.56,-0.46,4.9,0.07,-0.35,-0.17
-0.4,-0.5,4.98,0.06,-0.37,-0.17
-0.48,-0.71,4.96,0.04,-0.39,-0.17
-0.52,-0.73,5.15,0.03,-0.41,-0.18
-0.31,-0.73,5.02,0.02,-0.43,-0.18
-0.23,-1.13,4.94,0.02,-0.45,-0.18
-0.23,-1.13,5.08,0.03,-0.47,-0.19
0.0,-1.03,5.02,0.05,-0.49,-0.2
-0.06,-1.28,5.0,0.08,-0.51,-0.21
0.11,-1.0,4.83,0.11,-0.53,-0.22
0.29,-0.88,4.87,0.15,-0.54,-0.23
0.42,-0.63,4.83,0.19,-0.56,-0.24
0.5,-0.57,4.85,0.22,-0.57,-0.25
0.57,-0.36,4.54,0.24,-0.58,-0.25
0.59,-0.08,4.65,0.25,-0.59,-0.25
0.63,-0.04,4.58,0.24,-0.6,-0.25
0.73,-0.13,4.44,0.22,-0.61,-0.25
0.8,0.44,4.41,0.19,-0.61,-0.25
0.79,0.29,4.79,0.15,-0.62,-0.26
0.94,0.33,4.65,0.11,-0.63,-0.26
0.79,0.1,4.48,0.06,-0.65,-0.27
0.92,0.34,4.79,0.01,-0.66,-0.27
0.88,0.33,4.83,-0.02,-0.68,-0.28
0.96,0.13,4.71,-0.05,-0.7,-0.29
0.92,0.1,4.58,-0.07,-0.73,-0.3
0.9,0.1,4.71,-0.08,-0.76,-0.31
0.57,0.04,4.65,-0.1,-0.78,-0.31
0.86,0.04,4.69,-0.11,-0.81,-0.31
1.02,0.08,4.67,-0.12,-0.83,-0.32
0.98,-0.1,4.41,-0.13,-0.85,-0.33
0.98,-0.02,4.37,-0.14,-0.86,-0.34
1.02,-0.02,4.33,-0.15,-0.86,-0.35
1.15,-0.04,4.19,-0.15,-0.86,-0.36
1.28,-0.08,4.23,-0.16,-0.86,-0.36
1.36,0.02,4.18,-0.17,-0.86,-0.37
1.49,-0.06,4.12,-0.18,-0.87,-0.37
1.55,-0.08,4.06,-0.19,-0.88,-0.37
1.69,-0.06,4.04,-0.19,-0.88,-0.38
1.72,-0.08,3.85,-0.2,-0.88,-0.39
1.69,-0.17,3.93,-0.2,-0.88,-0.4
1.9,-0.08,4.06,-0.21,-0.87,-0.41
2.01,-0.1,3.89,-0.21,-0.87,-0.42
1.95,-0.06,3.89,-0.21,-0.86,-0.42
1.67,0.0,4.18,-0.21,-0.86,-0.43
1.69,-0.11,3.98,-0.21,-0.87,-0.43
1.55,-0.02,3.93,-0.2,-0.89,-0.43
1.67,-0.1,3.91,-0.19,-0.92,-0.43
1.63,0.15,3.75,-0.18,-0.94,-0.42
1.46,0.11,3.6,-0.16,-0.96,-0.43
1.74,0.11,3.64,-0.15,-0.97,-0.43
1.59,0.08,3.6,-0.13,-0.97,-0.44
2.05,0.13,3.51,-0.11,-0.96,-0.44
2.03,0.19,3.62,-0.09,-0.96,-0.44
2.01,-0.23,3.96,-0.05,-0.95,-0.43
2.22,-0.19,3.56,-0.03,-0.94,-0.42
2.26,-0.27,3.68,-0.01,-0.92,-0.42
2.43,-0.31,3.62,0.01,-0.9,-0.41
2.53,-0.36,3.56,0.04,-0.87,-0.39
2.66,-0.44,3.51,0.07,-0.83,-0.36
2.89,-0.46,3.41,0.12,-0.8,-0.34
2.89,-0.5,3.03,0.16,-0.77,-0.32
3.1,-0.33,2.87,0.19,-0.75,-0.29
3.12,-0.25,2.83,0.19,-0.73,-0.27
3.03,-0.1,2.47,0.19,-0.7,-0.24
3.24,0.06,2.49,0.16,-0.67,-0.22
2.99,0.11,2.36,0.14,-0.62,-0.19
3.05,0.19,2.28,0.11,-0.55,-0.16
3.16,0.54,2.38,0.07,-0.46,-0.14
3.24,0.63,2.2,0.03,-0.36,-0.11
3.16,0.59,2.68,-0.01,-0.28,-0.09
3.06,0.4,2.82,-0.03,-0.21,-0.08
2.95,0.29,2.89,-0.04,-0.15,-0.08
2.91,0.31,2.85,-0.03,-0.1,-0.07
2.74,0.4,2.85,-0.01,-0.06,-0.06
2.55,0.36,2.76,-0.0,-0.02,-0.05
2.43,0.36,2.32,0.01,0.01,-0.03
2.18,0.19,2.18,0.01,0.03,-0.02
1.86,0.17,2.01,0.0,0.04,-0.01
1.69,0.13,1.97,-0.01,0.06,0.01
1.55,0.15,2.03,-0.04,0.07,0.02
1.26,-0.02,2.16,-0.05,0.07,0.03
1.11,-0.06,2.41,-0.06,0.07,0.05
0.96,-0.11,2.57,-0.06,0.06,0.07
0.8,-0.19,2.7,-0.05,0.04,0.09
0.82,-0.17,2.74,-0.04,0.02,0.11
1.02,-0.23,2.97,-0.03,0.0,0.13
1.19,-0.23,3.01,-0.04,-0.01,0.15
1.05,-0.36,3.1,-0.05,-0.02,0.17
1.47,-0.46,3.24,-0.06,-0.02,0.18
1.76,-0.52,3.79,-0.06,-0.02,0.19
1.88,-0.5,3.75,-0.06,-0.03,0.2
2.2,-0.33,4.14,-0.06,-0.05,0.21
2.57,-0.69,4.0,-0.06,-0.07,0.21
2.87,-0.57,3.89,-0.05,-0.09,0.21
3.43,-0.54,3.95,-0.05,-0.1,0.2
4.06,-0.36,4.1,-0.05,-0.09,0.19
4.27,-0.33,4.58,-0.06,-0.03,0.18
4.31,-0.5,4.71,-0.07,0.06,0.15
4.6,-0.21,5.21,-0.1,0.15,0.14
5.32,-0.27,5.73,-0.13,0.24,0.11
5.96,-0.29,6.36,-0.17,0.35,0.08
6.65,-0.25,7.18,-0.21,0.47,0.05
6.28,-0.27,7.45,-0.25,0.55,0.01
6.44,-0.31,7.74,-0.26,0.59,-0.05
6.13,-0.36,7.81,-0.26,0.55,-0.11
5.36,-0.38,7.57,-0.25,0.46,-0.15
4.1,-0.27,7.03,-0.22,0.31,-0.15
2.83,-0.17,6.17,-0.18,0.08,-0.07
1.86,-0.06,5.32,-0.13,-0.11,0.01
1.34,-0.06,4.87,-0.1,-0.3,0.07
1.03,-0.02,4.14,-0.07,-0.47,0.1
0.94,-0.06,3.18,-0.05,-0.59,0.1
0.98,-0.29,2.22,-0.03,-0.64,0.07
1.3,-0.48,1.44,-0.04,-0.61,0.03
1.8,-0.73,1.11,-0.07,-0.52,-0.03
2.32,-1.02,1.05,-0.11,-0.39,-0.1
2.7,-1.26,1.36,-0.15,-0.25,-0.19
2.87,-1.34,1.7,-0.17,-0.07,-0.25
3.06,-1.4,2.34,-0.16,0.06,-0.3
3.16,-1.32,2.82,-0.12,0.15,-0.32
3.16,-1.13,3.2,-0.07,0.2,-0.33
3.35,-0.67,3.41,-0.02,0.21,-0.33
3.24,-0.19,3.62,0.01,0.19,-0.31
3.28,0.25,3.87,0.03,0.16,-0.27
3.29,0.61,3.96,0.02,0.11,-0.23
3.29,1.0,4.12,-0.01,0.06,-0.19
3.16,1.24,4.21,-0.04,0.01,-0.13
3.12,1.36,4.27,-0.08,-0.02,-0.08
3.08,1.24,4.19,-0.11,-0.05,-0.04
2.95,1.15,4.21,-0.13,-0.06,-0.0
2.89,0.9,4.1,-0.15,-0.07,0.01
2.87,0.69,3.81,-0.15,-0.07,0.01
2.74,0.33,3.85,-0.15,-0.08,0.01
2.57,-0.04,3.81,-0.14,-0.09,-0.0
2.57,-0.38,3.66,-0.13,-0.09,-0.02
2.45,-0.73,3.75,-0.11,-0.11,-0.03
2.51,-0.9,3.73,-0.08,-0.11,-0.04
2.49,-1.19,3.7,-0.05,-0.12,-0.05
2.51,-1.21,3.79,-0.03,-0.12,-0.05
2.43,-1.24,3.77,-0.02,-0.12,-0.06
2.51,-1.15,3.81,-0.01,-0.11,-0.06
2.45,-1.05,3.89,-0.01,-0.11,-0.07
2.57,-0.77,4.04,-0.01,-0.11,-0.08
2.45,-0.57,3.89,-0.01,-0.12,-0.08
2.51,-0.34,3.83,-0.01,-0.12,-0.09
2.72,-0.08,3.89,-0.02,-0.13,-0.09
2.7,-0.08,3.64,-0.03,-0.14,-0.09
2.64,0.15,4.1,-0.03,-0.14,-0.08
2.76,0.27,3.83,-0.02,-0.14,-0.08
2.74,0.27,3.87,-0.01,-0.14,-0.07
2.8,0.23,3.54,-0.0,-0.14,-0.06
3.06,0.4,3.49,-0.0,-0.14,-0.06
2.64,0.46,3.47,-0.01,-0.14,-0.06
2.7,0.17,3.56,-0.01,-0.15,-0.06
2.66,0.27,3.43,-0.01,-0.18,-0.06
2.7,0.17,3.79,-0.01,-0.2,-0.06
2.49,-0.06,3.68,0.0,-0.23,-0.06
3.01,-0.04,3.73,0.02,-0.25,-0.05
2.99,-0.15,3.72,0.03,-0.26,-0.06
2.99,-0.21,3.43,0.03,-0.27,-0.05
3.01,-0.25,3.56,0.03,-0.27,-0.06
2.97,-0.29,3.45,0.02,-0.28,-0.06
2.97,-0.21,3.52,0.01,-0.28,-0.06
3.01,-0.23,3.51,-0.0,-0.29,-0.06
3.01,-0.34,3.49,-0.01,-0.31,-0.06
3.01,-0.57,3.62,-0.0,-0.33,-0.07
3.14,-0.19,3.39,0.02,-0.35,-0.07
3.18,-0.29,3.35,0.03,-0.36,-0.08
3.33,-0.13,3.24,0.05,-0.36,-0.1
3.24,-0.11,3.31,0.06,-0.37,-0.11
3.39,0.06,3.31,0.06,-0.39,-0.12
3.14,-0.06,2.91,0.07,-0.4,-0.13
3.1,0.0,3.31,0.07,-0.41,-0.13
3.2,0.23,3.2,0.07,-0.42,-0.13
3.31,0.34,3.22,0.08,-0.43,-0.12
3.31,0.19,3.35,0.08,-0.46,-0.11
3.43,0.5,3.26,0.08,-0.49,-0.11
3.39,0.36,2.93,0.07,-0.52,-0.1
3.54,0.63,2.87,0.05,-0.54,-0.1
3.73,0.42,2.87,0.03,-0.56,-0.09
3.85,0.9,2.59,0.01,-0.58,-0.09
4.02,0.5,2.57,-0.01,-0.6,-0.08
4.14,0.4,2.74,-0.03,-0.61,-0.07
4.42,0.25,2.89,-0.04,-0.61,-0.06
4.46,0.23,3.03,-0.05,-0.62,-0.06
4.5,0.02,3.22,-0.04,-0.63,-0.05
4.42,-0.04,3.31,-0.04,-0.65,-0.04
4.42,-0.17,3.31,-0.03,-0.68,-0.02
4.21,-0.27,3.01,-0.02,-0.72,-0.01
4.08,-0.34,2.57,0.01,-0.78,0.0
4.06,-0.36,2.13,0.03,-0.84,0.03
3.75,-0.46,1.63,0.05,-0.89,0.05
3.89,-0.61,1.3,0.06,-0.91,0.06
3.87,-0.38,1.11,0.08,-0.91,0.07
3.87,-0.38,1.23,0.09,-0.9,0.07
4.37,-0.27,1.19,0.09,-0.87,0.07
4.29,-0.25,1.24,0.1,-0.82,0.06
4.58,-0.34,1.4,0.11,-0.76,0.06
4.85,-0.27,1.7,0.11,-0.69,0.05
4.98,-0.25,1.9,0.12,-0.63,0.04
5.31,0.06,1.97,0.13,-0.57,0.04
5.32,0.08,2.34,0.13,-0.52,0.03
5.54,0.27,2.55,0.13,-0.49,0.03
5.31,0.38,2.3,0.12,-0.47,0.04
5.34,0.4,2.43,0.1,-0.47,0.06
5.23,0.46,2.07,0.08,-0.48,0.08
5.17,0.33,2.05,0.05,-0.47,0.11
5.13,0.13,1.82,0.02,-0.48,0.14
4.92,-0.04,1.69,-0.01,-0.49,0.15
4.71,-0.23,1.67,-0.04,-0.51,0.16
4.58,-0.38,1.7,-0.05,-0.53,0.16
4.41,-0.52,1.74,-0.05,-0.53,0.16
4.29,-0.57,1.76,-0.04,-0.52,0.14
4.06,-0.65,1.82,-0.04,-0.51,0.12
3.91,-0.61,1.7,-0.04,-0.49,0.1
3.79,-0.59,1.59,-0.04,-0.48,0.07
3.77,-0.57,1.55,-0.04,-0.46,0.05
3.83,-0.67,1.53,-0.05,-0.44,0.03
3.81,-0.65,1.53,-0.05,-0.41,-0.0
3.75,-0.69,1.7,-0.05,-0.38,-0.03
3.81,-0.79,2.03,-0.03,-0.35,-0.06
3.81,-0.75,2.24,0.0,-0.33,-0.09
3.68,-0.71,2.18,0.04,-0.32,-0.12
3.83,-0.54,2.18,0.08,-0.33,-0.13
3.87,-0.33,2.03,0.09,-0.34,-0.15
3.93,-0.08,1.69,0.09,-0.36,-0.16
4.0,0.0,1.59,0.07,-0.37,-0.16
4.02,0.02,1.65,0.05,-0.38,-0.16
4.12,0.0,1.69,0.03,-0.39,-0.16
4.08,-0.08,1.72,0.01,-0.39,-0.16
4.06,-0.11,1.76,0.0,-0.4,-0.15
4.0,-0.25,1.67,-0.01,-0.42,-0.15
3.98,-0.4,1.61,-0.01,-0.44,-0.16
3.95,-0.48,1.57,0.0,-0.45,-0.17
4.0,-0.57,1.4,0.02,-0.45,-0.19
3.85,-0.56,1.3,0.03,-0.45,-0.18
3.83,-0.56,1.32,0.05,-0.44,-0.19
3.79,-0.52,1.3,0.07,-0.43,-0.2
4.0,-0.4,1.23,0.1,-0.41,-0.22
4.29,-0.33,1.32,0.13,-0.39,-0.23
4.54,-0.23,1.21,0.16,-0.35,-0.23
4.73,-0.06,1.24,0.17,-0.31,-0.23
4.9,0.06,1.34,0.17,-0.26,-0.23
5.13,0.23,1.3,0.17,-0.22,-0.24
5.15,0.46,1.4,0.16,-0.19,-0.26
5.11,0.59,1.42,0.15,-0.17,-0.28
5.02,0.77,1.51,0.15,-0.15,-0.29
4.9,0.86,1.42,0.14,-0.13,-0.29
4.85,1.03,1.53,0.14,-0.12,-0.3
4.69,1.11,1.42,0.13,-0.12,-0.3
4.77,1.13,1.09,0.13,-0.13,-0.3
4.87,1.13,1.11,0.1,-0.14,-0.29
4.81,1.17,0.9,0.06,-0.16,-0.29
4.81,1.07,0.82,0.04,-0.17,-0.28
4.83,0.94,0.96,0.02,-0.18,-0.26
4.79,0.8,1.07,0.01,-0.19,-0.25
4.85,0.61,1.13,0.01,-0.2,-0.25
4.9,0.4,1.44,0.03,-0.22,-0.25
4.96,0.31,1.7,0.04,-0.23,-0.25
5.04,0.17,1.92,0.08,-0.24,-0.24
5.25,0.23,2.05,0.11,-0.27,-0.24
5.25,0.34,2.03,0.13,-0.29,-0.24
5.19,0.54,1.88,0.12,-0.33,-0.23
5.23,0.69,1.84,0.09,-0.35,-0.21
5.34,0.84,1.53,0.06,-0.37,-0.19
5.46,1.03,1.42,0.02,-0.4,-0.17
5.5,1.0,1.19,-0.02,-0.41,-0.15
5.42,1.15,1.0,-0.04,-0.42,-0.13
5.38,1.15,0.8,-0.05,-0.41,-0.12
5.34,1.19,0.5,-0.06,-0.4,-0.11
5.25,1.09,0.36,-0.06,-0.39,-0.1
5.15,1.02,0.19,-0.06,-0.37,-0.1
5.09,1.05,0.1,-0.06,-0.35,-0.1
5.08,0.96,-0.02,-0.07,-0.34,-0.1
5.04,0.86,-0.04,-0.07,-0.32,-0.11
4.96,0.75,0.06,-0.08,-0.3,-0.11
4.9,0.46,0.13,-0.08,-0.27,-0.12
4.88,0.48,0.21,-0.07,-0.25,-0.12
4.83,0.46,0.33,-0.06,-0.23,-0.13
4.75,0.44,0.4,-0.04,-0.21,-0.13
4.83,0.48,0.44,-0.02,-0.19,-0.13
4.77,0.48,0.4,0.01,-0.18,-0.13
4.88,0.61,0.33,0.02,-0.16,-0.13
4.98,0.63,0.27,0.02,-0.15,-0.13
5.02,0.61,0.42,0.01,-0.15,-0.13
4.92,0.67,0.48,-0.01,-0.15,-0.13
5.08,0.75,0.46,-0.02,-0.14,-0.13
5.08,0.79,0.54,-0.02,-0.14,-0.13
5.08,0.79,0.46,-0.03,-0.13,-0.13
5.0,0.96,0.44,-0.04,-0.12,-0.13
5.11,0.98,0.33,-0.05,-0.11,-0.11
5.31,1.05,0.38,-0.08,-0.11,-0.1
5.25,0.98,0.34,-0.11,-0.11,-0.1
5.25,0.94,0.48,-0.14,-0.11,-0.1
5.15,0.79,0.38,-0.17,-0.11,-0.09
5.06,0.75,0.48,-0.18,-0.1,-0.09
5.09,0.67,0.54,-0.18,-0.1,-0.09
4.94,0.57,0.52,-0.18,-0.1,-0.09
4.96,0.59,0.54,-0.18,-0.09,-0.08
5.0,0.54,0.63,-0.17,-0.09,-0.07
4.98,0.57,0.67,-0.17,-0.09,-0.07
4.88,0.63,0.71,-0.16,-0.09,-0.07
4.94,0.59,0.71,-0.16,-0.09,-0.06
5.0,0.63,0.75,-0.15,-0.09,-0.05
5.04,0.67,0.79,-0.15,-0.08,-0.05
4.96,0.65,0.69,-0.15,-0.08,-0.05
5.21,0.9,0.8,-0.15,-0.07,-0.05
5.02,0.75,0.52,-0.14,-0.06,-0.04
5.02,0.77,0.59,-0.14,-0.05,-0.04
5.02,0.77,0.54,-0.14,-0.03,-0.04
5.0,0.73,0.52,-0.14,-0.01,-0.05
5.0,0.73,0.34,-0.15,-0.0,-0.05
4.98,0.63,0.56,-0.15,0.01,-0.05
4.96,0.59,0.59,-0.16,0.01,-0.06
5.0,0.36,0.67,-0.15,0.01,-0.06
4.96,0.36,0.67,-0.15,0.0,-0.06
5.0,0.34,0.75,-0.14,0.0,-0.07
4.96,0.31,0.84,-0.13,0.0,-0.07
4.9,0.27,0.82,-0.12,-0.0,-0.07
4.85,0.46,0.82,-0.1,-0.01,-0.08
4.83,0.48,0.86,-0.08,-0.02,-0.08
4.88,0.57,0.84,-0.06,-0.04,-0.08
5.0,0.71,0.75,-0.05,-0.05,-0.08
4.94,0.86,0.77,-0.05,-0.07,-0.08
4.96,1.02,0.69,-0.05,-0.08,-0.08
4.94,1.03,0.59,-0.06,-0.09,-0.07
4.94,1.03,0.56,-0.07,-0.09,-0.07
4.9,1.05,0.42,-0.08,-0.09,-0.06
4.88,1.07,0.33,-0.09,-0.09,-0.06
4.9,1.0,0.33,-0.1,-0.09,-0.06
4.88,0.92,0.31,-0.1,-0.08,-0.06
4.83,0.84,0.36,-0.11,-0.08,-0.06
4.87,0.79,0.4,-0.1,-0.08,-0.06
4.83,0.73,0.5,-0.1,-0.07,-0.07
4.83,0.65,0.46,-0.09,-0.07,-0.07
4.94,0.69,0.54,-0.08,-0.07,-0.08
4.92,0.71,0.46,-0.07,-0.06,-0.08
4.96,0.75,0.4,-0.07,-0.05,-0.09
5.0,0.79,0.54,-0.06,-0.04,-0.09
4.92,0.77,0.56,-0.06,-0.03,-0.09
4.94,0.84,0.46,-0.06,-0.02,-0.1
4.87,0.84,0.52,-0.07,-0.02,-0.1
4.88,0.84,0.46,-0.07,-0.01,-0.1
4.85,0.86,0.4,-0.07,-0.01,-0.1
4.92,0.84,0.44,-0.08,-0.01,-0.1
4.92,0.8,0.36,-0.08,-0.01,-0.1
4.83,0.86,0.42,-0.07,-0.01,-0.1
4.75,0.8,0.42,-0.07,-0.01,-0.09
4.79,0.82,0.38,-0.07,-0.01,-0.09
4.77,0.79,0.44,-0.06,-0.02,-0.09
4.79,0.77,0.42,-0.06,-0.03,-0.08
4.83,0.73,0.42,-0.05,-0.03,-0.08
4.81,0.77,0.46,-0.05,-0.04,-0.07
4.85,0.73,0.54,-0.04,-0.04,-0.07
4.88,0.79,0.48,-0.04,-0.04,-0.06
4.9,0.73,0.54,-0.03,-0.05,-0.06
4.87,0.69,0.5,-0.03,-0.05,-0.06
4.87,0.71,0.44,-0.02,-0.05,-0.05
4.88,0.69,0.52,-0.02,-0.06,-0.05
4.88,0.82,0.5,-0.01,-0.06,-0.04
4.88,0.77,0.4,-0.01,-0.06,-0.04
4.92,0.88,0.42,-0.0,-0.06,-0.04
4.85,0.88,0.42,0.0,-0.06,-0.04
4.83,0.86,0.42,0.0,-0.07,-0.04
4.85,0.94,0.46,0.01,-0.07,-0.04
4.81,0.98,0.48,0.01,-0.07,-0.04
4.87,0.96,0.48,0.01,-0.07,-0.04
4.83,1.0,0.52,0.01,-0.07,-0.04
4.79,0.96,0.46,0.01,-0.08,-0.04
4.81,1.02,0.56,0.01,-0.08,-0.04
4.87,1.05,0.56,0.01,-0.08,-0.04
4.85,1.07,0.48,0.01,-0.09,-0.04
4.87,1.13,0.5,0.01,-0.09,-0.05
4.88,1.15,0.46,0.01,-0.1,-0.05
4.9,1.15,0.42,0.0,-0.1,-0.04
4.9,1.15,0.36,-0.0,-0.1,-0.04
4.81,1.13,0.44,-0.01,-0.09,-0.05
4.9,1.13,0.34,-0.01,-0.09,-0.05
4.87,1.13,0.33,-0.01,-0.08,-0.05
4.75,1.11,0.33,-0.01,-0.08,-0.06
4.75,1.13,0.42,-0.02,-0.08,-0.06
4.79,1.11,0.42,-0.03,-0.08,-0.07
4.75,1.13,0.38,-0.04,-0.07,-0.07
4.75,1.15,0.29,-0.05,-0.06,-0.07
4.71,1.21,0.34,-0.06,-0.05,-0.06
4.92,1.15,0.23,-0.07,-0.05,-0.06
4.98,1.17,0.23,-0.08,-0.04,-0.06
4.96,1.15,0.29,-0.09,-0.02,-0.06
5.0,1.19,0.19,-0.1,-0.01,-0.06
5.0,1.17,0.17,-0.1,0.0,-0.07
5.06,1.09,0.19,-0.1,0.01,-0.07
5.06,1.13,0.13,-0.1,0.02,-0.07
5.09,1.11,0.15,-0.1,0.02,-0.07
5.08,1.13,0.04,-0.1,0.02,-0.07
5.08,1.15,0.15,-0.1,0.02,-0.07
5.02,1.07,0.17,-0.1,0.02,-0.07
5.02,1.11,0.17,-0.09,0.01,-0.06
4.92,1.05,0.15,-0.09,0.0,-0.06
4.92,1.03,0.13,-0.08,-0.01,-0.06
4.87,1.05,0.13,-0.08,-0.02,-0.06
4.87,1.03,0.17,-0.07,-0.02,-0.05
4.92,1.03,0.19,-0.07,-0.03,-0.05
4.88,0.96,0.15,-0.07,-0.04,-0.05
4.9,0.98,0.23,-0.06,-0.05,-0.04
4.92,0.98,0.17,-0.06,-0.05,-0.04
4.87,0.92,0.15,-0.06,-0.06,-0.04
4.9,0.92,0.13,-0.06,-0.07,-0.04
4.96,0.98,0.11,-0.05,-0.07,-0.04
4.98,0.9,0.1,-0.05,-0.06,-0.04
4.94,0.92,0.13,-0.05,-0.06,-0.03
4.79,0.9,-0.08,-0.04,-0.05,-0.03
4.9,0.86,0.17,-0.04,-0.05,-0.03
4.85,0.96,0.15,-0.03,-0.05,-0.03
4.92,0.96,0.17,-0.03,-0.04,-0.02
4.92,0.96,0.15,-0.02,-0.04,-0.02
4.98,1.0,0.17,-0.01,-0.03,-0.02
4.98,1.07,0.13,-0.0,-0.02,-0.02
4.96,1.09,0.08,-0.0,-0.02,-0.02
4.92,1.13,0.15,-0.0,-0.01,-0.02
4.94,1.11,0.15,-0.0,-0.01,-0.02
4.98,1.15,0.19,-0.01,-0.0,-0.02
4.92,1.13,0.15,-0.01,0.0,-0.02
4.96,1.13,0.15,-0.01,0.01,-0.02
4.96,1.15,0.15,-0.01,0.01,-0.02
4.94,1.15,0.17,-0.01,0.01,-0.02
4.98,1.15,0.17,-0.01,0.01,-0.02
4.92,1.13,0.11,-0.01,0.02,-0.01
4.94,1.17,0.0,-0.01,0.02,-0.02
5.0,1.11,0.15,-0.01,0.02,-0.01
4.98,1.09,0.1,-0.01,0.02,-0.01
5.02,1.11,0.02,-0.01,0.03,-0.01
5.04,1.11,0.13,-0.01,0.03,-0.01
4.98,1.07,0.08,-0.01,0.03,-0.01
4.98,1.13,0.04,-0.01,0.03,-0.01
5.02,1.05,0.1,-0.01,0.03,-0.0
4.96,1.11,0.04,-0.01,0.03,-0.0
4.96,1.13,0.13,-0.01,0.03,-0.0
4.92,1.23,0.1,-0.01,0.03,-0.0
4.94,1.13,0.15,-0.01,0.04,-0.0
4.96,1.17,0.15,-0.01,0.04,-0.0
4.94,1.11,0.13,-0.01,0.04,-0.0
4.92,1.15,0.15,-0.02,0.04,-0.0
4.88,1.15,0.17,-0.02,0.04,-0.0
4.88,1.09,0.17,-0.02,0.04,-0.01
4.9,1.11,0.17,-0.02,0.04,-0.01
4.87,1.07,0.17,-0.02,0.04,-0.01
4.87,1.07,0.25,-0.02,0.05,-0.01
4.83,1.05,0.17,-0.01,0.05,-0.01
4.88,1.07,0.17,-0.01,0.05,-0.01
4.92,1.03,0.15,-0.01,0.05,-0.01
4.9,1.05,0.19,-0.01,0.05,-0.01
4.88,1.02,0.19,-0.01,0.05,-0.01
4.9,1.03,0.21,-0.01,0.05,-0.01
4.92,1.11,0.19,-0.01,0.05,-0.01
4.94,1.03,0.19,-0.0,0.05,-0.0
4.92,1.02,0.23,-0.0,0.05,-0.0
4.94,1.07,0.17,0.0,0.05,-0.0
4.88,1.05,0.23,0.01,0.05,-0.0
4.9,1.11,0.17,0.01,0.06,-0.0
4.88,1.02,0.23,0.01,0.06,-0.0
4.87,1.03,0.23,0.02,0.06,-0.0
4.77,1.0,0.25,0.02,0.06,-0.0
4.88,1.05,0.19,0.02,0.06,-0.0
4.81,1.03,0.19,0.02,0.06,-0.0
4.83,1.07,0.21,0.02,0.06,-0.0
4.83,1.03,0.19,0.02,0.06,-0.01
4.85,1.02,0.17,0.02,0.06,-0.01
4.85,1.05,0.29,0.02,0.05,-0.01
4.88,1.05,0.25,0.02,0.05,-0.01
4.85,1.07,0.21,0.02,0.05,-0.01
4.88,1.07,0.27,0.02,0.05,-0.01
4.88,1.11,0.23,0.02,0.05,-0.01
4.81,1.13,0.27,0.02,0.05,-0.01
4.88,1.13,0.27,0.01,0.04,-0.01
4.9,1.07,0.34,0.01,0.04,-0.0
4.83,1.11,0.21,0.01,0.04,-0.01
4.9,1.11,0.25,0.01,0.03,-0.0
4.9,1.11,0.17,0.0,0.03,-0.0
4.94,1.11,0.17,0.0,0.03,-0.0
4.9,1.05,0.15,0.0,0.03,-0.0
4.92,1.11,0.17,0.0,0.03,-0.0
4.87,1.03,0.15,-0.0,0.03,-0.0
4.85,1.11,0.19,-0.0,0.03,-0.0
4.92,1.07,0.17,0.0,0.03,-0.0
4.9,1.09,0.11,0.0,0.03,-0.0
4.9,1.09,0.17,0.01,0.03,-0.0
4.94,1.09,0.17,0.01,0.04,-0.0
4.98,1.11,0.1,0.01,0.04,-0.0
4.88,1.09,0.19,0.01,0.04,-0.0
4.94,1.02,0.19,0.01,0.04,-0.0
4.94,1.09,0.17,0.01,0.05,0.0
4.94,1.11,0.15,0.01,0.05,0.0
4.94,1.09,0.21,0.01,0.05,0.0
4.92,1.19,0.19,0.01,0.05,0.0
4.9,1.11,0.23,0.01,0.05,0.0
4.85,1.15,0.31,0.01,0.05,0.0
4.87,1.13,0.25,0.0,0.05,0.0
4.85,1.15,0.27,0.0,0.04,0.0
4.83,1.07,0.23,-0.0,0.04,0.0
4.88,1.02,0.19,-0.01,0.04,0.0
4.83,1.07,0.23,-0.01,0.04,0.0
4.88,1.03,0.19,-0.01,0.04,-0.0
4.83,1.02,0.17,-0.01,0.04,-0.0
4.87,1.02,0.19,-0.01,0.04,-0.01
4.81,1.07,0.23,-0.01,0.04,-0.0
4.83,1.09,0.15,-0.01,0.04,-0.01
4.9,1.07,0.19,-0.01,0.05,-0.0
4.87,1.09,0.19,-0.01,0.05,-0.0
4.88,1.09,0.23,-0.01,0.05,-0.0
4.88,1.05,0.23,-0.01,0.05,-0.0
4.9,1.11,0.19,-0.0,0.05,-0.0
4.88,1.13,0.17,-0.0,0.05,-0.0
4.9,1.17,0.17,-0.0,0.05,0.0
4.9,1.11,0.17,-0.01,0.05,0.0
4.96,1.11,0.25,-0.01,0.05,0.0
4.88,1.15,0.21,-0.01,0.05,0.0
4.9,1.09,0.31,-0.01,0.05,0.0
4.88,1.11,0.29,-0.01,0.05,0.0
4.92,1.05,0.23,-0.01,0.05,0.0
4.77,1.13,0.33,-0.01,0.05,0.0
4.83,1.03,0.38,-0.01,0.04,0.0
4.85,1.11,0.36,-0.01,0.04,0.0
4.85,1.11,0.29,-0.01,0.03,0.0
4.85,1.05,0.25,-0.02,0.03,0.0
4.85,1.05,0.36,-0.02,0.03,0.0
4.85,1.02,0.33,-0.02,0.03,0.0
4.81,1.03,0.29,-0.02,0.03,0.0
4.88,1.02,0.29,-0.01,0.03,0.0
4.85,1.05,0.23,-0.01,0.03,0.0
4.85,1.11,0.19,-0.01,0.03,0.0
4.87,1.07,0.19,-0.01,0.03,0.0
4.88,1.05,0.25,-0.01,0.03,0.0
4.9,1.11,0.19,-0.01,0.03,0.0
4.81,1.09,0.27,-0.01,0.03,-0.0
4.85,1.11,0.21,-0.01,0.03,-0.0
4.83,1.09,0.19,-0.01,0.03,-0.0
4.87,1.11,0.27,-0.01,0.03,-0.0
4.85,1.11,0.27,-0.01,0.03,-0.0
4.87,1.13,0.23,-0.01,0.03,-0.0
4.87,1.09,0.31,-0.01,0.03,-0.0
4.9,1.15,0.25,-0.01,0.03,-0.0
4.88,1.15,0.34,-0.01,0.03,-0.0
4.9,1.09,0.25,-0.01,0.02,-0.0
4.96,1.09,0.23,-0.01,0.02,-0.0
4.9,1.17,0.25,-0.01,0.02,-0.0
4.88,1.17,0.21,-0.02,0.02,-0.0
4.9,1.09,0.21,-0.02,0.02,-0.0
4.87,1.11,0.21,-0.02,0.02,-0.0
4.92,1.05,0.17,-0.02,0.02,-0.0
4.87,1.07,0.17,-0.02,0.02,-0.0
4.9,1.11,0.19,-0.02,0.02,-0.0
4.88,1.11,0.17,-0.02,0.03,-0.0
4.85,1.11,0.17,-0.02,0.03,-0.0
4.92,1.11,0.19,-0.02,0.03,-0.0
4.9,1.13,0.21,-0.02,0.03,0.0
4.92,1.11,0.23,-0.02,0.03,-0.0
4.9,1.11,0.27,-0.02,0.03,0.0
4.96,1.07,0.17,-0.02,0.03,-0.0
4.9,1.11,0.19,-0.02,0.03,0.0
4.9,1.09,0.17,-0.02,0.03,0.0
4.9,1.11,0.17,-0.02,0.03,0.0
4.87,1.15,0.23,-0.02,0.03,0.0
4.9,1.13,0.19,-0.02,0.03,0.0
4.85,1.13,0.13,-0.02,0.03,0.0
4.92,1.05,0.19,-0.03,0.03,0.0
4.87,1.09,0.27,-0.03,0.03,0.0
4.83,1.09,0.15,-0.02,0.03,0.0
4.88,1.07,0.21,-0.02,0.03,0.0
4.9,0.98,0.25,-0.02,0.03,0.0
4.87,1.02,0.23,-0.02,0.03,0.0
4.87,1.05,0.17,-0.02,0.03,0.0
4.87,1.09,0.17,-0.02,0.03,0.0
4.88,1.07,0.21,-0.02,0.03,0.0
4.9,1.02,0.21,-0.02,0.04,0.0
4.85,1.07,0.17,-0.02,0.04,0.0
4.79,1.13,0.21,-0.02,0.04,0.0
4.85,1.15,0.23,-0.02,0.04,0.0
4.85,1.11,0.21,-0.02,0.04,-0.0
4.88,1.09,0.17,-0.02,0.04,-0.0
4.87,1.05,0.17,-0.02,0.04,-0.0
4.85,1.05,0.19,-0.02,0.04,-0.0
4.87,1.02,0.25,-0.02,0.04,-0.0
4.9,1.05,0.19,-0.02,0.04,-0.0
4.85,1.02,0.19,-0.02,0.04,-0.0
4.87,1.02,0.29,-0.02,0.04,-0.0
4.88,1.0,0.23,-0.02,0.04,-0.0
4.94,1.03,0.23,-0.02,0.04,0.0
4.88,1.07,0.23,-0.02,0.04,0.0
4.88,1.05,0.21,-0.02,0.04,0.0
4.88,1.05,0.17,-0.02,0.04,0.0
4.9,1.05,0.19,-0.02,0.04,0.0
4.87,1.09,0.31,-0.02,0.04,0.0
4.83,1.11,0.19,-0.02,0.03,0.0
4.88,1.05,0.23,-0.02,0.03,-0.0
4.81,1.13,0.19,-0.02,0.03,-0.0
4.9,1.15,0.25,-0.03,0.03,-0.0
4.88,1.13,0.19,-0.03,0.03,-0.0
4.9,1.09,0.25,-0.03,0.03,-0.0
4.87,1.11,0.21,-0.03,0.03,0.0
4.9,1.09,0.21,-0.03,0.03,-0.0
4.94,1.03,0.25,-0.03,0.03,0.0
4.9,1.11,0.21,-0.03,0.03,0.0
4.96,1.05,0.17,-0.03,0.03,0.0
4.92,1.05,0.23,-0.03,0.03,0.0
4.9,1.09,0.21,-0.02,0.03,0.0
4.92,1.03,0.23,-0.02,0.03,-0.0
4.9,1.0,0.19,-0.02,0.03,0.0
4.87,1.05,0.25,-0.02,0.03,0.0
4.87,1.07,0.21,-0.02,0.03,0.0
4.87,1.05,0.25,-0.02,0.03,0.0
4.92,1.07,0.29,-0.02,0.03,0.0
4.87,1.05,0.27,-0.02,0.03,0.0
4.9,1.09,0.19,-0.02,0.03,0.0
4.81,1.07,0.27,-0.02,0.03,0.0
4.88,1.11,0.21,-0.02,0.03,0.0
4.87,1.09,0.21,-0.02,0.03,0.0
4.87,1.11,0.25,-0.02,0.03,0.0
4.87,1.05,0.23,-0.02,0.03,0.0
4.88,1.05,0.25,-0.02,0.03,0.0
4.88,1.05,0.23,-0.02,0.03,-0.0
4.9,1.03,0.19,-0.02,0.04,0.0
4.87,1.09,0.21,-0.01,0.04,-0.0
4.85,1.11,0.27,-0.01,0.04,0.0
4.83,1.09,0.19,-0.02,0.04,-0.0
4.85,1.05,0.23,-0.02,0.04,-0.0
4.9,1.11,0.31,-0.02,0.04,0.0
4.85,1.09,0.19,-0.02,0.04,0.0
4.88,1.03,0.27,-0.02,0.04,0.0
4.85,1.13,0.25,-0.02,0.04,0.0
4.83,1.07,0.21,-0.02,0.04,0.0
4.87,1.03,0.33,-0.02,0.04,0.0
4.92,1.05,0.29,-0.02,0.04,0.0
4.87,1.09,0.21,-0.02,0.04,0.0
4.88,1.07,0.29,-0.02,0.04,0.0
4.96,1.02,0.23,-0.02,0.04,0.0
4.9,1.11,0.27,-0.02,0.04,0.01
4.94,1.05,0.23,-0.02,0.05,0.01
4.96,1.11,0.29,-0.02,0.05,0.01
4.98,1.03,0.25,-0.02,0.05,0.01
4.9,1.07,0.29,-0.02,0.04,0.01
4.98,1.05,0.25,-0.02,0.04,0.02
4.96,1.09,0.27,-0.02,0.04,0.02
4.94,1.03,0.27,-0.02,0.04,0.02
4.88,1.11,0.33,-0.02,0.03,0.02
4.92,1.11,0.23,-0.02,0.03,0.02
4.9,1.17,0.27,-0.03,0.03,0.03
4.87,1.11,0.17,-0.03,0.03,0.03
4.9,1.15,0.21,-0.03,0.03,0.03
4.87,1.07,0.17,-0.03,0.03,0.03
4.9,1.09,0.23,-0.03,0.03,0.03
4.96,1.05,0.15,-0.03,0.04,0.03
4.9,1.05,0.17,-0.03,0.04,0.03
4.85,1.02,0.15,-0.03,0.05,0.03
4.9,1.05,0.13,-0.03,0.05,0.03
4.85,1.03,0.27,-0.03,0.05,0.03
4.87,1.0,0.33,-0.03,0.05,0.02
4.88,1.0,0.31,-0.03,0.04,0.02
4.87,1.05,0.29,-0.03,0.04,0.02
4.9,1.09,0.23,-0.03,0.03,0.02
4.87,1.07,0.23,-0.03,0.04,0.02
4.92,1.13,0.19,-0.03,0.04,0.02
4.92,1.11,0.19,-0.03,0.05,0.01
4.88,1.09,0.15,-0.03,0.05,0.01
4.92,1.05,0.19,-0.04,0.05,0.01
4.87,1.11,0.15,-0.04,0.06,0.01
4.9,1.07,0.17,-0.04,0.06,0.01
4.92,1.02,0.19,-0.04,0.06,0.01
4.9,1.03,0.21,-0.04,0.06,0.01
4.96,1.03,0.15,-0.04,0.07,0.02
4.96,1.05,0.15,-0.04,0.07,0.02
4.98,1.03,0.19,-0.04,0.08,0.02
4.98,1.07,0.17,-0.04,0.08,0.02
5.0,1.07,0.19,-0.04,0.08,0.03
5.04,1.11,0.1,-0.04,0.09,0.03
5.09,1.09,0.15,-0.04,0.09,0.03
5.09,1.09,0.15,-0.04,0.09,0.04
5.11,1.03,0.19,-0.04,0.08,0.04
5.09,1.02,0.19,-0.03,0.08,0.05
5.09,0.98,0.19,-0.03,0.08,0.06
5.13,0.96,0.21,-0.03,0.08,0.07
5.11,0.94,0.23,-0.03,0.08,0.07
5.06,0.9,0.31,-0.02,0.08,0.08
5.0,0.92,0.27,-0.02,0.07,0.08
4.98,0.88,0.21,-0.01,0.07,0.08
5.02,0.92,0.19,-0.0,0.06,0.09
5.08,0.98,0.17,-0.0,0.06,0.09
5.06,1.05,0.19,0.0,0.06,0.1
5.17,0.96,0.19,0.0,0.06,0.1
5.09,0.98,0.25,0.0,0.06,0.11
5.06,1.02,0.31,-0.0,0.06,0.11
5.04,0.98,0.25,-0.01,0.06,0.11
5.06,0.98,0.23,-0.02,0.06,0.11
4.94,0.96,0.21,-0.02,0.06,0.11
4.9,0.9,0.25,-0.03,0.06,0.11
4.87,0.92,0.25,-0.03,0.07,0.11
4.9,0.88,0.21,-0.03,0.07,0.1
4.9,0.94,0.29,-0.03,0.07,0.1
4.96,0.94,0.25,-0.02,0.08,0.11
4.92,0.96,0.27,-0.02,0.08,0.11
4.85,0.94,0.29,-0.02,0.09,0.1
4.88,0.9,0.33,-0.03,0.09,0.1
4.81,0.96,0.33,-0.03,0.1,0.1
4.88,0.96,0.33,-0.03,0.1,0.1
5.02,0.88,0.38,-0.04,0.1,0.1
5.0,0.88,0.4,-0.05,0.11,0.1
5.06,0.86,0.38,-0.06,0.11,0.1
5.02,0.86,0.42,-0.06,0.12,0.09
5.08,0.8,0.4,-0.06,0.13,0.09
5.02,0.88,0.42,-0.06,0.13,0.09
5.02,0.96,0.4,-0.06,0.14,0.08
4.92,0.94,0.34,-0.06,0.15,0.08
4.96,0.92,0.36,-0.07,0.15,0.08
4.94,0.9,0.38,-0.07,0.15,0.08
4.88,0.94,0.4,-0.08,0.15,0.09
4.9,0.9,0.38,-0.08,0.14,0.09
4.9,0.88,0.48,-0.08,0.14,0.09
4.87,0.84,0.42,-0.08,0.13,0.09
4.85,0.84,0.36,-0.08,0.13,0.09
4.81,0.82,0.38,-0.09,0.13,0.09
4.85,0.8,0.46,-0.09,0.14,0.09
4.81,0.8,0.38,-0.1,0.14,0.09
4.88,0.71,0.46,-0.11,0.16,0.09
4.85,0.71,0.54,-0.12,0.17,0.09
4.9,0.73,0.56,-0.13,0.17,0.09
4.83,0.73,0.61,-0.13,0.18,0.09
4.9,0.67,0.61,-0.13,0.18,0.09
4.92,0.79,0.59,-0.13,0.18,0.09
4.98,0.75,0.61,-0.13,0.19,0.1
5.02,0.77,0.69,-0.13,0.19,0.1
5.08,0.71,0.75,-0.14,0.2,0.1
5.09,0.79,0.73,-0.14,0.2,0.1
5.11,0.8,0.86,-0.14,0.2,0.11
5.06,0.79,0.88,-0.14,0.19,0.11
5.06,0.79,0.88,-0.14,0.19,0.11
5.02,0.73,0.88,-0.14,0.19,0.11
5.11,0.69,0.86,-0.14,0.19,0.12
4.98,0.67,0.8,-0.14,0.19,0.12
5.08,0.65,0.8,-0.14,0.19,0.12
5.02,0.61,0.79,-0.14,0.18,0.12
5.04,0.57,0.71,-0.14,0.18,0.12
5.0,0.5,0.63,-0.13,0.19,0.12
5.02,0.48,0.59,-0.13,0.19,0.12
4.96,0.46,0.54,-0.12,0.19,0.12
4.94,0.38,0.52,-0.12,0.19,0.13
4.83,0.38,0.48,-0.12,0.2,0.13
4.92,0.31,0.33,-0.11,0.2,0.13
5.0,0.4,0.4,-0.11,0.2,0.13
5.09,0.38,0.36,-0.12,0.21,0.13
5.19,0.36,0.29,-0.12,0.22,0.13
5.13,0.42,0.34,-0.12,0.23,0.13
5.13,0.44,0.21,-0.12,0.24,0.14
5.11,0.38,0.25,-0.11,0.25,0.14
5.0,0.5,0.25,-0.1,0.26,0.14
5.08,0.54,0.25,-0.08,0.27,0.14
4.94,0.56,0.31,-0.07,0.29,0.14
4.94,0.59,0.33,-0.06,0.3,0.15
4.9,0.71,0.33,-0.05,0.31,0.15
4.88,0.71,0.38,-0.05,0.32,0.14
4.92,0.88,0.38,-0.06,0.33,0.14
4.92,0.86,0.44,-0.07,0.34,0.15
4.9,0.86,0.56,-0.08,0.34,0.16
4.96,0.8,0.67,-0.1,0.34,0.16
4.98,0.79,0.8,-0.11,0.34,0.17
4.94,0.61,0.96,-0.12,0.34,0.17
4.94,0.56,1.02,-0.11,0.34,0.17
4.9,0.46,1.15,-0.1,0.32,0.18
4.85,0.36,1.07,-0.09,0.31,0.18
4.71,0.34,1.11,-0.08,0.29,0.17
4.77,0.27,1.11,-0.07,0.28,0.17
4.71,0.15,1.02,-0.06,0.27,0.16
4.81,0.19,1.13,-0.06,0.26,0.16
4.77,0.23,1.07,-0.06,0.26,0.15
4.81,0.29,1.05,-0.06,0.27,0.15
4.83,0.27,1.03,-0.06,0.28,0.15
4.9,0.27,1.02,-0.07,0.3,0.14
4.87,0.29,1.09,-0.08,0.31,0.14
4.88,0.34,1.17,-0.09,0.32,0.14
4.87,0.29,1.17,-0.09,0.33,0.15
4.79,0.27,1.07,-0.1,0.34,0.15
4.87,0.31,1.19,-0.1,0.33,0.15
4.75,0.25,1.19,-0.1,0.33,0.15
4.77,0.25,1.19,-0.1,0.33,0.15
4.75,0.23,1.17,-0.09,0.33,0.15
4.83,0.23,1.15,-0.09,0.33,0.16
4.83,0.11,1.13,-0.09,0.33,0.16
4.85,0.0,1.17,-0.08,0.34,0.17
4.88,-0.04,1.32,-0.07,0.34,0.17
4.88,-0.13,1.38,-0.06,0.34,0.18
4.87,-0.06,1.3,-0.05,0.34,0.17
4.71,-0.08,1.34,-0.04,0.35,0.18
4.65,-0.1,1.38,-0.03,0.35,0.18
4.62,-0.08,1.46,-0.03,0.35,0.19
4.64,-0.15,1.46,-0.03,0.35,0.19
4.62,-0.19,1.49,-0.02,0.34,0.19
4.65,-0.15,1.47,-0.01,0.35,0.18
4.69,-0.17,1.49,-0.0,0.35,0.17
4.71,-0.1,1.55,0.01,0.36,0.16
4.67,-0.06,1.57,0.01,0.37,0.16
4.65,-0.06,1.65,0.01,0.37,0.16
4.64,-0.06,1.65,0.01,0.37,0.16
4.54,0.08,1.65,0.01,0.36,0.16
4.52,0.04,1.67,0.0,0.36,0.16
4.5,0.04,1.72,-0.01,0.35,0.16
4.48,0.1,1.8,-0.01,0.35,0.17
4.58,-0.04,1.88,-0.02,0.35,0.17
4.48,-0.04,1.86,-0.02,0.35,0.17
4.44,-0.1,1.9,-0.02,0.35,0.17
4.39,-0.1,1.88,-0.02,0.35,0.17
4.39,-0.21,1.84,-0.0,0.34,0.17
4.5,-0.15,1.72,0.01,0.33,0.17
4.37,-0.1,1.7,0.02,0.33,0.16
4.42,-0.11,1.69,0.03,0.33,0.16
4.44,-0.15,1.63,0.04,0.33,0.15
4.41,-0.17,1.59,0.04,0.33,0.15
4.46,-0.17,1.57,0.05,0.33,0.14
4.46,-0.27,1.61,0.05,0.33,0.14
4.56,-0.27,1.57,0.06,0.33,0.14
4.54,-0.34,1.57,0.07,0.34,0.13
4.56,-0.25,1.63,0.08,0.35,0.13
4.56,-0.19,1.69,0.09,0.35,0.14
4.5,-0.15,1.7,0.1,0.36,0.14
4.52,-0.19,1.72,0.1,0.37,0.14
4.44,-0.06,1.74,0.1,0.37,0.14
4.44,-0.06,1.82,0.1,0.38,0.14
4.37,0.06,1.95,0.09,0.38,0.14
4.41,0.13,1.97,0.08,0.38,0.15
4.35,0.17,1.9,0.07,0.37,0.15
4.33,0.17,1.93,0.06,0.36,0.15
4.35,0.17,1.9,0.04,0.35,0.15
4.42,0.06,1.99,0.02,0.35,0.16
4.44,0.0,2.05,-0.0,0.35,0.16
4.46,-0.06,2.15,-0.02,0.36,0.17
4.5,-0.25,2.32,-0.02,0.36,0.17
4.41,-0.33,2.47,-0.02,0.37,0.17
4.37,-0.36,2.6,-0.01,0.39,0.17
4.44,-0.56,2.76,-0.01,0.41,0.18
4.44,-0.69,3.16,-0.0,0.47,0.19
4.44,-0.79,3.16,0.01,0.5,0.2
4.42,-0.96,3.03,0.04,0.5,0.21
4.35,-1.0,2.6,0.07,0.45,0.21
4.25,-0.82,2.11,0.1,0.37,0.21
4.04,-0.61,1.55,0.11,0.27,0.22
3.98,-0.42,1.07,0.12,0.2,0.22
3.96,-0.29,0.84,0.12,0.16,0.22
3.87,-0.29,0.88,0.11,0.17,0.21
3.83,-0.36,1.15,0.11,0.21,0.2
3.64,-0.42,1.51,0.13,0.27,0.18
3.68,-0.54,1.7,0.15,0.3,0.15
3.72,-0.5,1.86,0.18,0.32,0.13
3.68,-0.4,1.97,0.19,0.32,0.11
3.79,-0.34,2.11,0.2,0.32,0.1
3.83,-0.27,2.16,0.19,0.32,0.09
3.87,-0.25,2.22,0.17,0.32,0.08
3.95,-0.29,2.38,0.15,0.32,0.09
4.0,-0.25,2.51,0.13,0.31,0.09
4.06,-0.33,2.59,0.11,0.3,0.09
4.1,-0.31,2.62,0.11,0.27,0.09
4.12,-0.42,2.72,0.1,0.25,0.1
4.14,-0.46,2.8,0.1,0.23,0.1
4.0,-0.5,2.8,0.11,0.21,0.1
3.93,-0.5,2.74,0.11,0.19,0.1
3.85,-0.38,2.7,0.11,0.17,0.11
3.83,-0.36,2.68,0.11,0.15,0.1
3.73,-0.31,2.66,0.1,0.14,0.1
3.7,-0.27,2.64,0.09,0.13,0.1
3.73,-0.29,2.68,0.07,0.13,0.11
3.83,-0.36,2.74,0.06,0.13,0.11
3.83,-0.4,2.76,0.05,0.14,0.11
3.73,-0.44,2.85,0.04,0.14,0.11
3.87,-0.5,2.83,0.04,0.16,0.08
3.93,-0.46,2.93,0.04,0.17,0.07
3.89,-0.46,2.87,0.04,0.17,0.1
4.0,-0.46,2.8,0.05,0.17,0.12
3.95,-0.5,2.76,0.04,0.17,0.13
3.95,-0.5,2.68,0.04,0.17,0.12
3.89,-0.42,2.66,0.03,0.17,0.12
3.89,-0.44,2.62,0.03,0.17,0.13
3.85,-0.52,2.64,0.03,0.17,0.13
3.87,-0.54,2.7,0.03,0.16,0.14
3.79,-0.67,2.74,0.03,0.16,0.15
3.81,-0.77,2.8,0.04,0.16,0.16
3.75,-0.88,2.83,0.06,0.15,0.17
3.73,-0.98,2.85,0.08,0.14,0.18
3.7,-0.94,2.8,0.11,0.13,0.19
3.81,-0.84,2.66,0.14,0.12,0.19
3.77,-0.75,2.62,0.15,0.12,0.2
3.77,-0.57,2.59,0.15,0.13,0.2
3.87,-0.52,2.62,0.15,0.14,0.2
3.91,-0.46,2.62,0.14,0.16,0.21
4.04,-0.34,2.68,0.14,0.18,0.21
4.1,-0.34,2.62,0.13,0.21,0.22
4.1,-0.23,2.62,0.13,0.23,0.22
4.1,-0.21,2.57,0.13,0.25,0.22
4.21,-0.27,2.64,0.13,0.29,0.23
4.29,-0.42,2.87,0.12,0.32,0.23
4.29,-0.52,2.89,0.12,0.35,0.23
4.21,-0.57,2.87,0.13,0.36,0.23
4.1,-0.61,2.76,0.14,0.35,0.24
4.04,-0.52,2.62,0.15,0.34,0.24
3.98,-0.54,2.59,0.15,0.33,0.23
3.85,-0.46,2.57,0.15,0.32,0.22
3.68,-0.4,2.64,0.15,0.32,0.2
3.66,-0.42,2.7,0.15,0.31,0.19
3.66,-0.4,2.7,0.14,0.27,0.19
3.75,-0.44,2.7,0.14,0.24,0.19
3.85,-0.54,2.64,0.14,0.23,0.19
3.83,-0.52,2.64,0.14,0.23,0.19
3.75,-0.56,2.6,0.14,0.25,0.19
3.62,-0.67,2.6,0.14,0.27,0.19
3.58,-0.71,2.57,0.14,0.29,0.19
3.6,-0.79,2.66,0.15,0.31,0.2
3.51,-0.86,2.64,0.16,0.33,0.2
3.58,-0.96,2.91,0.17,0.36,0.21
3.6,-0.9,2.97,0.19,0.38,0.22
3.72,-0.94,3.05,0.2,0.39,0.22
3.85,-0.84,3.12,0.21,0.4,0.22
3.93,-0.69,3.14,0.22,0.4,0.21
4.08,-0.63,3.16,0.22,0.4,0.21
4.18,-0.57,3.18,0.23,0.4,0.21
4.25,-0.48,3.2,0.23,0.4,0.21
4.25,-0.4,3.18,0.22,0.4,0.2
4.25,-0.27,3.24,0.22,0.39,0.19
4.19,-0.4,3.31,0.22,0.38,0.18
4.16,-0.31,3.24,0.21,0.38,0.18
4.04,-0.38,3.26,0.2,0.38,0.17
3.98,-0.52,3.41,0.19,0.39,0.16
3.91,-0.59,3.47,0.18,0.4,0.15
3.87,-0.69,3.54,0.18,0.42,0.15
3.89,-0.86,3.66,0.18,0.44,0.14
3.83,-0.94,3.66,0.19,0.46,0.14
3.85,-1.05,3.66,0.21,0.46,0.14
3.93,-1.05,3.66,0.23,0.47,0.14
3.77,-1.03,3.56,0.25,0.47,0.14
3.72,-1.03,3.49,0.27,0.48,0.14
3.62,-0.96,3.43,0.29,0.49,0.15
3.58,-0.98,3.43,0.31,0.5,0.15
3.51,-0.88,3.47,0.32,0.51,0.16
3.51,-0.88,3.43,0.34,0.52,0.17
3.52,-0.84,3.56,0.36,0.54,0.18
3.6,-0.84,3.62,0.37,0.56,0.18
3.62,-0.73,3.6,0.38,0.59,0.19
3.52,-0.71,3.79,0.39,0.61,0.19
3.49,-0.69,3.85,0.39,0.62,0.2
3.41,-0.71,3.93,0.41,0.63,0.21
3.31,-0.73,3.93,0.42,0.63,0.21
3.2,-0.77,3.85,0.44,0.64,0.22
3.01,-0.67,3.85,0.45,0.65,0.22
2.93,-0.65,3.87,0.46,0.67,0.23
2.68,-0.61,3.87,0.46,0.69,0.23
2.49,-0.57,3.85,0.46,0.71,0.23
2.38,-0.5,3.95,0.46,0.72,0.23
2.2,-0.38,3.73,0.45,0.73,0.22
2.16,-0.33,3.81,0.44,0.74,0.22
2.2,-0.27,3.79,0.42,0.76,0.22
2.18,-0.25,3.79,0.4,0.79,0.22
2.22,-0.17,3.87,0.4,0.81,0.21
2.16,-0.17,3.85,0.39,0.82,0.21
2.13,-0.11,3.96,0.39,0.82,0.21
2.2,-0.11,3.93,0.4,0.82,0.22
2.2,-0.11,3.89,0.4,0.81,0.22
2.09,-0.04,3.93,0.4,0.8,0.23
2.13,-0.04,3.95,0.39,0.8,0.23
2.03,-0.06,4.02,0.39,0.79,0.24
1.9,-0.08,4.06,0.39,0.78,0.25
1.8,-0.08,3.87,0.39,0.76,0.26
1.59,-0.08,3.77,0.4,0.75,0.28
1.63,-0.08,3.73,0.41,0.73,0.29
1.49,-0.06,3.7,0.41,0.72,0.3
1.38,-0.04,3.75,0.41,0.72,0.3
1.28,0.04,3.79,0.42,0.73,0.3
1.19,0.06,3.81,0.42,0.74,0.29
1.07,0.13,3.77,0.43,0.76,0.27
1.02,0.31,3.7,0.43,0.78,0.26
0.94,0.38,3.68,0.42,0.8,0.25
0.98,0.44,3.75,0.39,0.81,0.24
0.96,0.54,3.77,0.36,0.82,0.24
1.07,0.61,3.85,0.32,0.82,0.23
1.23,0.65,3.85,0.28,0.81,0.23
1.42,0.61,3.96,0.25,0.81,0.23
1.59,0.65,4.08,0.21,0.79,0.22
1.78,0.56,4.04,0.18,0.77,0.21
1.86,0.61,4.16,0.17,0.75,0.2
1.97,0.56,4.1,0.15,0.73,0.19
1.92,0.59,4.06,0.14,0.7,0.18
1.78,0.57,3.91,0.12,0.68,0.17
1.72,0.59,3.79,0.09,0.68,0.16
1.59,0.63,3.56,0.04,0.68,0.14
1.49,0.61,3.45,-0.01,0.69,0.12
1.36,0.61,3.49,-0.08,0.71,0.09
1.26,0.48,3.64,-0.13,0.73,0.06
1.17,0.44,3.79,-0.17,0.74,0.05
1.17,0.21,4.06,-0.19,0.74,0.03
1.24,0.04,4.1,-0.19,0.74,0.03
1.19,-0.17,4.33,-0.18,0.72,0.02
1.11,-0.31,4.27,-0.14,0.69,0.01
1.03,-0.31,4.08,-0.1,0.63,-0.0
1.0,-0.29,3.93,-0.06,0.57,-0.01
0.98,-0.25,3.64,-0.02,0.49,-0.01
0.98,-0.13,3.41,-0.01,0.45,-0.01
0.98,-0.13,3.35,-0.01,0.42,-0.0
0.98,-0.13,3.45,-0.02,0.4,0.0
0.96,-0.13,3.54,-0.03,0.4,0.01
1.02,-0.21,3.56,-0.02,0.39,0.02
1.03,-0.08,3.6,-0.0,0.38,0.02
1.09,-0.06,3.54,0.02,0.37,0.02
1.13,0.06,3.58,0.03,0.36,0.02
1.28,0.29,3.6,0.02,0.34,0.02
1.38,0.48,3.7,0.0,0.33,0.02
1.46,0.54,3.77,-0.03,0.31,0.02
1.44,0.65,3.91,-0.07,0.3,0.03
1.46,0.54,4.06,-0.12,0.28,0.03
1.42,0.48,4.18,-0.15,0.25,0.03
1.34,0.4,4.29,-0.17,0.23,0.04
1.26,0.23,4.23,-0.19,0.19,0.04
1.23,0.11,4.06,-0.19,0.16,0.05
1.24,-0.06,3.93,-0.2,0.13,0.05
1.05,-0.06,3.87,-0.2,0.09,0.05
1.11,-0.19,3.89,-0.21,0.06,0.05
1.11,-0.27,4.0,-0.21,0.04,0.05
1.19,-0.34,4.25,-0.21,0.02,0.04
1.32,-0.4,4.29,-0.2,0.02,0.04
1.49,-0.38,4.58,-0.18,0.02,0.03
1.7,-0.33,4.83,-0.17,0.02,0.03
2.01,-0.25,5.0,-0.17,0.04,0.02
2.32,-0.19,5.31,-0.17,0.05,0.01
2.72,-0.06,5.65,-0.19,0.08,0.0
3.1,-0.06,6.01,-0.22,0.13,-0.0
3.51,-0.02,6.3,-0.27,0.18,-0.01
3.96,-0.1,6.65,-0.33,0.25,-0.02
4.21,-0.17,7.01,-0.4,0.31,-0.04
4.0,-0.38,7.14,-0.45,0.37,-0.05
3.52,-0.71,7.13,-0.48,0.41,-0.07
2.8,-0.86,6.76,-0.49,0.42,-0.08
1.97,-0.94,6.13,-0.48,0.39,-0.08
1.32,-1.03,5.65,-0.45,0.34,-0.07
0.59,-0.9,4.94,-0.42,0.27,-0.04
0.0,-0.84,4.21,-0.39,0.21,-0.02
-0.21,-0.8,3.75,-0.39,0.17,-0.01
-0.29,-0.71,3.39,-0.39,0.16,0.0
-0.29,-0.69,3.2,-0.4,0.17,0.0
-0.25,-0.71,3.29,-0.42,0.21,0.0
-0.21,-0.77,3.47,-0.42,0.26,-0.0
-0.1,-0.82,3.89,-0.41,0.31,-0.01
0.06,-1.0,4.46,-0.39,0.36,-0.01
0.29,-1.19,4.75,-0.34,0.38,-0.02
0.36,-1.32,4.81,-0.27,0.38,-0.03
0.57,-1.44,4.79,-0.2,0.37,-0.03
0.69,-1.32,4.56,-0.13,0.37,-0.03
0.8,-1.15,4.33,-0.07,0.37,-0.03
0.8,-0.84,4.1,-0.02,0.37,-0.03
0.8,-0.56,4.08,0.01,0.38,-0.02
0.67,-0.33,3.93,0.02,0.4,-0.01
0.46,-0.25,4.08,0.01,0.41,0.01
0.31,-0.15,4.18,0.0,0.42,0.01
0.08,-0.23,4.37,-0.02,0.43,0.02
-0.06,-0.27,4.42,-0.04,0.43,0.03
-0.15,-0.36,4.64,-0.06,0.43,0.03
-0.11,-0.46,4.77,-0.09,0.42,0.03
-0.13,-0.57,4.83,-0.11,0.41,0.03
-0.19,-0.59,4.9,-0.12,0.39,0.03
-0.15,-0.67,4.85,-0.12,0.38,0.02
-0.17,-0.69,4.73,-0.13,0.36,0.01
-0.21,-0.65,4.58,-0.14,0.34,0.0
-0.25,-0.69,4.5,-0.14,0.32,-0.01
-0.36,-0.75,4.54,-0.15,0.31,-0.02
-0.54,-0.9,4.54,-0.15,0.3,-0.03
-0.63,-0.94,4.52,-0.14,0.29,-0.04
-0.77,-1.11,4.5,-0.12,0.29,-0.05
-0.88,-1.17,4.44,-0.1,0.29,-0.06
-0.96,-1.05,4.41,-0.08,0.29,-0.07
-0.98,-1.05,4.35,-0.06,0.28,-0.07
-0.86,-1.03,4.35,-0.05,0.27,-0.08
-0.84,-0.96,4.44,-0.05,0.26,-0.08
-0.73,-0.9,4.6,-0.04,0.25,-0.08
-0.61,-0.8,4.73,-0.04,0.23,-0.08
-0.57,-0.67,4.73,-0.04,0.22,-0.07
-0.5,-0.52,4.79,-0.05,0.2,-0.06
-0.42,-0.48,4.71,-0.07,0.18,-0.06
-0.36,-0.48,4.65,-0.09,0.16,-0.05
-0.25,-0.44,4.77,-0.12,0.15,-0.04
-0.23,-0.52,4.67,-0.14,0.13,-0.04
-0.19,-0.54,4.62,-0.15,0.13,-0.04
-0.06,-0.63,4.54,-0.16,0.12,-0.04
0.06,-0.65,4.5,-0.16,0.13,-0.05
0.1,-0.63,4.42,-0.17,0.14,-0.05
0.27,-0.71,4.39,-0.16,0.15,-0.05
0.29,-0.75,4.27,-0.15,0.16,-0.06
0.25,-0.77,4.27,-0.15,0.17,-0.07
0.19,-0.9,4.27,-0.14,0.17,-0.08
0.0,-1.03,4.31,-0.14,0.17,-0.09
-0.17,-1.11,4.29,-0.14,0.18,-0.09
-0.34,-1.26,4.37,-0.15,0.18,-0.1
-0.56,-1.34,4.52,-0.14,0.19,-0.1
-0.65,-1.32,4.5,-0.14,0.18,-0.09
-0.65,-1.38,4.41,-0.13,0.18,-0.08
-0.79,-1.3,4.54,-0.12,0.17,-0.07
-0.77,-1.28,4.44,-0.11,0.17,-0.05
-0.71,-1.3,4.46,-0.1,0.17,-0.04
-0.65,-1.11,4.44,-0.08,0.16,-0.03
-0.59,-1.13,4.44,-0.08,0.16,-0.02
-0.44,-1.0,4.41,-0.07,0.17,-0.02
-0.4,-0.94,4.37,-0.07,0.17,-0.01
-0.34,-0.82,4.39,-0.07,0.18,-0.02
-0.23,-0.71,4.35,-0.08,0.18,-0.02
-0.15,-0.73,4.35,-0.09,0.18,-0.02
-0.15,-0.65,4.35,-0.1,0.17,-0.02
-0.06,-0.69,4.35,-0.11,0.17,-0.02
0.0,-0.61,4.37,-0.12,0.17,-0.02
0.06,-0.69,4.5,-0.12,0.16,-0.02
0.17,-0.63,4.41,-0.12,0.16,-0.03
0.25,-0.63,4.48,-0.12,0.17,-0.03
0.23,-0.67,4.54,-0.12,0.17,-0.03
0.33,-0.77,4.48,-0.12,0.18,-0.04
0.29,-0.75,4.46,-0.12,0.18,-0.04
0.25,-0.82,4.46,-0.13,0.18,-0.05
0.21,-0.88,4.31,-0.14,0.19,-0.05
0.23,-1.03,4.25,-0.16,0.21,-0.05
0.21,-1.11,4.23,-0.18,0.22,-0.05
0.19,-1.23,4.25,-0.19,0.23,-0.06
0.15,-1.34,4.25,-0.19,0.25,-0.06
0.1,-1.42,4.23,-0.18,0.26,-0.06
-0.04,-1.49,4.25,-0.17,0.27,-0.06
-0.04,-1.53,4.19,-0.15,0.28,-0.06
-0.08,-1.57,4.33,-0.14,0.28,-0.06
-0.1,-1.59,4.39,-0.12,0.28,-0.05
-0.1,-1.63,4.44,-0.11,0.28,-0.05
-0.19,-1.63,4.39,-0.08,0.29,-0.05
-0.21,-1.63,4.29,-0.06,0.29,-0.05
-0.23,-1.69,4.27,-0.04,0.3,-0.05
-0.4,-1.8,4.46,-0.03,0.3,-0.04
-0.46,-1.59,4.29,-0.02,0.3,-0.03
-0.48,-1.61,4.42,-0.0,0.29,-0.03
-0.46,-1.59,4.39,0.01,0.28,-0.02
-0.5,-1.51,4.41,0.02,0.27,-0.01
-0.59,-1.36,4.48,0.04,0.27,-0.0
-0.61,-1.28,4.46,0.05,0.25,0.0
-0.69,-1.21,4.42,0.06,0.24,0.01
-0.75,-1.13,4.56,0.07,0.23,0.02
-0.8,-0.98,4.54,0.07,0.21,0.02
-0.79,-0.92,4.54,0.07,0.2,0.03
-0.71,-0.84,4.46,0.07,0.2,0.03
-0.92,-0.77,4.52,0.06,0.2,0.03
-0.94,-0.67,4.52,0.06,0.2,0.03
-0.98,-0.61,4.44,0.05,0.2,0.02
-1.03,-0.61,4.37,0.02,0.19,0.02
-1.09,-0.57,4.29,-0.0,0.18,0.01
-1.13,-0.75,4.25,-0.03,0.18,0.01
-1.17,-0.88,4.23,-0.06,0.17,-0.0
-1.21,-1.0,4.16,-0.09,0.17,-0.01
-1.24,-1.17,4.25,-0.1,0.17,-0.01
-1.24,-1.3,4.35,-0.1,0.17,-0.01
-1.28,-1.46,4.33,-0.09,0.16,-0.01
-1.3,-1.55,4.44,-0.07,0.15,-0.0
-1.24,-1.59,4.41,-0.04,0.14,0.0
-1.21,-1.61,4.39,-0.01,0.12,0.0
-1.19,-1.61,4.33,0.02,0.1,0.01
-1.09,-1.49,4.25,0.04,0.09,0.01
-1.07,-1.38,4.23,0.07,0.08,0.02
-1.07,-1.32,4.21,0.09,0.07,0.02
-0.98,-1.26,4.19,0.1,0.06,0.02
-0.98,-1.23,4.21,0.1,0.07,0.03
-0.8,-1.09,4.35,0.11,0.07,0.04
-0.75,-1.17,4.35,0.11,0.07,0.04
-0.71,-0.98,4.41,0.11,0.08,0.05
-0.67,-0.96,4.31,0.1,0.08,0.05
-0.73,-0.88,4.41,0.09,0.09,0.05
-0.75,-0.88,4.31,0.07,0.09,0.05
-0.75,-0.9,4.42,0.05,0.1,0.05
-0.79,-0.88,4.41,0.02,0.1,0.06
-0.88,-0.96,4.37,-0.0,0.1,0.06
-0.92,-1.02,4.42,-0.02,0.1,0.07
-0.98,-1.0,4.42,-0.02,0.09,0.07
-1.0,-0.98,4.41,-0.03,0.08,0.08
-1.03,-0.96,4.35,-0.03,0.07,0.08
-1.03,-1.02,4.37,-0.03,0.05,0.09
-0.98,-1.03,4.33,-0.03,0.05,0.09
-0.98,-1.0,4.27,-0.03,0.05,0.09
-0.94,-1.11,4.29,-0.03,0.06,0.09
-0.9,-1.19,4.35,-0.02,0.06,0.09
-0.9,-1.24,4.37,-0.02,0.07,0.09
-0.88,-1.15,4.37,-0.01,0.08,0.09
-0.82,-1.21,4.35,-0.0,0.08,0.09
-0.86,-1.23,4.33,0.0,0.08,0.09
-0.9,-1.26,4.35,0.01,0.08,0.08
-0.84,-1.26,4.39,0.01,0.08,0.08
-0.9,-1.24,4.41,0.02,0.08,0.07
-0.84,-1.19,4.44,0.03,0.08,0.07
-0.86,-1.15,4.39,0.03,0.07,0.06
-0.88,-1.13,4.41,0.04,0.07,0.06
-1.0,-1.07,4.44,0.04,0.06,0.06
-0.96,-1.02,4.48,0.04,0.06,0.06
-0.94,-1.02,4.48,0.03,0.05,0.05
-0.9,-1.02,4.44,0.03,0.04,0.05
-0.86,-1.02,4.39,0.02,0.04,0.04
-0.82,-1.02,4.42,0.0,0.04,0.04
-0.79,-1.09,4.46,-0.01,0.04,0.04
-0.73,-1.15,4.46,-0.02,0.05,0.03
-0.77,-1.17,4.42,-0.02,0.05,0.03
-0.75,-1.15,4.41,-0.01,0.05,0.02
-0.69,-1.24,4.46,-0.0,0.05,0.02
-0.71,-1.19,4.44,0.0,0.05,0.01
-0.65,-1.23,4.39,0.01,0.05,0.01
-0.67,-1.28,4.35,0.02,0.05,0.0
-0.73,-1.15,4.31,0.03,0.05,-0.0
-0.73,-1.17,4.42,0.04,0.05,-0.01
-0.79,-1.19,4.41,0.05,0.04,-0.02
-0.92,-1.11,4.46,0.05,0.03,-0.02
-0.88,-1.13,4.46,0.05,0.03,-0.02
-0.98,-1.13,4.46,0.05,0.02,-0.01
-0.94,-1.15,4.41,0.05,0.02,-0.01
-0.94,-1.15,4.46,0.04,0.03,-0.01
-0.84,-1.07,4.46,0.04,0.04,-0.0
-0.9,-1.02,4.46,0.03,0.05,0.0
-0.84,-1.0,4.5,0.03,0.06,0.01
-0.88,-0.94,4.5,0.03,0.07,0.01
-0.86,-0.92,4.46,0.04,0.08,0.01
-0.88,-0.84,4.42,0.04,0.09,0.02
-0.96,-0.8,4.42,0.05,0.09,0.02
-0.96,-0.71,4.35,0.05,0.09,0.02
-1.05,-0.77,4.14,0.04,0.09,0.01
-1.05,-0.73,4.1,0.02,0.09,0.01
-1.19,-0.82,3.96,-0.01,0.08,0.01
-1.26,-0.9,4.12,-0.03,0.08,0.01
-1.44,-0.98,4.12,-0.04,0.07,0.01
-1.46,-1.07,4.33,-0.05,0.06,0.02
-1.51,-1.19,4.39,-0.04,0.05,0.02
-1.38,-1.26,4.31,-0.04,0.04,0.03
-1.3,-1.28,4.37,-0.03,0.03,0.03
-1.19,-1.3,4.42,-0.03,0.02,0.03
-1.02,-1.26,4.48,-0.03,0.02,0.03
-0.92,-1.24,4.42,-0.02,0.02,0.03
-0.88,-1.17,4.5,-0.01,0.04,0.03
-0.86,-1.05,4.5,0.0,0.05,0.04
-0.86,-1.02,4.56,0.02,0.06,0.04
-1.0,-0.9,4.42,0.03,0.07,0.04
-0.96,-0.84,4.37,0.03,0.08,0.04
-1.0,-0.82,4.33,0.02,0.08,0.04
-0.96,-0.77,4.16,0.01,0.08,0.04
-0.94,-0.79,4.08,-0.02,0.08,0.04
-0.96,-0.88,4.14,-0.04,0.08,0.04
-0.98,-1.03,4.04,-0.05,0.08,0.04
-1.02,-1.13,4.19,-0.06,0.07,0.03
-1.02,-1.24,4.16,-0.06,0.05,0.03
-1.07,-1.3,4.25,-0.06,0.04,0.03
-1.11,-1.38,4.31,-0.05,0.02,0.03
-1.11,-1.44,4.42,-0.04,0.0,0.03
-0.96,-1.47,4.46,-0.02,-0.01,0.03
-0.92,-1.46,4.58,-0.0,-0.01,0.02
-0.9,-1.36,4.6,0.02,-0.01,0.02
-0.88,-1.28,4.65,0.04,-0.01,0.01
-0.88,-1.21,4.48,0.06,-0.01,0.01
-0.98,-1.0,4.41,0.08,-0.01,0.01
-0.98,-0.79,4.41,0.08,-0.02,0.01
-1.02,-0.75,4.33,0.08,-0.02,0.01
-1.02,-0.69,4.27,0.07,-0.02,0.0
-0.96,-0.69,4.33,0.06,-0.02,0.0
-1.07,-0.69,4.18,0.05,-0.02,0.0
-1.05,-0.67,4.23,0.04,-0.02,0.0
-1.17,-0.79,4.21,0.03,-0.03,0.0
-1.24,-0.82,4.29,0.02,-0.03,0.01
-1.32,-0.96,4.31,0.02,-0.05,0.01
-1.21,-1.03,4.29,0.02,-0.06,0.01
-1.17,-1.15,4.27,0.02,-0.07,0.02
-1.11,-1.19,4.27,0.02,-0.09,0.02
-1.05,-1.19,4.25,0.02,-0.1,0.01
-0.94,-1.28,4.31,0.01,-0.1,0.01
-0.86,-1.28,4.37,0.01,-0.1,0.01
-0.73,-1.28,4.37,0.01,-0.09,0.0
-0.71,-1.21,4.48,0.01,-0.08,-0.0
-0.67,-1.21,4.62,0.02,-0.08,-0.01
-0.67,-1.19,4.58,0.03,-0.07,-0.01
-0.61,-1.11,4.54,0.04,-0.07,-0.01
-0.61,-1.09,4.58,0.04,-0.07,-0.02
-0.67,-0.98,4.48,0.04,-0.06,-0.02
-0.61,-1.0,4.52,0.04,-0.06,-0.02
-0.63,-0.84,4.42,0.04,-0.06,-0.01
-0.63,-0.9,4.35,0.04,-0.05,-0.01
-0.59,-0.9,4.33,0.03,-0.05,-0.01
-0.54,-0.86,4.35,0.03,-0.04,-0.01
-0.61,-0.9,4.33,0.03,-0.03,-0.01
-0.65,-0.84,4.41,0.03,-0.03,-0.01
-0.63,-0.88,4.41,0.03,-0.02,-0.0
-0.75,-0.79,4.37,0.03,-0.02,-0.0
-0.77,-0.8,4.46,0.03,-0.02,0.0
-0.75,-0.9,4.37,0.02,-0.02,0.0
-0.75,-0.82,4.41,0.02,-0.03,0.01
-0.82,-0.82,4.42,0.01,-0.03,0.01
-0.73,-0.86,4.5,-0.0,-0.03,0.01
-0.67,-0.84,4.44,-0.01,-0.02,0.01
-0.63,-0.9,4.48,-0.01,-0.01,0.01
-0.63,-0.88,4.44,-0.01,-0.0,0.0
-0.63,-0.82,4.5,-0.01,0.0,0.0
-0.59,-0.82,4.44,-0.01,0.01,0.0
-0.61,-0.79,4.41,-0.01,0.02,0.0
-0.56,-0.84,4.31,-0.01,0.02,0.0
-0.56,-0.84,4.39,-0.01,0.03,0.01
-0.57,-0.88,4.41,-0.02,0.03,0.01
-0.57,-0.94,4.44,-0.02,0.04,0.01
-0.56,-0.94,4.48,-0.03,0.04,0.01
-0.54,-1.0,4.52,-0.03,0.04,0.01
-0.61,-1.0,4.56,-0.03,0.04,0.01
-0.5,-1.11,4.58,-0.03,0.03,0.01
-0.57,-1.09,4.48,-0.02,0.03,0.01
-0.57,-1.05,4.52,-0.01,0.03,0.01
-0.59,-1.03,4.5,0.01,0.03,0.01
-0.61,-1.02,4.46,0.02,0.03,0.01
-0.63,-0.94,4.52,0.03,0.03,0.01
-0.67,-0.86,4.48,0.04,0.03,0.01
-0.71,-0.86,4.42,0.04,0.03,0.0
-0.63,-0.86,4.42,0.04,0.03,0.0
-0.65,-0.8,4.46,0.04,0.03,0.0
-0.77,-0.8,4.37,0.03,0.02,0.0
-0.73,-0.8,4.46,0.03,0.02,-0.0
-0.8,-0.75,4.41,0.03,0.02,-0.0
-0.75,-0.84,4.33,0.02,0.01,-0.0
-0.75,-0.82,4.39,0.02,0.01,0.0
-0.77,-0.79,4.29,0.01,0.0,0.0
-0.8,-0.84,4.35,0.01,0.0,0.01
-0.75,-0.82,4.33,0.01,-0.0,0.01
-0.73,-0.94,4.37,0.0,-0.01,0.01
-0.79,-0.82,4.41,0.0,-0.01,0.01
-0.82,-0.92,4.42,0.01,-0.02,0.02
-0.71,-0.96,4.42,0.01,-0.02,0.02
-0.71,-0.96,4.42,0.01,-0.03,0.02
-0.67,-0.94,4.37,0.01,-0.03,0.02
-0.65,-0.92,4.35,0.02,-0.03,0.02
-0.61,-0.98,4.41,0.02,-0.02,0.02
-0.59,-0.96,4.44,0.03,-0.02,0.02
-0.56,-0.98,4.37,0.03,-0.02,0.02
-0.63,-0.96,4.46,0.04,-0.01,0.02
-0.69,-0.88,4.44,0.05,-0.01,0.02
-0.73,-0.94,4.39,0.05,-0.01,0.02
-0.77,-0.8,4.41,0.05,-0.02,0.02
-0.82,-0.84,4.37,0.05,-0.02,0.03
-0.84,-0.86,4.39,0.05,-0.03,0.03
-0.88,-0.84,4.39,0.05,-0.03,0.03
-0.84,-0.88,4.37,0.05,-0.04,0.03
-0.88,-0.88,4.29,0.04,-0.05,0.03
-0.8,-0.98,4.39,0.04,-0.05,0.03
-0.84,-0.96,4.39,0.03,-0.06,0.03
-0.88,-0.98,4.42,0.03,-0.06,0.03
-0.82,-1.0,4.41,0.03,-0.06,0.03
-0.88,-1.02,4.5,0.04,-0.07,0.03
-0.79,-1.05,4.56,0.05,-0.07,0.03
-0.77,-0.96,4.54,0.06,-0.07,0.02
-0.69,-0.96,4.6,0.06,-0.08,0.02
-0.67,-0.88,4.6,0.07,-0.08,0.02
-0.61,-0.9,4.54,0.07,-0.07,0.02
-0.57,-0.77,4.5,0.07,-0.07,0.02
-0.56,-0.73,4.54,0.07,-0.07,0.02
-0.5,-0.73,4.52,0.07,-0.07,0.01
-0.52,-0.67,4.5,0.06,-0.07,0.01
-0.42,-0.63,4.5,0.05,-0.06,0.01
-0.42,-0.63,4.52,0.04,-0.05,0.01
-0.42,-0.71,4.5,0.03,-0.04,0.01
-0.4,-0.77,4.33,0.02,-0.04,0.01
-0.46,-0.73,4.41,0.01,-0.03,0.0
-0.44,-0.8,4.41,-0.0,-0.02,0.01
-0.48,-0.88,4.33,-0.01,-0.01,0.01
-0.54,-0.9,4.39,-0.01,-0.01,0.01
-0.56,-0.96,4.42,-0.01,-0.0,0.01
-0.54,-0.98,4.44,-0.0,-0.0,0.01
-0.57,-1.05,4.37,-0.0,0.0,0.01
-0.67,-1.0,4.41,0.0,0.0,0.01
-0.71,-1.03,4.44,0.01,-0.0,0.02
-0.71,-1.03,4.41,0.02,-0.0,0.02
-0.67,-1.0,4.48,0.03,-0.0,0.02
-0.75,-0.9,4.35,0.04,-0.0,0.03
-0.75,-0.88,4.56,0.04,-0.0,0.03
-0.75,-0.9,4.44,0.05,-0.01,0.03
-0.8,-0.9,4.44,0.05,-0.01,0.03
-0.77,-0.84,4.44,0.05,-0.01,0.03
-0.75,-0.79,4.46,0.05,-0.01,0.03
-0.73,-0.77,4.41,0.05,-0.02,0.03
-0.71,-0.73,4.52,0.04,-0.02,0.03
-0.67,-0.71,4.37,0.04,-0.02,0.03
-0.71,-0.65,4.42,0.04,-0.02,0.03
-0.63,-0.69,4.46,0.04,-0.02,0.03
-0.57,-0.69,4.46,0.03,-0.02,0.03
-0.59,-0.69,4.48,0.03,-0.02,0.03
-0.5,-0.71,4.44,0.03,-0.02,0.02
-0.5,-0.69,4.46,0.02,-0.01,0.03
-0.5,-0.71,4.46,0.02,-0.01,0.02
-0.48,-0.73,4.39,0.01,-0.01,0.02
-0.42,-0.75,4.39,0.01,-0.0,0.02
-0.46,-0.77,4.44,0.0,-0.0,0.02
-0.42,-0.75,4.52,-0.0,0.0,0.02
-0.4,-0.77,4.52,-0.0,0.0,0.02
-0.33,-0.75,4.58,-0.0,0.01,0.02
-0.38,-0.8,4.58,0.0,0.01,0.02
-0.38,-0.75,4.6,0.0,0.01,0.02
-0.36,-0.79,4.64,0.01,0.01,0.02
-0.36,-0.71,4.62,0.01,0.01,0.02
-0.31,-0.63,4.65,0.01,0.01,0.02
-0.34,-0.65,4.6,0.01,0.02,0.01
-0.31,-0.63,4.6,0.01,0.02,0.01
-0.33,-0.63,4.58,0.01,0.02,0.01
-0.36,-0.65,4.54,0.01,0.02,0.01
-0.27,-0.63,4.54,0.01,0.02,0.01
-0.33,-0.61,4.5,0.0,0.02,0.01
-0.36,-0.59,4.54,0.0,0.02,0.01
-0.33,-0.65,4.5,-0.0,0.03,0.01
-0.36,-0.69,4.56,-0.01,0.03,0.01
-0.34,-0.65,4.48,-0.01,0.03,0.01
-0.42,-0.69,4.5,-0.01,0.03,0.01
-0.4,-0.73,4.46,-0.01,0.03,0.01
-0.4,-0.75,4.44,-0.02,0.03,0.01
-0.44,-0.77,4.52,-0.02,0.03,0.01
-0.4,-0.75,4.6,-0.02,0.03,0.01
-0.42,-0.79,4.48,-0.02,0.03,0.01
-0.48,-0.82,4.58,-0.03,0.03,0.01
-0.44,-0.8,4.54,-0.03,0.03,0.01
-0.48,-0.79,4.58,-0.02,0.03,0.01
-0.52,-0.79,4.5,-0.02,0.03,0.01
-0.54,-0.69,4.5,-0.02,0.03,0.01
-0.5,-0.75,4.5,-0.01,0.03,0.03
-0.5,-0.77,4.54,-0.01,0.03,0.03
-0.56,-0.79,4.5,-0.02,0.03,0.02
-0.54,-0.79,4.52,-0.02,0.03,0.02
-0.54,-0.77,4.52,-0.02,0.03,0.01
-0.52,-0.77,4.48,-0.02,0.03,0.01
-0.5,-0.82,4.52,-0.01,0.03,0.01
-0.56,-0.79,4.5,-0.01,0.03,0.01
-0.46,-0.73,4.41,-0.02,0.03,0.01
-0.48,-0.75,4.46,-0.02,0.03,0.01
-0.54,-0.73,4.54,-0.02,0.03,0.01
-0.44,-0.75,4.42,-0.02,0.03,0.01
-0.5,-0.75,4.44,-0.03,0.03,0.01
-0.46,-0.8,4.46,-0.03,0.03,0.01
-0.48,-0.8,4.42,-0.03,0.03,0.01
-0.48,-0.73,4.52,-0.03,0.03,0.01
-0.52,-0.75,4.44,-0.03,0.03,0.01
-0.5,-0.77,4.42,-0.03,0.03,0.01
-0.46,-0.75,4.52,-0.03,0.03,0.01
-0.44,-0.79,4.5,-0.03,0.03,0.01
-0.42,-0.8,4.44,-0.03,0.03,0.01
-0.54,-0.77,4.48,-0.02,0.03,0.01
-0.54,-0.77,4.44,-0.02,0.03,0.01
-0.5,-0.79,4.42,-0.02,0.03,0.01
-0.52,-0.77,4.46,-0.02,0.03,0.01
-0.5,-0.75,4.54,-0.02,0.03,0.01
-0.52,-0.75,4.44,-0.02,0.03,0.01
-0.5,-0.8,4.48,-0.02,0.03,0.01
-0.5,-0.77,4.41,-0.02,0.03,0.01
-0.5,-0.82,4.5,-0.02,0.04,0.01
-0.54,-0.75,4.52,-0.02,0.04,0.01
-0.59,-0.79,4.52,-0.02,0.04,0.01
-0.54,-0.77,4.52,-0.03,0.04,0.01
-0.56,-0.79,4.62,-0.03,0.04,0.01
-0.59,-0.8,4.52,-0.03,0.04,0.01
-0.48,-0.88,4.48,-0.03,0.04,0.01
-0.52,-0.84,4.5,-0.03,0.04,0.01
-0.5,-0.84,4.46,-0.02,0.04,0.0
-0.54,-0.84,4.48,-0.02,0.04,0.0
-0.48,-0.84,4.42,-0.01,0.05,0.0
-0.56,-0.82,4.37,-0.0,0.04,0.0
-0.59,-0.79,4.41,0.0,0.04,0.0
-0.52,-0.82,4.39,0.0,0.04,0.0
-0.57,-0.8,4.39,0.01,0.03,0.0
-0.56,-0.8,4.44,0.01,0.03,0.0
-0.54,-0.79,4.44,0.01,0.03,0.0
-0.57,-0.8,4.48,0.02,0.03,0.0
-0.56,-0.73,4.41,0.02,0.03,0.0
-0.54,-0.77,4.41,0.01,0.03,0.0
-0.57,-0.67,4.44,0.01,0.02,0.0
-0.56,-0.73,4.46,0.01,0.02,0.0
-0.48,-0.73,4.44,0.01,0.02,0.0
-0.5,-0.73,4.46,0.0,0.02,0.0
-0.46,-0.79,4.56,0.0,0.03,0.0
-0.48,-0.73,4.48,0.0,0.03,0.0
-0.52,-0.79,4.46,0.0,0.03,-0.0
-0.5,-0.79,4.5,0.0,0.03,0.0
-0.5,-0.75,4.42,0.0,0.03,-0.0
-0.52,-0.75,4.52,0.01,0.03,0.0
-0.57,-0.79,4.46,0.01,0.03,-0.0
-0.5,-0.77,4.5,0.01,0.03,0.0
-0.48,-0.82,4.5,0.01,0.03,0.0
-0.48,-0.82,4.52,0.01,0.03,0.0
-0.56,-0.77,4.44,0.01,0.03,0.0
-0.5,-0.77,4.48,0.01,0.03,0.0
-0.48,-0.79,4.46,0.01,0.03,0.0
-0.5,-0.75,4.48,0.01,0.03,0.0
-0.5,-0.79,4.46,0.01,0.02,0.0
-0.5,-0.8,4.48,0.01,0.02,0.0
-0.52,-0.75,4.46,0.01,0.02,0.0
-0.48,-0.77,4.44,0.01,0.02,-0.0
-0.56,-0.73,4.54,0.01,0.02,-0.0
-0.52,-0.71,4.39,0.01,0.03,-0.0
-0.5,-0.77,4.73,0.01,0.03,-0.0
-0.52,-0.79,4.5,0.01,0.03,-0.0
-0.52,-0.73,4.5,0.01,0.03,-0.0
-0.5,-0.79,4.56,0.01,0.03,-0.0
-0.56,-0.75,4.5,0.02,0.03,-0.0
-0.46,-0.75,4.46,0.02,0.03,-0.0
-0.52,-0.73,4.5,0.02,0.03,-0.0
-0.5,-0.73,4.48,0.02,0.02,-0.0
-0.46,-0.71,4.48,0.02,0.02,-0.0
-0.46,-0.71,4.5,0.01,0.02,-0.0
-0.5,-0.71,4.52,0.01,0.02,-0.0
-0.48,-0.67,4.48,0.01,0.02,-0.0
-0.48,-0.69,4.46,0.01,0.02,-0.0
-0.48,-0.73,4.52,0.0,0.02,-0.0
-0.5,-0.79,4.56,-0.0,0.02,-0.0
-0.52,-0.79,4.48,-0.0,0.02,-0.0
-0.46,-0.8,4.58,-0.01,0.02,-0.0
-0.5,-0.73,4.54,-0.01,0.02,-0.0
-0.56,-0.77,4.5,-0.0,0.02,-0.0
-0.44,-0.79,4.48,-0.0,0.02,-0.0
-0.48,-0.77,4.5,0.0,0.03,-0.0
-0.46,-0.79,4.58,0.0,0.03,-0.0
-0.52,-0.75,4.5,0.01,0.03,-0.0
-0.44,-0.79,4.48,0.01,0.03,-0.0
-0.5,-0.75,4.48,0.01,0.03,-0.0
-0.48,-0.77,4.48,0.01,0.03,-0.0
-0.52,-0.71,4.46,0.01,0.03,-0.0
-0.46,-0.73,4.54,0.01,0.03,-0.0
-0.48,-0.79,4.5,0.01,0.03,-0.0
-0.5,-0.73,4.54,0.01,0.03,-0.0
-0.5,-0.69,4.5,0.01,0.03,-0.0
-0.48,-0.73,4.52,0.01,0.03,-0.0
-0.46,-0.67,4.41,0.01,0.03,-0.0
-0.46,-0.75,4.56,0.01,0.03,-0.0
-0.4,-0.73,4.5,0.01,0.03,-0.0
-0.48,-0.75,4.48,0.0,0.03,-0.0
-0.44,-0.73,4.46,0.01,0.03,-0.0
-0.5,-0.73,4.54,0.01,0.03,-0.0
-0.5,-0.71,4.5,0.01,0.03,-0.0
-0.44,-0.73,4.52,0.01,0.03,-0.0
-0.48,-0.69,4.44,0.01,0.03,-0.0
-0.46,-0.67,4.46,0.01,0.03,-0.0
-0.52,-0.73,4.46,0.01,0.03,-0.0
-0.52,-0.69,4.46,0.0,0.03,-0.0
-0.52,-0.69,4.46,0.0,0.03,-0.0
-0.48,-0.75,4.44,-0.0,0.03,-0.0
-0.54,-0.67,4.52,-0.0,0.03,-0.0
-0.5,-0.73,4.5,-0.01,0.03,-0.0
-0.52,-0.67,4.54,-0.01,0.03,-0.0
-0.5,-0.67,4.54,-0.01,0.03,-0.0
-0.46,-0.73,4.46,-0.01,0.03,-0.0
-0.46,-0.79,4.5,-0.01,0.03,-0.0
-0.5,-0.71,4.62,-0.0,0.03,-0.0
-0.54,-0.69,4.42,-0.0,0.03,-0.0
-0.46,-0.73,4.52,0.0,0.03,-0.0
-0.48,-0.69,4.58,0.0,0.03,-0.0
-0.52,-0.71,4.48,0.01,0.03,-0.0
-0.48,-0.67,4.52,0.01,0.03,-0.0
-0.44,-0.71,4.5,0.01,0.03,-0.0
-0.48,-0.65,4.46,0.01,0.03,-0.0
-0.54,-0.63,4.42,0.01,0.03,-0.0
-0.54,-0.67,4.42,0.01,0.03,-0.0
-0.44,-0.71,4.46,0.01,0.03,-0.0
-0.52,-0.71,4.44,0.01,0.03,-0.0
-0.48,-0.77,4.48,0.01,0.03,-0.0
-0.52,-0.65,4.5,0.0,0.03,-0.0
-0.46,-0.71,4.46,0.0,0.03,-0.0
-0.5,-0.71,4.52,0.0,0.03,-0.0
-0.44,-0.75,4.48,0.0,0.03,-0.0
-0.48,-0.67,4.46,0.01,0.03,-0.0
-0.48,-0.73,4.46,0.01,0.03,0.0
-0.46,-0.69,4.48,0.01,0.03,-0.0
-0.42,-0.79,4.5,0.01,0.03,-0.0
-0.5,-0.69,4.48,0.01,0.03,-0.0
-0.5,-0.71,4.44,0.01,0.03,0.0
-0.46,-0.71,4.44,0.01,0.03,-0.0
-0.42,-0.73,4.46,0.01,0.03,-0.0
-0.52,-0.67,4.48,0.01,0.03,-0.0
-0.52,-0.71,4.44,0.0,0.03,0.0
-0.52,-0.69,4.58,0.0,0.03,-0.0
-0.5,-0.71,4.56,0.0,0.03,-0.0
-0.54,-0.71,4.54,0.0,0.03,-0.0
-0.54,-0.67,4.56,0.0,0.03,-0.0
-0.56,-0.65,4.52,0.0,0.03,-0.0
-0.54,-0.63,4.5,0.0,0.03,0.0
-0.52,-0.59,4.5,0.0,0.03,-0.0
-0.48,-0.67,4.48,0.0,0.03,0.0
-0.5,-0.63,4.52,-0.0,0.03,-0.0
-0.46,-0.69,4.52,-0.0,0.03,0.0
-0.5,-0.71,4.56,-0.0,0.03,-0.0
-0.52,-0.65,4.5,-0.0,0.03,0.0
-0.48,-0.67,4.42,-0.01,0.03,-0.0
-0.5,-0.65,4.52,-0.01,0.03,0.0
-0.57,-0.65,4.52,-0.01,0.03,-0.0
-0.5,-0.71,4.54,-0.01,0.03,0.0
-0.5,-0.67,4.54,-0.01,0.03,-0.0
-0.44,-0.61,4.48,-0.01,0.03,-0.0
-0.52,-0.67,4.48,-0.01,0.03,-0.0
-0.48,-0.69,4.52,-0.01,0.03,-0.0
-0.48,-0.67,4.48,-0.01,0.03,-0.0
-0.44,-0.71,4.6,-0.02,0.03,-0.0
-0.48,-0.69,4.48,-0.02,0.03,-0.0
-0.42,-0.71,4.54,-0.02,0.03,-0.0
-0.46,-0.71,4.6,-0.02,0.03,-0.0
-0.44,-0.69,4.62,-0.03,0.04,-0.0
-0.44,-0.75,4.5,-0.03,0.04,-0.0
-0.48,-0.77,4.56,-0.03,0.04,-0.0
-0.48,-0.8,4.42,-0.03,0.04,-0.0
-0.4,-0.82,4.58,-0.03,0.04,-0.0
-0.5,-0.79,4.44,-0.02,0.05,-0.0
-0.42,-0.82,4.44,-0.01,0.05,-0.0
-0.52,-0.75,4.42,-0.0,0.05,-0.0
-0.46,-0.79,4.37,0.0,0.04,-0.0
-0.48,-0.69,4.41,0.01,0.04,-0.0
-0.56,-0.65,4.37,0.01,0.04,-0.0
-0.5,-0.69,4.46,0.02,0.03,-0.0
-0.48,-0.71,4.37,0.02,0.03,0.0
-0.52,-0.67,4.42,0.02,0.03,0.0
-0.52,-0.65,4.54,0.03,0.03,0.0
-0.5,-0.69,4.46,0.03,0.03,0.0
-0.5,-0.67,4.54,0.03,0.03,0.0
-0.48,-0.67,4.48,0.02,0.03,0.0
-0.48,-0.63,4.48,0.02,0.03,0.0
-0.48,-0.71,4.54,0.02,0.03,0.0
-0.44,-0.59,4.48,0.02,0.03,0.0
-0.46,-0.65,4.48,0.02,0.03,-0.0
-0.44,-0.65,4.52,0.02,0.03,0.0
-0.46,-0.65,4.52,0.02,0.03,-0.0
-0.48,-0.63,4.58,0.01,0.03,0.0
-0.48,-0.63,4.64,0.01,0.03,-0.0
-0.48,-0.61,4.48,0.01,0.03,0.0
-0.52,-0.59,4.54,0.01,0.03,-0.0
-0.48,-0.59,4.54,0.0,0.03,0.0
-0.48,-0.71,4.48,0.0,0.03,-0.0
-0.54,-0.59,4.42,-0.0,0.03,0.0
-0.48,-0.69,4.44,-0.0,0.03,-0.0
-0.52,-0.67,4.5,-0.0,0.03,0.0
-0.52,-0.71,4.5,-0.01,0.03,-0.0
-0.48,-0.67,4.42,-0.01,0.03,-0.0
-0.48,-0.65,4.46,-0.0,0.03,-0.0
-0.48,-0.69,4.5,-0.0,0.03,-0.0
-0.48,-0.73,4.54,0.0,0.03,-0.0
-0.54,-0.73,4.5,0.0,0.03,-0.0
-0.52,-0.71,4.46,0.0,0.03,-0.0
-0.52,-0.69,4.6,0.01,0.03,-0.0
-0.44,-0.69,4.56,0.01,0.03,-0.0
-0.46,-0.67,4.54,0.01,0.03,0.0
-0.46,-0.67,4.52,0.01,0.03,-0.0
-0.48,-0.65,4.48,0.01,0.03,0.0
-0.46,-0.69,4.54,0.01,0.03,-0.0
-0.46,-0.61,4.56,0.01,0.03,0.0
-0.44,-0.65,4.54,0.01,0.03,-0.0
-0.48,-0.65,4.46,0.0,0.03,0.0
-0.44,-0.67,4.44,0.0,0.03,-0.0
-0.46,-0.67,4.48,0.0,0.03,-0.0
-0.52,-0.57,4.5,0.0,0.03,-0.0
-0.5,-0.61,4.44,0.0,0.03,-0.0
-0.5,-0.63,4.48,0.0,0.03,-0.0
-0.46,-0.65,4.5,0.0,0.03,-0.0
-0.48,-0.63,4.48,-0.0,0.03,-0.0
-0.42,-0.63,4.48,-0.0,0.03,-0.0
-0.44,-0.63,4.52,-0.0,0.03,-0.0
-0.44,-0.65,4.5,-0.01,0.03,-0.0
-0.5,-0.67,4.48,-0.01,0.03,-0.0
-0.46,-0.69,4.46,-0.01,0.03,-0.0
-0.46,-0.67,4.52,-0.01,0.03,-0.0
-0.48,-0.69,4.5,-0.01,0.03,-0.0
-0.44,-0.73,4.5,-0.01,0.03,-0.0
-0.46,-0.65,4.5,-0.0,0.03,-0.0
-0.44,-0.71,4.44,-0.0,0.03,-0.0
-0.46,-0.63,4.44,0.0,0.03,0.0
-0.46,-0.65,4.44,0.0,0.03,-0.0
-0.5,-0.63,4.54,0.01,0.03,0.0
-0.5,-0.69,4.52,0.01,0.03,-0.0
-0.46,-0.69,4.56,0.01,0.03,0.0
-0.44,-0.65,4.58,0.01,0.03,0.0
-0.5,-0.63,4.5,0.01,0.03,0.0
-0.48,-0.61,4.54,0.0,0.03,0.0
-0.5,-0.67,4.5,0.0,0.03,0.0
-0.46,-0.61,4.58,0.0,0.03,0.0
-0.44,-0.69,4.54,0.0,0.03,0.0
-0.5,-0.67,4.54,0.0,0.03,0.0
-0.52,-0.63,4.5,0.0,0.03,0.0
-0.48,-0.69,4.6,0.0,0.03,0.0
-0.48,-0.67,4.5,-0.0,0.03,0.0
-0.44,-0.65,4.6,0.0,0.03,-0.0
-0.52,-0.69,4.46,-0.0,0.03,0.0
-0.52,-0.57,4.48,-0.0,0.03,-0.0
-0.46,-0.65,4.5,-0.0,0.03,-0.0
-0.46,-0.65,4.42,-0.01,0.03,-0.0
-0.5,-0.57,4.56,-0.01,0.03,-0.0
-0.5,-0.63,4.58,-0.01,0.03,-0.0
-0.48,-0.65,4.52,-0.01,0.03,0.0
-0.44,-0.67,4.44,-0.01,0.03,-0.0
-0.46,-0.67,4.52,-0.01,0.03,0.0
-0.48,-0.67,4.48,-0.01,0.03,-0.0
-0.4,-0.69,4.48,-0.01,0.03,-0.0
-0.48,-0.67,4.52,-0.01,0.03,-0.0
-0.44,-0.61,4.44,-0.01,0.03,-0.0
-0.42,-0.67,4.54,-0.01,0.03,-0.0
-0.44,-0.67,4.54,-0.0,0.03,-0.0
-0.48,-0.63,4.52,-0.0,0.03,-0.0
-0.46,-0.67,4.44,-0.0,0.03,0.0
-0.44,-0.63,4.52,0.0,0.03,-0.0
-0.48,-0.63,4.52,0.0,0.03,0.0
-0.5,-0.57,4.56,0.0,0.03,0.0
-0.46,-0.61,4.48,0.0,0.03,0.0
-0.48,-0.63,4.6,0.0,0.03,-0.0
-0.44,-0.69,4.42,0.0,0.03,-0.0
-0.5,-0.61,4.48,0.0,0.03,-0.0
-0.46,-0.65,4.56,-0.0,0.03,0.0
-0.46,-0.63,4.5,-0.0,0.03,-0.0
-0.5,-0.65,4.54,-0.0,0.03,0.0
-0.52,-0.63,4.52,-0.0,0.03,-0.0
-0.44,-0.63,4.46,-0.0,0.03,0.0
-0.52,-0.61,4.56,-0.0,0.03,-0.0
-0.44,-0.65,4.64,-0.0,0.03,-0.0
-0.44,-0.67,4.46,-0.0,0.03,-0.0
-0.42,-0.67,4.6,-0.0,0.03,0.0
-0.52,-0.65,4.46,-0.0,0.03,-0.0
-0.5,-0.61,4.52,-0.0,0.03,0.0
-0.48,-0.59,4.48,-0.0,0.03,0.0
-0.44,-0.61,4.52,-0.0,0.03,0.0
-0.5,-0.61,4.5,-0.0,0.03,0.0
-0.5,-0.59,4.52,-0.0,0.03,0.0
-0.46,-0.65,4.48,-0.0,0.03,0.0
-0.54,-0.67,4.44,-0.0,0.03,0.0
-0.44,-0.65,4.54,-0.01,0.03,0.0
-0.46,-0.59,4.52,-0.01,0.03,0.0
-0.42,-0.67,4.44,-0.01,0.03,0.0
-0.48,-0.63,4.58,-0.01,0.03,0.0
-0.44,-0.63,4.52,-0.01,0.03,-0.0
-0.5,-0.65,4.44,-0.01,0.03,0.0
-0.48,-0.67,4.42,-0.01,0.03,-0.0
-0.46,-0.56,4.54,-0.01,0.03,-0.0
-0.4,-0.59,4.52,-0.01,0.03,0.0
-0.4,-0.63,4.52,-0.01,0.03,0.0
-0.46,-0.61,4.54,-0.01,0.03,0.0
-0.46,-0.61,4.48,-0.01,0.03,0.0
-0.46,-0.63,4.48,-0.01,0.03,0.0
-0.46,-0.63,4.48,-0.01,0.03,0.0
-0.5,-0.59,4.52,-0.01,0.03,0.0
-0.44,-0.61,4.56,-0.01,0.03,0.0
-0.44,-0.57,4.52,-0.02,0.03,0.0
-0.4,-0.63,4.58,-0.02,0.03,-0.0
-0.44,-0.61,4.5,-0.02,0.03,-0.0
-0.5,-0.56,4.46,-0.02,0.03,-0.0
-0.48,-0.61,4.54,-0.02,0.03,-0.0
-0.5,-0.65,4.5,-0.02,0.03,-0.0
-0.5,-0.57,4.52,-0.02,0.03,-0.0
-0.44,-0.63,4.52,-0.02,0.03,-0.0
-0.46,-0.56,4.48,-0.03,0.03,-0.0
-0.4,-0.67,4.54,-0.03,0.03,-0.0
-0.44,-0.69,4.58,-0.03,0.04,-0.0
-0.5,-0.69,4.6,-0.04,0.04,-0.0
-0.5,-0.65,4.54,-0.04,0.04,-0.0
-0.42,-0.69,4.52,-0.04,0.04,-0.0
-0.48,-0.75,4.46,-0.04,0.04,-0.0
-0.46,-0.77,4.52,-0.04,0.05,-0.0
-0.42,-0.71,4.56,-0.03,0.05,-0.0
-0.48,-0.73,4.42,-0.02,0.05,-0.0
-0.44,-0.79,4.35,-0.01,0.05,-0.0
-0.48,-0.73,4.41,-0.0,0.05,-0.0
-0.48,-0.71,4.44,0.01,0.05,-0.0
-0.48,-0.67,4.41,0.01,0.04,-0.0
-0.54,-0.59,4.41,0.01,0.04,0.0
-0.46,-0.63,4.48,0.02,0.04,0.0
-0.52,-0.56,4.46,0.02,0.04,0.0
-0.48,-0.63,4.48,0.01,0.04,0.0
-0.48,-0.59,4.52,0.01,0.04,0.0
-0.44,-0.65,4.48,0.01,0.03,0.0
-0.52,-0.57,4.44,0.01,0.03,0.0
-0.54,-0.57,4.58,0.0,0.03,-0.0
-0.52,-0.57,4.56,0.0,0.03,0.0
-0.48,-0.59,4.56,-0.0,0.03,-0.0
-0.42,-0.61,4.46,-0.0,0.03,0.0
-0.48,-0.57,4.62,-0.01,0.03,-0.0
-0.44,-0.57,4.58,-0.01,0.03,-0.0
-0.5,-0.59,4.52,-0.01,0.04,-0.0
-0.46,-0.61,4.54,-0.01,0.03,-0.0
-0.44,-0.61,4.5,-0.01,0.03,-0.0
-0.5,-0.59,4.5,-0.01,0.03,-0.0
-0.48,-0.63,4.46,-0.01,0.03,-0.0
-0.52,-0.69,4.42,-0.02,0.03,0.0
-0.46,-0.71,4.44,-0.02,0.03,0.0
-0.52,-0.65,4.48,-0.02,0.03,0.0
-0.54,-0.63,4.58,-0.02,0.03,-0.0
-0.5,-0.67,4.5,-0.01,0.03,-0.0
